0 0 26
0 1 26
0 2 26
0 3 26
0 4 26
0 5 26
0 6 26
0 7 26
0 8 26
0 9 26
0 10 26
0 11 26
0 12 26
0 13 26
0 14 27
0 15 28
0 16 25
0 17 28
0 18 26
0 19 26
0 20 26
0 21 26
0 22 26
0 23 25
0 24 27
0 25 26
0 26 27
0 27 26
0 28 26
0 29 26
0 30 26
0 31 26
0 32 26
0 33 26
0 34 26
0 35 26
0 36 27
0 37 27
0 38 27
0 39 27
0 40 28
0 41 26
0 42 26
0 43 26
0 44 26
0 45 26
0 46 26
0 47 26
0 48 26
0 49 26
0 50 26
0 51 26
0 52 26
0 53 26
0 54 26
0 55 26
0 56 26
0 57 26
0 58 26
0 59 26
0 60 26
0 61 26
0 62 26
0 63 26
0 64 26
0 65 26
0 66 26
0 67 26
0 68 26
0 69 26
0 70 26
0 71 26
0 72 26
0 73 26
0 74 26
0 75 26
0 76 26
0 77 26
0 78 26
0 79 26
0 80 26
0 81 26
0 82 26
0 83 26
0 84 26
0 85 26
0 86 26
0 87 26
0 88 26
0 89 26
0 90 26
0 91 26
0 92 26
0 93 26
0 94 26
0 95 26
0 96 26
0 97 26
0 98 26
0 99 28
0 100 26
0 101 26
0 102 26
0 103 26
0 104 26
0 105 26
0 106 26
0 107 26
0 108 26
0 109 26
0 110 26
0 111 26
0 112 26
0 113 26
0 114 26
0 115 26
0 116 26
0 117 26
0 118 25
0 119 27
0 120 26
0 121 26
0 122 26
0 123 26
0 124 26
0 125 26
0 126 26
0 127 26
0 128 26
0 129 26
0 130 27
0 131 27
0 132 27
0 133 28
0 134 26
0 135 26
0 136 27
0 137 26
0 138 27
0 139 27
0 140 26
0 141 26
0 142 26
0 143 26
0 144 26
0 145 26
0 146 26
0 147 26
0 148 26
0 149 26
0 150 26
0 151 26
0 152 26
0 153 26
0 154 26
0 155 26
0 156 26
0 157 26
0 158 26
0 159 26
0 160 26
0 161 26
0 162 26
0 163 26
0 164 26
0 165 26
0 166 26
0 167 26
0 168 26
0 169 26
0 170 26
0 171 26
0 172 26
0 173 26
0 174 26
0 175 26
0 176 26
0 177 26
0 178 26
0 179 26
0 180 26
0 181 26
0 182 26
0 183 26
0 184 26
0 185 26
0 186 26
0 187 26
0 188 26
0 189 26
0 190 26
0 191 26
0 192 26
0 193 26
0 194 26
0 195 26
0 196 26
0 197 26
0 198 27
0 199 28
0 200 26
0 201 26
0 202 26
0 203 26
0 204 26
0 205 26
0 206 26
0 207 26
0 208 26
0 209 26
0 210 26
0 211 26
0 212 26
0 213 26
0 214 26
0 215 26
0 216 26
0 217 26
0 218 26
0 219 27
0 220 26
0 221 26
0 222 26
0 223 26
0 224 26
0 225 26
0 226 26
0 227 26
0 228 26
0 229 26
0 230 26
0 231 26
0 232 26
0 233 26
0 234 26
0 235 26
0 236 26
0 237 26
0 238 27
0 239 28
0 240 26
0 241 26
0 242 26
0 243 26
0 244 26
0 245 26
0 246 26
0 247 26
0 248 26
0 249 26
0 250 26
0 251 26
0 252 26
0 253 26
0 254 26
0 255 26
0 256 26
0 257 26
0 258 26
0 259 27
0 260 26
0 261 26
0 262 26
0 263 26
0 264 26
0 265 26
0 266 26
0 267 26
0 268 26
0 269 26
0 270 26
0 271 26
0 272 26
0 273 26
0 274 26
0 275 26
0 276 26
0 277 26
0 278 26
0 279 26
0 280 26
0 281 26
0 282 26
0 283 26
0 284 26
0 285 26
0 286 26
0 287 26
0 288 26
0 289 26
0 290 26
0 291 26
0 292 26
0 293 26
0 294 26
0 295 26
0 296 26
0 297 26
0 298 26
0 299 27
0 300 26
0 301 26
0 302 26
0 303 26
0 304 26
0 305 26
0 306 26
0 307 26
0 308 26
0 309 26
0 310 26
0 311 26
0 312 26
0 313 26
0 314 26
0 315 26
0 316 26
0 317 26
0 318 27
0 319 27
0 320 26
0 321 26
0 322 26
0 323 26
0 324 26
0 325 26
0 326 26
0 327 26
0 328 26
0 329 26
0 330 26
0 331 26
0 332 26
0 333 26
0 334 26
0 335 26
0 336 26
0 337 26
0 338 27
0 339 28
0 340 26
0 341 26
0 342 26
0 343 26
0 344 26
0 345 26
0 346 26
0 347 26
0 348 26
0 349 26
0 350 26
0 351 26
0 352 26
0 353 26
0 354 26
0 355 26
0 356 26
0 357 26
0 358 26
0 359 26
0 360 26
0 361 26
0 362 26
0 363 26
0 364 26
0 365 26
0 366 26
0 367 26
0 368 26
0 369 26
0 370 26
0 371 26
0 372 26
0 373 26
0 374 26
0 375 26
0 376 26
0 377 26
0 378 26
0 379 26
0 380 26
0 381 26
0 382 26
0 383 26
0 384 26
0 385 26
0 386 26
0 387 26
0 388 26
0 389 27
0 390 26
0 391 26
0 392 26
0 393 26
0 394 26
0 395 26
0 396 26
0 397 26
0 398 27
0 399 27
0 400 26
0 401 26
0 402 26
0 403 26
0 404 26
0 405 26
0 406 26
0 407 26
0 408 26
0 409 26
0 410 28
0 411 27
0 412 26
0 413 26
0 414 26
0 415 26
0 416 28
0 417 26
0 418 27
0 419 27
0 420 26
0 421 28
0 422 26
0 423 26
0 424 26
0 425 26
0 426 26
0 427 26
0 428 26
0 429 27
0 430 26
0 431 27
0 432 26
0 433 26
0 434 26
0 435 26
0 436 26
0 437 26
0 438 25
0 439 27
0 440 26
0 441 26
0 442 26
0 443 26
0 444 26
0 445 26
0 446 26
0 447 26
0 448 26
0 449 26
0 450 26
0 451 26
0 452 26
0 453 26
0 454 26
0 455 26
0 456 26
0 457 26
0 458 26
0 459 26
0 460 26
0 461 26
0 462 26
0 463 26
0 464 26
0 465 26
0 466 26
0 467 26
0 468 26
0 469 26
0 470 26
0 471 26
0 472 26
0 473 26
0 474 26
0 475 26
0 476 26
0 477 26
0 478 26
0 479 26
0 480 26
0 481 26
0 482 26
0 483 26
0 484 26
0 485 26
0 486 26
0 487 26
0 488 26
0 489 26
0 490 26
0 491 26
0 492 26
0 493 26
0 494 26
0 495 26
0 496 26
0 497 26
0 498 27
0 499 27
0 500 26
0 501 26
0 502 26
0 503 26
0 504 26
0 505 26
0 506 26
0 507 26
0 508 26
0 509 26
0 510 26
0 511 26
0 512 26
0 513 26
0 514 26
0 515 26
0 516 27
0 517 28
0 518 27
0 519 27
0 520 26
0 521 26
0 522 26
0 523 26
0 524 26
0 525 26
0 526 26
0 527 26
0 528 26
0 529 26
0 530 28
0 531 28
0 532 26
0 533 26
0 534 26
0 535 26
0 536 26
0 537 26
0 538 26
0 539 28
0 540 26
0 541 26
0 542 26
0 543 26
0 544 26
0 545 26
0 546 26
0 547 26
0 548 26
0 549 26
0 550 26
0 551 26
0 552 26
0 553 26
0 554 26
0 555 26
0 556 26
0 557 26
0 558 26
0 559 26
0 560 26
0 561 26
0 562 26
0 563 26
0 564 26
0 565 26
0 566 26
0 567 26
0 568 26
0 569 26
0 570 26
0 571 26
0 572 26
0 573 26
0 574 26
0 575 26
0 576 26
0 577 26
0 578 26
0 579 28
0 580 26
0 581 26
0 582 26
0 583 26
0 584 26
0 585 26
0 586 26
0 587 26
0 588 26
0 589 26
0 590 26
0 591 26
0 592 26
0 593 26
0 594 26
0 595 26
0 596 28
0 597 26
0 598 27
0 599 27
0 600 26
0 601 27
0 602 26
0 603 26
0 604 26
0 605 26
0 606 26
0 607 26
0 608 26
0 609 26
0 610 28
0 611 28
0 612 28
0 613 26
0 614 26
0 615 26
0 616 27
0 617 26
0 618 27
0 619 27
0 620 26
0 621 26
0 622 26
0 623 26
0 624 26
0 625 26
0 626 26
0 627 26
0 628 26
0 629 28
0 630 27
0 631 27
0 632 26
0 633 26
0 634 26
0 635 26
0 636 26
0 637 26
0 638 25
0 639 28
0 640 26
0 641 26
0 642 26
0 643 26
0 644 26
0 645 26
0 646 26
0 647 26
0 648 26
0 649 26
0 650 26
0 651 26
0 652 26
0 653 26
0 654 26
0 655 26
0 656 26
0 657 26
0 658 26
0 659 26
0 660 26
0 661 26
0 662 26
0 663 26
0 664 26
0 665 26
0 666 26
0 667 26
0 668 26
0 669 26
0 670 26
0 671 26
0 672 26
0 673 26
0 674 26
0 675 26
0 676 26
0 677 26
0 678 26
0 679 28
0 680 26
0 681 26
0 682 26
0 683 26
0 684 26
0 685 26
0 686 26
0 687 26
0 688 26
0 689 26
0 690 26
0 691 26
0 692 26
0 693 26
0 694 26
0 695 26
0 696 26
0 697 26
0 698 27
0 699 27
0 700 27
0 701 27
0 702 26
0 703 26
0 704 26
0 705 26
0 706 26
0 707 26
0 708 27
0 709 27
0 710 27
0 711 27
0 712 27
0 713 26
0 714 26
0 715 26
0 716 27
0 717 26
0 718 27
0 719 27
0 720 26
0 721 27
0 722 26
0 723 26
0 724 26
0 725 26
0 726 26
0 727 26
0 728 26
0 729 26
0 730 26
0 731 26
0 732 26
0 733 26
0 734 26
0 735 26
0 736 26
0 737 26
0 738 27
0 739 28
0 740 26
0 741 26
0 742 26
0 743 26
0 744 26
0 745 26
0 746 26
0 747 26
0 748 26
0 749 26
0 750 26
0 751 26
0 752 26
0 753 26
0 754 26
0 755 26
0 756 26
0 757 26
0 758 26
0 759 26
0 760 26
0 761 26
0 762 26
0 763 26
0 764 26
0 765 26
0 766 26
0 767 26
0 768 26
0 769 26
0 770 26
0 771 26
0 772 26
0 773 26
0 774 26
0 775 26
0 776 26
0 777 26
0 778 26
0 779 28
0 780 26
0 781 26
0 782 26
0 783 26
0 784 26
0 785 26
0 786 26
0 787 26
0 788 26
0 789 26
0 790 26
0 791 26
0 792 26
0 793 26
0 794 26
0 795 26
0 796 26
0 797 26
0 798 27
0 799 27
0 800 26
0 801 26
0 802 26
0 803 26
0 804 26
0 805 26
0 806 26
0 807 26
0 808 26
0 809 27
0 810 28
0 811 27
0 812 28
0 813 26
0 814 26
0 815 26
0 816 26
0 817 26
0 818 27
0 819 27
0 820 26
0 821 26
0 822 26
0 823 26
0 824 26
0 825 26
0 826 26
0 827 26
0 828 26
0 829 26
0 830 26
0 831 26
0 832 26
0 833 26
0 834 26
0 835 26
0 836 26
0 837 26
0 838 25
0 839 27
0 840 26
0 841 26
0 842 26
0 843 26
0 844 26
0 845 26
0 846 26
0 847 26
0 848 26
0 849 26
0 850 26
0 851 26
0 852 26
0 853 26
0 854 26
0 855 26
0 856 26
0 857 26
0 858 26
0 859 26
0 860 26
0 861 26
0 862 26
0 863 26
0 864 26
0 865 26
0 866 26
0 867 26
0 868 26
0 869 26
0 870 26
0 871 26
0 872 26
0 873 26
0 874 26
0 875 26
0 876 26
0 877 26
0 878 27
0 879 27
0 880 26
0 881 26
0 882 26
0 883 26
0 884 26
0 885 26
0 886 26
0 887 26
0 888 26
0 889 26
0 890 26
0 891 26
0 892 26
0 893 26
0 894 26
0 895 26
0 896 26
0 897 26
0 898 27
0 899 27
0 900 26
0 901 28
0 902 26
0 903 26
0 904 26
0 905 26
0 906 26
0 907 26
0 908 26
0 909 27
0 910 27
0 911 26
0 912 26
0 913 26
0 914 26
0 915 26
0 916 27
0 917 26
0 918 27
0 919 27
0 920 26
0 921 26
0 922 26
0 923 26
0 924 26
0 925 26
0 926 26
0 927 26
0 928 26
0 929 26
0 930 26
0 931 26
0 932 26
0 933 26
0 934 26
0 935 26
0 936 26
0 937 26
0 938 26
0 939 28
0 940 26
0 941 26
0 942 26
0 943 26
0 944 26
0 945 26
0 946 26
0 947 26
0 948 26
0 949 26
0 950 26
0 951 26
0 952 26
0 953 26
0 954 26
0 955 26
0 956 26
0 957 26
0 958 26
0 959 26
0 960 26
0 961 26
0 962 26
0 963 26
0 964 26
0 965 26
0 966 26
0 967 26
0 968 26
0 969 26
0 970 26
0 971 26
0 972 26
0 973 26
0 974 26
0 975 26
0 976 26
0 977 26
0 978 26
0 979 27
0 980 26
0 981 26
0 982 26
0 983 26
0 984 26
0 985 26
0 986 26
0 987 26
0 988 26
0 989 26
0 990 26
0 991 26
0 992 26
0 993 26
0 994 26
0 995 26
0 996 27
0 997 26
0 998 27
0 999 27
0 1000 26
0 1001 27
0 1002 26
0 1003 26
0 1004 26
0 1005 26
0 1006 26
0 1007 26
0 1008 26
0 1009 26
0 1010 27
0 1011 26
0 1012 26
0 1013 26
0 1014 26
0 1015 26
0 1016 26
0 1017 26
0 1018 27
0 1019 27
0 1020 26
0 1021 26
0 1022 26
0 1023 26
0 1024 26
0 1025 26
0 1026 26
0 1027 26
0 1028 26
0 1029 28
0 1030 27
0 1031 27
0 1032 26
0 1033 26
0 1034 26
0 1035 26
0 1036 26
0 1037 26
0 1038 26
0 1039 28
0 1040 26
0 1041 26
0 1042 26
0 1043 26
0 1044 26
0 1045 26
0 1046 26
0 1047 26
0 1048 26
0 1049 26
0 1050 26
0 1051 26
0 1052 26
0 1053 26
0 1054 26
0 1055 26
0 1056 26
0 1057 26
0 1058 26
0 1059 26
0 1060 26
0 1061 26
0 1062 26
0 1063 26
0 1064 26
0 1065 26
0 1066 26
0 1067 26
0 1068 26
0 1069 26
0 1070 26
0 1071 26
0 1072 26
0 1073 26
0 1074 26
0 1075 26
0 1076 26
0 1077 26
0 1078 26
0 1079 27
0 1080 26
0 1081 26
0 1082 26
0 1083 26
0 1084 26
0 1085 26
0 1086 26
0 1087 26
0 1088 26
0 1089 26
0 1090 28
0 1091 28
0 1092 28
0 1093 26
0 1094 26
0 1095 26
0 1096 28
0 1097 26
0 1098 27
0 1099 28
0 1100 26
0 1101 28
0 1102 26
0 1103 26
0 1104 26
0 1105 26
0 1106 26
0 1107 26
0 1108 26
0 1109 27
0 1110 28
0 1111 26
0 1112 26
0 1113 26
0 1114 26
0 1115 26
0 1116 26
0 1117 26
0 1118 27
0 1119 27
0 1120 26
0 1121 26
0 1122 26
0 1123 26
0 1124 26
0 1125 26
0 1126 26
0 1127 26
0 1128 26
0 1129 26
0 1130 26
0 1131 26
0 1132 26
0 1133 26
0 1134 26
0 1135 26
0 1136 26
0 1137 26
0 1138 26
0 1139 28
0 1140 26
0 1141 26
0 1142 26
0 1143 26
0 1144 26
0 1145 26
0 1146 26
0 1147 26
0 1148 26
0 1149 26
0 1150 26
0 1151 26
0 1152 26
0 1153 26
0 1154 26
0 1155 26
0 1156 26
0 1157 26
0 1158 26
0 1159 28
0 1160 26
0 1161 26
0 1162 26
0 1163 26
0 1164 26
0 1165 26
0 1166 26
0 1167 26
0 1168 26
0 1169 26
0 1170 26
0 1171 26
0 1172 26
0 1173 26
0 1174 26
0 1175 26
0 1176 26
0 1177 26
0 1178 26
0 1179 28
0 1180 26
0 1181 26
0 1182 26
0 1183 26
0 1184 26
0 1185 26
0 1186 26
0 1187 26
0 1188 26
0 1189 28
0 1190 27
0 1191 28
0 1192 26
0 1193 26
0 1194 26
0 1195 26
0 1196 26
0 1197 26
0 1198 26
0 1199 27
0 1200 26
0 1201 26
0 1202 26
0 1203 26
0 1204 26
0 1205 26
0 1206 26
0 1207 26
0 1208 26
0 1209 26
0 1210 26
0 1211 26
0 1212 26
0 1213 26
0 1214 26
0 1215 26
0 1216 26
0 1217 26
0 1218 27
0 1219 27
0 1220 26
0 1221 26
0 1222 26
0 1223 26
0 1224 26
0 1225 26
0 1226 26
0 1227 26
0 1228 26
0 1229 26
0 1230 26
0 1231 26
0 1232 26
0 1233 26
0 1234 26
0 1235 26
0 1236 26
0 1237 26
0 1238 26
0 1239 26
0 1240 26
0 1241 26
0 1242 26
0 1243 26
0 1244 26
0 1245 26
0 1246 26
0 1247 26
0 1248 26
0 1249 26
0 1250 26
0 1251 26
0 1252 26
0 1253 26
0 1254 26
0 1255 26
0 1256 26
0 1257 26
0 1258 26
0 1259 26
0 1260 26
0 1261 26
0 1262 26
0 1263 26
0 1264 26
0 1265 26
0 1266 26
0 1267 26
0 1268 26
0 1269 26
0 1270 26
0 1271 26
0 1272 26
0 1273 26
0 1274 26
0 1275 26
0 1276 26
0 1277 26
0 1278 27
0 1279 28
0 1280 26
0 1281 26
0 1282 26
0 1283 26
0 1284 26
0 1285 26
0 1286 26
0 1287 26
0 1288 26
0 1289 27
0 1290 28
0 1291 28
0 1292 28
0 1293 26
0 1294 26
0 1295 26
0 1296 28
0 1297 26
0 1298 27
0 1299 27
0 1300 26
0 1301 28
0 1302 26
0 1303 26
0 1304 26
0 1305 26
0 1306 26
0 1307 26
0 1308 26
0 1309 26
0 1310 28
0 1311 26
0 1312 26
0 1313 26
0 1314 26
0 1315 26
0 1316 27
0 1317 26
0 1318 27
0 1319 28
0 1320 26
0 1321 26
0 1322 26
0 1323 26
0 1324 26
0 1325 26
0 1326 26
0 1327 26
0 1328 26
0 1329 26
0 1330 26
0 1331 26
0 1332 26
0 1333 26
0 1334 26
0 1335 26
0 1336 26
0 1337 26
0 1338 26
0 1339 26
0 1340 26
0 1341 26
0 1342 26
0 1343 26
0 1344 26
0 1345 26
0 1346 26
0 1347 26
0 1348 26
0 1349 26
0 1350 26
0 1351 26
0 1352 26
0 1353 26
0 1354 26
0 1355 26
0 1356 26
0 1357 26
0 1358 26
0 1359 26
0 1360 26
0 1361 26
0 1362 26
0 1363 26
0 1364 26
0 1365 26
0 1366 26
0 1367 26
0 1368 26
0 1369 26
0 1370 26
0 1371 26
0 1372 26
0 1373 26
0 1374 26
0 1375 26
0 1376 26
0 1377 26
0 1378 26
0 1379 27
0 1380 26
0 1381 27
0 1382 26
0 1383 26
0 1384 26
0 1385 26
0 1386 26
0 1387 26
0 1388 26
0 1389 26
0 1390 26
0 1391 27
0 1392 26
0 1393 26
0 1394 26
0 1395 26
0 1396 27
0 1397 26
0 1398 27
0 1399 27
0 1400 26
0 1401 26
0 1402 26
0 1403 26
0 1404 26
0 1405 26
0 1406 26
0 1407 26
0 1408 26
0 1409 26
0 1410 27
0 1411 27
0 1412 27
0 1413 28
0 1414 26
0 1415 26
0 1416 27
0 1417 26
0 1418 27
0 1419 28
0 1420 26
0 1421 26
0 1422 26
0 1423 26
0 1424 26
0 1425 26
0 1426 26
0 1427 26
0 1428 26
0 1429 26
0 1430 26
0 1431 26
0 1432 26
0 1433 26
0 1434 26
0 1435 26
0 1436 26
0 1437 26
0 1438 26
0 1439 26
0 1440 26
0 1441 26
0 1442 26
0 1443 26
0 1444 26
0 1445 26
0 1446 26
0 1447 26
0 1448 26
0 1449 26
0 1450 26
0 1451 26
0 1452 26
0 1453 26
0 1454 26
0 1455 26
0 1456 26
0 1457 26
0 1458 26
0 1459 26
0 1460 26
0 1461 26
0 1462 26
0 1463 26
0 1464 26
0 1465 26
0 1466 26
0 1467 26
0 1468 26
0 1469 26
0 1470 26
0 1471 26
0 1472 26
0 1473 26
0 1474 26
0 1475 26
0 1476 26
0 1477 26
0 1478 27
0 1479 27
0 1480 26
0 1481 26
0 1482 26
0 1483 26
0 1484 26
0 1485 26
0 1486 26
0 1487 26
0 1488 26
0 1489 26
0 1490 27
0 1491 27
0 1492 27
0 1493 26
0 1494 26
0 1495 26
0 1496 27
0 1497 26
0 1498 27
0 1499 27
0 1500 26
0 1501 26
0 1502 26
0 1503 26
0 1504 26
0 1505 26
0 1506 26
0 1507 26
0 1508 26
0 1509 27
0 1510 26
0 1511 26
0 1512 26
0 1513 26
0 1514 26
0 1515 26
0 1516 26
0 1517 26
0 1518 26
0 1519 28
0 1520 26
0 1521 26
0 1522 26
0 1523 26
0 1524 26
0 1525 26
0 1526 26
0 1527 26
0 1528 26
0 1529 26
0 1530 26
0 1531 26
0 1532 26
0 1533 26
0 1534 26
0 1535 26
0 1536 26
0 1537 26
0 1538 26
0 1539 28
0 1540 26
0 1541 26
0 1542 26
0 1543 26
0 1544 26
0 1545 26
0 1546 26
0 1547 26
0 1548 26
0 1549 26
0 1550 26
0 1551 26
0 1552 26
0 1553 26
0 1554 26
0 1555 26
0 1556 26
0 1557 26
0 1558 26
0 1559 28
0 1560 26
0 1561 26
0 1562 26
0 1563 26
0 1564 26
0 1565 26
0 1566 26
0 1567 26
0 1568 26
0 1569 26
0 1570 26
0 1571 26
0 1572 26
0 1573 26
0 1574 26
0 1575 26
0 1576 26
0 1577 26
0 1578 27
0 1579 27
0 1580 26
0 1581 26
0 1582 26
0 1583 26
0 1584 26
0 1585 26
0 1586 26
0 1587 26
0 1588 26
0 1589 27
0 1590 27
0 1591 27
0 1592 26
0 1593 26
0 1594 26
0 1595 26
0 1596 26
0 1597 26
0 1598 27
0 1599 28
0 1600 26
0 1601 26
0 1602 26
0 1603 26
0 1604 26
0 1605 26
0 1606 26
0 1607 26
0 1608 26
0 1609 26
0 1610 26
0 1611 26
0 1612 26
0 1613 26
0 1614 26
0 1615 26
0 1616 26
0 1617 26
0 1618 26
0 1619 28
0 1620 26
0 1621 26
0 1622 26
0 1623 26
0 1624 26
0 1625 26
0 1626 26
0 1627 26
0 1628 26
0 1629 26
0 1630 26
0 1631 26
0 1632 26
0 1633 26
0 1634 26
0 1635 26
0 1636 26
0 1637 26
0 1638 26
0 1639 26
0 1640 26
0 1641 26
0 1642 26
0 1643 26
0 1644 26
0 1645 26
0 1646 26
0 1647 26
0 1648 26
0 1649 26
0 1650 26
0 1651 26
0 1652 26
0 1653 26
0 1654 26
0 1655 26
0 1656 26
0 1657 26
0 1658 26
0 1659 26
0 1660 26
0 1661 26
0 1662 26
0 1663 26
0 1664 26
0 1665 26
0 1666 26
0 1667 26
0 1668 26
0 1669 27
0 1670 27
0 1671 26
0 1672 26
0 1673 26
0 1674 26
0 1675 26
0 1676 27
0 1677 26
0 1678 27
0 1679 27
0 1680 26
0 1681 26
0 1682 26
0 1683 26
0 1684 26
0 1685 26
0 1686 26
0 1687 26
0 1688 26
0 1689 26
0 1690 28
0 1691 27
0 1692 26
0 1693 26
0 1694 26
0 1695 26
0 1696 26
0 1697 26
0 1698 27
0 1699 27
0 1700 26
0 1701 27
0 1702 26
0 1703 26
0 1704 26
0 1705 26
0 1706 26
0 1707 26
0 1708 26
0 1709 26
0 1710 26
0 1711 26
0 1712 26
0 1713 26
0 1714 26
0 1715 26
0 1716 26
0 1717 26
0 1718 26
0 1719 28
0 1720 26
0 1721 26
0 1722 26
0 1723 26
0 1724 26
0 1725 26
0 1726 26
0 1727 26
0 1728 26
0 1729 26
0 1730 26
0 1731 26
0 1732 26
0 1733 26
0 1734 26
0 1735 26
0 1736 26
0 1737 26
0 1738 26
0 1739 26
0 1740 26
0 1741 26
0 1742 26
0 1743 26
0 1744 26
0 1745 26
0 1746 26
0 1747 26
0 1748 26
0 1749 26
0 1750 26
0 1751 26
0 1752 26
0 1753 26
0 1754 26
0 1755 26
0 1756 26
0 1757 26
0 1758 26
0 1759 27
0 1760 26
0 1761 26
0 1762 26
0 1763 26
0 1764 26
0 1765 26
0 1766 26
0 1767 26
0 1768 26
0 1769 26
0 1770 26
0 1771 26
0 1772 26
0 1773 26
0 1774 26
0 1775 26
0 1776 26
0 1777 26
0 1778 27
0 1779 28
0 1780 26
0 1781 26
0 1782 26
0 1783 26
0 1784 26
0 1785 26
0 1786 26
0 1787 26
0 1788 26
0 1789 26
0 1790 27
0 1791 26
0 1792 26
0 1793 26
0 1794 26
0 1795 26
0 1796 27
0 1797 26
0 1798 27
0 1799 27
0 1800 26
0 1801 26
0 1802 26
0 1803 26
0 1804 26
0 1805 26
0 1806 26
0 1807 26
0 1808 26
0 1809 26
0 1810 26
0 1811 26
0 1812 26
0 1813 26
0 1814 26
0 1815 26
0 1816 26
0 1817 26
0 1818 26
0 1819 26
0 1820 26
0 1821 26
0 1822 26
0 1823 26
0 1824 26
0 1825 26
0 1826 26
0 1827 26
0 1828 26
0 1829 26
0 1830 26
0 1831 26
0 1832 26
0 1833 26
0 1834 26
0 1835 26
0 1836 26
0 1837 26
0 1838 26
0 1839 26
0 1840 26
0 1841 26
0 1842 26
0 1843 26
0 1844 26
0 1845 26
0 1846 26
0 1847 26
0 1848 26
0 1849 26
0 1850 26
0 1851 26
0 1852 26
0 1853 26
0 1854 26
0 1855 26
0 1856 26
0 1857 26
0 1858 26
0 1859 28
0 1860 26
0 1861 26
0 1862 26
0 1863 26
0 1864 26
0 1865 26
0 1866 26
0 1867 26
0 1868 26
0 1869 26
0 1870 26
0 1871 26
0 1872 26
0 1873 26
0 1874 26
0 1875 26
0 1876 26
0 1877 26
0 1878 27
0 1879 27
0 1880 26
0 1881 26
0 1882 26
0 1883 26
0 1884 26
0 1885 26
0 1886 26
0 1887 26
0 1888 26
0 1889 26
0 1890 26
0 1891 26
0 1892 26
0 1893 26
0 1894 26
0 1895 26
0 1896 26
0 1897 26
0 1898 27
0 1899 28
0 1900 26
0 1901 26
0 1902 26
0 1903 26
0 1904 26
0 1905 26
0 1906 26
0 1907 26
0 1908 26
0 1909 26
0 1910 26
0 1911 26
0 1912 26
0 1913 26
0 1914 26
0 1915 26
0 1916 26
0 1917 26
0 1918 26
0 1919 26
0 1920 26
0 1921 26
0 1922 26
0 1923 26
0 1924 26
0 1925 26
0 1926 26
0 1927 26
0 1928 26
0 1929 26
0 1930 26
0 1931 26
0 1932 26
0 1933 26
0 1934 26
0 1935 26
0 1936 26
0 1937 26
0 1938 26
0 1939 26
0 1940 26
0 1941 26
0 1942 26
0 1943 26
0 1944 26
0 1945 26
0 1946 26
0 1947 26
0 1948 26
0 1949 26
0 1950 26
0 1951 26
0 1952 26
0 1953 26
0 1954 26
0 1955 26
0 1956 26
0 1957 26
0 1958 26
0 1959 27
0 1960 26
0 1961 26
0 1962 26
0 1963 26
0 1964 26
0 1965 26
0 1966 26
0 1967 26
0 1968 26
0 1969 26
0 1970 26
0 1971 26
0 1972 26
0 1973 26
0 1974 26
0 1975 26
0 1976 26
0 1977 26
0 1978 27
0 1979 27
0 1980 26
0 1981 26
0 1982 26
0 1983 26
0 1984 26
0 1985 26
0 1986 26
0 1987 26
0 1988 26
0 1989 28
0 1990 27
0 1991 27
0 1992 26
0 1993 26
0 1994 26
0 1995 26
0 1996 26
0 1997 26
0 1998 27
0 1999 28
0 2000 26
0 2001 26
0 2002 26
0 2003 26
0 2004 26
0 2005 26
0 2006 26
0 2007 26
0 2008 26
0 2009 26
0 2010 26
0 2011 26
0 2012 26
0 2013 26
0 2014 26
0 2015 26
0 2016 26
0 2017 26
0 2018 26
0 2019 27
0 2020 26
0 2021 26
0 2022 26
0 2023 26
0 2024 26
0 2025 26
0 2026 26
0 2027 26
0 2028 26
0 2029 26
0 2030 26
0 2031 26
0 2032 26
0 2033 26
0 2034 26
0 2035 26
0 2036 26
0 2037 26
0 2038 26
0 2039 26
0 2040 26
0 2041 26
0 2042 26
0 2043 26
0 2044 26
0 2045 26
0 2046 26
0 2047 26
0 2048 26
0 2049 26
0 2050 26
0 2051 26
0 2052 26
0 2053 26
0 2054 26
0 2055 26
0 2056 26
0 2057 26
0 2058 26
0 2059 27
0 2060 26
0 2061 26
0 2062 26
0 2063 26
0 2064 26
0 2065 26
0 2066 26
0 2067 26
0 2068 26
0 2069 26
0 2070 26
0 2071 26
0 2072 26
0 2073 26
0 2074 26
0 2075 26
0 2076 26
0 2077 26
0 2078 27
0 2079 28
0 2080 26
0 2081 26
0 2082 26
0 2083 26
0 2084 26
0 2085 26
0 2086 26
0 2087 26
0 2088 26
0 2089 26
0 2090 26
0 2091 26
0 2092 26
0 2093 26
0 2094 26
0 2095 26
0 2096 26
0 2097 26
0 2098 26
0 2099 27
0 2100 26
0 2101 26
0 2102 26
0 2103 26
0 2104 26
0 2105 26
0 2106 26
0 2107 26
0 2108 26
0 2109 26
0 2110 26
0 2111 26
0 2112 26
0 2113 26
0 2114 26
0 2115 26
0 2116 26
0 2117 26
0 2118 26
0 2119 26
0 2120 26
0 2121 26
0 2122 26
0 2123 26
0 2124 26
0 2125 26
0 2126 26
0 2127 26
0 2128 26
0 2129 26
0 2130 26
0 2131 26
0 2132 26
0 2133 26
0 2134 26
0 2135 26
0 2136 26
0 2137 26
0 2138 26
0 2139 26
0 2140 26
0 2141 26
0 2142 26
0 2143 26
0 2144 26
0 2145 26
0 2146 26
0 2147 26
0 2148 26
0 2149 26
0 2150 26
0 2151 26
0 2152 26
0 2153 26
0 2154 26
0 2155 26
0 2156 26
0 2157 26
0 2158 26
0 2159 28
0 2160 26
0 2161 26
0 2162 26
0 2163 26
0 2164 26
0 2165 26
0 2166 26
0 2167 26
0 2168 26
0 2169 26
0 2170 26
0 2171 26
0 2172 26
0 2173 26
0 2174 26
0 2175 26
0 2176 26
0 2177 26
0 2178 27
0 2179 27
0 2180 25
0 2181 27
0 2182 26
0 2183 26
0 2184 26
0 2185 26
0 2186 26
0 2187 26
0 2188 26
0 2189 26
0 2190 26
0 2191 26
0 2192 26
0 2193 26
0 2194 26
0 2195 26
0 2196 26
0 2197 26
0 2198 26
0 2199 28
0 2200 26
0 2201 26
0 2202 26
0 2203 26
0 2204 26
0 2205 26
0 2206 26
0 2207 26
0 2208 26
0 2209 26
0 2210 26
0 2211 26
0 2212 26
0 2213 26
0 2214 26
0 2215 26
0 2216 26
0 2217 26
0 2218 26
0 2219 26
0 2220 26
0 2221 26
0 2222 26
0 2223 26
0 2224 26
0 2225 26
0 2226 26
0 2227 26
0 2228 26
0 2229 26
0 2230 26
0 2231 26
0 2232 26
0 2233 26
0 2234 26
0 2235 26
0 2236 26
0 2237 26
0 2238 26
0 2239 26
0 2240 26
0 2241 26
0 2242 26
0 2243 26
0 2244 26
0 2245 26
0 2246 26
0 2247 26
0 2248 26
0 2249 26
0 2250 26
0 2251 26
0 2252 26
0 2253 26
0 2254 26
0 2255 26
0 2256 26
0 2257 26
0 2258 27
0 2259 28
0 2260 26
0 2261 26
0 2262 26
0 2263 26
0 2264 26
0 2265 26
0 2266 26
0 2267 26
0 2268 26
0 2269 26
0 2270 26
0 2271 26
0 2272 26
0 2273 26
0 2274 26
0 2275 26
0 2276 26
0 2277 26
0 2278 26
0 2279 27
0 2280 26
0 2281 26
0 2282 26
0 2283 26
0 2284 26
0 2285 26
0 2286 26
0 2287 26
0 2288 26
0 2289 26
0 2290 26
0 2291 26
0 2292 26
0 2293 26
0 2294 26
0 2295 26
0 2296 26
0 2297 26
0 2298 26
0 2299 28
0 2300 26
0 2301 26
0 2302 26
0 2303 26
0 2304 26
0 2305 26
0 2306 26
0 2307 26
0 2308 26
0 2309 26
0 2310 26
0 2311 26
0 2312 26
0 2313 26
0 2314 26
0 2315 26
0 2316 26
0 2317 26
0 2318 26
0 2319 26
0 2320 26
0 2321 26
0 2322 26
0 2323 26
0 2324 26
0 2325 26
0 2326 26
0 2327 26
0 2328 26
0 2329 26
0 2330 26
0 2331 26
0 2332 26
0 2333 26
0 2334 26
0 2335 26
0 2336 26
0 2337 26
0 2338 26
0 2339 26
0 2340 26
0 2341 26
0 2342 26
0 2343 26
0 2344 26
0 2345 26
0 2346 26
0 2347 26
0 2348 26
0 2349 26
0 2350 26
0 2351 26
0 2352 26
0 2353 26
0 2354 26
0 2355 26
0 2356 26
0 2357 26
0 2358 27
0 2359 28
0 2360 26
0 2361 26
0 2362 26
0 2363 26
0 2364 26
0 2365 26
0 2366 26
0 2367 26
0 2368 26
0 2369 26
0 2370 26
0 2371 28
0 2372 27
0 2373 26
0 2374 26
0 2375 26
0 2376 26
0 2377 26
0 2378 26
0 2379 27
0 2380 26
0 2381 26
0 2382 26
0 2383 26
0 2384 26
0 2385 26
0 2386 26
0 2387 26
0 2388 26
0 2389 26
0 2390 26
0 2391 26
0 2392 26
0 2393 26
0 2394 26
0 2395 26
0 2396 26
0 2397 26
0 2398 25
0 2399 28
0 2400 26
0 2401 26
0 2402 26
0 2403 26
0 2404 26
0 2405 26
0 2406 26
0 2407 26
0 2408 26
0 2409 26
0 2410 26
0 2411 26
0 2412 26
0 2413 26
0 2414 26
0 2415 26
0 2416 26
0 2417 26
0 2418 26
0 2419 26
0 2420 26
0 2421 26
0 2422 26
0 2423 26
0 2424 26
0 2425 26
0 2426 26
0 2427 26
0 2428 26
0 2429 26
0 2430 26
0 2431 26
0 2432 26
0 2433 26
0 2434 26
0 2435 26
0 2436 26
0 2437 26
0 2438 26
0 2439 26
0 2440 26
0 2441 26
0 2442 26
0 2443 26
0 2444 26
0 2445 26
0 2446 26
0 2447 26
0 2448 26
0 2449 26
0 2450 26
0 2451 26
0 2452 26
0 2453 26
0 2454 26
0 2455 26
0 2456 26
0 2457 26
0 2458 26
0 2459 27
0 2460 26
0 2461 26
0 2462 26
0 2463 26
0 2464 26
0 2465 26
0 2466 26
0 2467 26
0 2468 26
0 2469 26
0 2470 26
0 2471 26
0 2472 26
0 2473 26
0 2474 26
0 2475 26
0 2476 26
0 2477 26
0 2478 27
0 2479 28
0 2480 26
0 2481 26
0 2482 26
0 2483 26
0 2484 26
0 2485 26
0 2486 26
0 2487 26
0 2488 26
0 2489 26
0 2490 26
0 2491 26
0 2492 26
0 2493 26
0 2494 26
0 2495 26
0 2496 26
0 2497 26
0 2498 25
0 2499 26
0 2500 26
0 2501 26
0 2502 26
0 2503 26
0 2504 26
0 2505 26
0 2506 26
0 2507 26
0 2508 26
0 2509 26
0 2510 26
0 2511 26
0 2512 26
0 2513 26
0 2514 26
0 2515 26
0 2516 26
0 2517 26
0 2518 26
0 2519 26
0 2520 26
0 2521 26
0 2522 26
0 2523 26
0 2524 26
0 2525 26
0 2526 26
0 2527 26
0 2528 26
0 2529 26
0 2530 26
0 2531 26
0 2532 26
0 2533 26
0 2534 26
0 2535 26
0 2536 26
0 2537 26
0 2538 26
0 2539 26
0 2540 26
0 2541 26
0 2542 26
0 2543 26
0 2544 26
0 2545 26
0 2546 26
0 2547 26
0 2548 26
0 2549 26
0 2550 26
0 2551 26
0 2552 26
0 2553 26
0 2554 26
0 2555 26
0 2556 26
0 2557 26
0 2558 26
0 2559 27
0 2560 26
0 2561 26
0 2562 26
0 2563 26
0 2564 26
0 2565 26
0 2566 26
0 2567 26
0 2568 26
0 2569 26
0 2570 26
0 2571 26
0 2572 26
0 2573 26
0 2574 26
0 2575 26
0 2576 26
0 2577 26
0 2578 27
0 2579 28
0 2580 26
0 2581 26
0 2582 26
0 2583 26
0 2584 26
0 2585 26
0 2586 26
0 2587 26
0 2588 26
0 2589 26
0 2590 26
0 2591 26
0 2592 26
0 2593 26
0 2594 26
0 2595 26
0 2596 26
0 2597 26
0 2598 26
0 2599 27
0 2600 26
0 2601 26
0 2602 26
0 2603 26
0 2604 26
0 2605 26
0 2606 26
0 2607 26
0 2608 26
0 2609 26
0 2610 26
0 2611 26
0 2612 26
0 2613 26
0 2614 26
0 2615 26
0 2616 26
0 2617 26
0 2618 26
0 2619 26
0 2620 26
0 2621 26
0 2622 26
0 2623 26
0 2624 26
0 2625 26
0 2626 26
0 2627 26
0 2628 26
0 2629 26
0 2630 26
0 2631 26
0 2632 26
0 2633 26
0 2634 26
0 2635 26
0 2636 26
0 2637 26
0 2638 26
0 2639 26
0 2640 26
0 2641 26
0 2642 26
0 2643 26
0 2644 26
0 2645 26
0 2646 26
0 2647 26
0 2648 26
0 2649 26
0 2650 26
0 2651 26
0 2652 26
0 2653 26
0 2654 26
0 2655 26
0 2656 26
0 2657 26
0 2658 27
0 2659 27
0 2660 26
0 2661 26
0 2662 26
0 2663 26
0 2664 26
0 2665 26
0 2666 26
0 2667 26
0 2668 26
0 2669 26
0 2670 26
0 2671 26
0 2672 26
0 2673 26
0 2674 26
0 2675 26
0 2676 26
0 2677 26
0 2678 27
0 2679 28
0 2680 26
0 2681 26
0 2682 26
0 2683 26
0 2684 26
0 2685 26
0 2686 26
0 2687 26
0 2688 26
0 2689 26
0 2690 26
0 2691 26
0 2692 26
0 2693 26
0 2694 26
0 2695 26
0 2696 26
0 2697 26
0 2698 26
0 2699 28
0 2700 26
0 2701 26
0 2702 26
0 2703 26
0 2704 26
0 2705 26
0 2706 26
0 2707 26
0 2708 26
0 2709 26
0 2710 26
0 2711 26
0 2712 26
0 2713 26
0 2714 26
0 2715 26
0 2716 26
0 2717 26
0 2718 26
0 2719 26
0 2720 26
0 2721 26
0 2722 26
0 2723 26
0 2724 26
0 2725 26
0 2726 26
0 2727 26
0 2728 26
0 2729 26
0 2730 26
0 2731 26
0 2732 26
0 2733 26
0 2734 26
0 2735 26
0 2736 26
0 2737 26
0 2738 26
0 2739 28
0 2740 26
0 2741 26
0 2742 26
0 2743 26
0 2744 26
0 2745 26
0 2746 26
0 2747 26
0 2748 26
0 2749 26
0 2750 26
0 2751 26
0 2752 26
0 2753 26
0 2754 26
0 2755 26
0 2756 26
0 2757 26
0 2758 27
0 2759 28
0 2760 26
0 2761 26
0 2762 26
0 2763 26
0 2764 26
0 2765 26
0 2766 26
0 2767 26
0 2768 26
0 2769 26
0 2770 26
0 2771 26
0 2772 26
0 2773 26
0 2774 26
0 2775 26
0 2776 26
0 2777 26
0 2778 26
0 2779 27
0 2780 26
0 2781 26
0 2782 26
0 2783 26
0 2784 26
0 2785 26
0 2786 26
0 2787 26
0 2788 26
0 2789 26
0 2790 26
0 2791 26
0 2792 26
0 2793 26
0 2794 26
0 2795 26
0 2796 26
0 2797 26
0 2798 26
0 2799 26
0 2800 26
0 2801 26
0 2802 26
0 2803 26
0 2804 26
0 2805 26
0 2806 26
0 2807 26
0 2808 26
0 2809 26
0 2810 26
0 2811 26
0 2812 26
0 2813 26
0 2814 26
0 2815 26
0 2816 26
0 2817 26
0 2818 26
0 2819 26
0 2820 26
0 2821 26
0 2822 26
0 2823 26
0 2824 26
0 2825 26
0 2826 26
0 2827 26
0 2828 26
0 2829 26
0 2830 26
0 2831 26
0 2832 26
0 2833 26
0 2834 26
0 2835 26
0 2836 26
0 2837 26
0 2838 26
0 2839 28
0 2840 26
0 2841 26
0 2842 26
0 2843 26
0 2844 26
0 2845 26
0 2846 26
0 2847 26
0 2848 26
0 2849 26
0 2850 26
0 2851 26
0 2852 26
0 2853 26
0 2854 26
0 2855 26
0 2856 26
0 2857 26
0 2858 27
0 2859 28
0 2860 26
0 2861 26
0 2862 26
0 2863 26
0 2864 26
0 2865 26
0 2866 26
0 2867 26
0 2868 26
0 2869 26
0 2870 26
0 2871 26
0 2872 26
0 2873 26
0 2874 26
0 2875 26
0 2876 26
0 2877 26
0 2878 26
0 2879 28
0 2880 26
0 2881 26
0 2882 26
0 2883 26
0 2884 26
0 2885 26
0 2886 26
0 2887 26
0 2888 26
0 2889 26
0 2890 26
0 2891 26
0 2892 26
0 2893 26
0 2894 26
0 2895 26
0 2896 26
0 2897 26
0 2898 26
0 2899 26
0 2900 26
0 2901 26
0 2902 26
0 2903 26
0 2904 26
0 2905 26
0 2906 26
0 2907 26
0 2908 26
0 2909 26
0 2910 26
0 2911 26
0 2912 26
0 2913 26
0 2914 26
0 2915 26
0 2916 26
0 2917 26
0 2918 26
0 2919 26
0 2920 26
0 2921 26
0 2922 26
0 2923 26
0 2924 26
0 2925 26
0 2926 26
0 2927 26
0 2928 26
0 2929 26
0 2930 26
0 2931 26
0 2932 26
0 2933 26
0 2934 26
0 2935 26
0 2936 26
0 2937 26
0 2938 26
0 2939 27
0 2940 26
0 2941 26
0 2942 26
0 2943 26
0 2944 26
0 2945 26
0 2946 26
0 2947 26
0 2948 26
0 2949 27
0 2950 26
0 2951 26
0 2952 26
0 2953 26
0 2954 26
0 2955 26
0 2956 26
0 2957 26
0 2958 26
0 2959 27
0 2960 26
0 2961 26
0 2962 26
0 2963 26
0 2964 26
0 2965 26
0 2966 26
0 2967 26
0 2968 26
0 2969 26
0 2970 26
0 2971 26
0 2972 26
0 2973 26
0 2974 26
0 2975 26
0 2976 26
0 2977 26
0 2978 27
0 2979 28
0 2980 26
0 2981 26
0 2982 26
0 2983 26
0 2984 26
0 2985 26
0 2986 26
0 2987 26
0 2988 26
0 2989 26
0 2990 26
0 2991 26
0 2992 26
0 2993 26
0 2994 26
0 2995 26
0 2996 26
0 2997 26
0 2998 26
0 2999 26
0 3000 26
0 3001 26
0 3002 26
0 3003 26
0 3004 26
0 3005 26
0 3006 26
0 3007 26
0 3008 26
0 3009 26
0 3010 26
0 3011 26
0 3012 26
0 3013 26
0 3014 26
0 3015 26
0 3016 26
0 3017 26
0 3018 26
0 3019 26
0 3020 26
0 3021 26
0 3022 26
0 3023 26
0 3024 26
0 3025 26
0 3026 26
0 3027 26
0 3028 26
0 3029 26
0 3030 26
0 3031 26
0 3032 26
0 3033 26
0 3034 26
0 3035 26
0 3036 26
0 3037 26
0 3038 27
0 3039 27
0 3040 26
0 3041 26
0 3042 26
0 3043 26
0 3044 26
0 3045 26
0 3046 26
0 3047 26
0 3048 26
0 3049 26
0 3050 26
0 3051 26
0 3052 26
0 3053 26
0 3054 26
0 3055 26
0 3056 26
0 3057 26
0 3058 27
0 3059 28
0 3060 26
0 3061 26
0 3062 26
0 3063 26
0 3064 26
0 3065 26
0 3066 26
0 3067 26
0 3068 26
0 3069 26
0 3070 26
0 3071 26
0 3072 26
0 3073 26
0 3074 26
0 3075 26
0 3076 27
0 3077 26
0 3078 27
0 3079 28
0 3080 26
0 3081 26
0 3082 26
0 3083 26
0 3084 26
0 3085 26
0 3086 26
0 3087 26
0 3088 26
0 3089 26
0 3090 26
0 3091 26
0 3092 26
0 3093 26
0 3094 26
0 3095 26
0 3096 26
0 3097 26
0 3098 26
0 3099 26
0 3100 26
0 3101 26
0 3102 26
0 3103 26
0 3104 26
0 3105 26
0 3106 26
0 3107 26
0 3108 26
0 3109 26
0 3110 26
0 3111 26
0 3112 26
0 3113 26
0 3114 26
0 3115 26
0 3116 26
0 3117 26
0 3118 26
0 3119 26
0 3120 26
0 3121 26
0 3122 26
0 3123 26
0 3124 26
0 3125 26
0 3126 26
0 3127 26
0 3128 26
0 3129 26
0 3130 26
0 3131 26
0 3132 26
0 3133 26
0 3134 26
0 3135 26
0 3136 26
0 3137 26
0 3138 26
0 3139 27
0 3140 26
0 3141 26
0 3142 26
0 3143 26
0 3144 26
0 3145 26
0 3146 26
0 3147 26
0 3148 26
0 3149 26
0 3150 26
0 3151 26
0 3152 26
0 3153 26
0 3154 26
0 3155 26
0 3156 26
0 3157 26
0 3158 27
0 3159 28
0 3160 26
0 3161 26
0 3162 26
0 3163 26
0 3164 26
0 3165 26
0 3166 26
0 3167 26
0 3168 26
0 3169 26
0 3170 26
0 3171 26
0 3172 26
0 3173 26
0 3174 26
0 3175 26
0 3176 26
0 3177 26
0 3178 26
0 3179 27
0 3180 26
0 3181 26
0 3182 26
0 3183 26
0 3184 26
0 3185 26
0 3186 26
0 3187 26
0 3188 26
0 3189 26
0 3190 26
0 3191 26
0 3192 26
0 3193 26
0 3194 26
0 3195 26
0 3196 26
0 3197 26
0 3198 26
0 3199 26
0 3200 26
0 3201 26
0 3202 26
0 3203 26
0 3204 26
0 3205 26
0 3206 26
0 3207 26
0 3208 26
0 3209 26
0 3210 26
0 3211 26
0 3212 26
0 3213 26
0 3214 26
0 3215 26
0 3216 26
0 3217 26
0 3218 26
0 3219 26
0 3220 26
0 3221 26
0 3222 26
0 3223 26
0 3224 26
0 3225 26
0 3226 26
0 3227 26
0 3228 26
0 3229 26
0 3230 26
0 3231 26
0 3232 26
0 3233 26
0 3234 26
0 3235 26
0 3236 26
0 3237 26
0 3238 26
0 3239 28
0 3240 26
0 3241 26
0 3242 26
0 3243 26
0 3244 26
0 3245 26
0 3246 26
0 3247 26
0 3248 26
0 3249 26
0 3250 26
0 3251 26
0 3252 26
0 3253 26
0 3254 26
0 3255 26
0 3256 26
0 3257 26
0 3258 27
0 3259 28
0 3260 26
0 3261 26
0 3262 26
0 3263 26
0 3264 26
0 3265 26
0 3266 26
0 3267 26
0 3268 26
0 3269 26
0 3270 26
0 3271 26
0 3272 26
0 3273 26
0 3274 26
0 3275 26
0 3276 26
0 3277 26
0 3278 26
0 3279 28
0 3280 26
0 3281 26
0 3282 26
0 3283 26
0 3284 26
0 3285 26
0 3286 26
0 3287 26
0 3288 26
0 3289 26
0 3290 26
0 3291 26
0 3292 26
0 3293 26
0 3294 26
0 3295 26
0 3296 26
0 3297 26
0 3298 26
0 3299 26
0 3300 26
0 3301 26
0 3302 26
0 3303 26
0 3304 26
0 3305 26
0 3306 26
0 3307 26
0 3308 26
0 3309 26
0 3310 26
0 3311 26
0 3312 26
0 3313 26
0 3314 26
0 3315 26
0 3316 26
0 3317 26
0 3318 26
0 3319 26
0 3320 26
0 3321 26
0 3322 26
0 3323 26
0 3324 26
0 3325 26
0 3326 26
0 3327 26
0 3328 26
0 3329 26
0 3330 26
0 3331 26
0 3332 26
0 3333 26
0 3334 26
0 3335 26
0 3336 26
0 3337 26
0 3338 27
0 3339 28
0 3340 26
0 3341 26
0 3342 26
0 3343 26
0 3344 26
0 3345 26
0 3346 26
0 3347 26
0 3348 26
0 3349 26
0 3350 27
0 3351 26
0 3352 26
0 3353 26
0 3354 26
0 3355 26
0 3356 26
0 3357 26
0 3358 26
0 3359 27
0 3360 26
0 3361 26
0 3362 26
0 3363 26
0 3364 26
0 3365 26
0 3366 26
0 3367 26
0 3368 26
0 3369 26
0 3370 26
0 3371 26
0 3372 26
0 3373 26
0 3374 26
0 3375 26
0 3376 26
0 3377 26
0 3378 26
0 3379 28
0 3380 26
0 3381 26
0 3382 26
0 3383 26
0 3384 26
0 3385 26
0 3386 26
0 3387 26
0 3388 26
0 3389 26
0 3390 26
0 3391 26
0 3392 26
0 3393 26
0 3394 26
0 3395 26
0 3396 26
0 3397 26
0 3398 26
0 3399 26
0 3400 26
0 3401 26
0 3402 26
0 3403 26
0 3404 26
0 3405 26
0 3406 26
0 3407 26
0 3408 26
0 3409 26
0 3410 26
0 3411 26
0 3412 26
0 3413 26
0 3414 26
0 3415 26
0 3416 26
0 3417 26
0 3418 26
0 3419 26
0 3420 26
0 3421 26
0 3422 26
0 3423 26
0 3424 26
0 3425 26
0 3426 26
0 3427 26
0 3428 26
0 3429 26
0 3430 26
0 3431 26
0 3432 26
0 3433 26
0 3434 26
0 3435 26
0 3436 26
0 3437 26
0 3438 27
0 3439 28
0 3440 26
0 3441 26
0 3442 26
0 3443 26
0 3444 26
0 3445 26
0 3446 26
0 3447 26
0 3448 26
0 3449 26
0 3450 26
0 3451 26
0 3452 26
0 3453 26
0 3454 26
0 3455 26
0 3456 26
0 3457 26
0 3458 27
0 3459 27
0 3460 26
0 3461 27
0 3462 26
0 3463 26
0 3464 26
0 3465 26
0 3466 26
0 3467 26
0 3468 26
0 3469 26
0 3470 26
0 3471 26
0 3472 26
0 3473 26
0 3474 26
0 3475 26
0 3476 26
0 3477 26
0 3478 25
0 3479 26
0 3480 26
0 3481 26
0 3482 26
0 3483 26
0 3484 26
0 3485 26
0 3486 26
0 3487 26
0 3488 26
0 3489 26
0 3490 26
0 3491 26
0 3492 26
0 3493 26
0 3494 26
0 3495 26
0 3496 26
0 3497 26
0 3498 26
0 3499 26
0 3500 26
0 3501 26
0 3502 26
0 3503 26
0 3504 26
0 3505 26
0 3506 26
0 3507 26
0 3508 26
0 3509 26
0 3510 26
0 3511 26
0 3512 26
0 3513 26
0 3514 26
0 3515 26
0 3516 26
0 3517 26
0 3518 26
0 3519 26
0 3520 26
0 3521 26
0 3522 26
0 3523 26
0 3524 26
0 3525 26
0 3526 26
0 3527 26
0 3528 26
0 3529 26
0 3530 26
0 3531 26
0 3532 26
0 3533 26
0 3534 26
0 3535 26
0 3536 26
0 3537 26
0 3538 25
0 3539 27
0 3540 26
0 3541 26
0 3542 26
0 3543 26
0 3544 26
0 3545 26
0 3546 26
0 3547 26
0 3548 26
0 3549 26
0 3550 26
0 3551 26
0 3552 26
0 3553 26
0 3554 26
0 3555 26
0 3556 26
0 3557 26
0 3558 27
0 3559 27
0 3560 26
0 3561 26
0 3562 26
0 3563 26
0 3564 26
0 3565 26
0 3566 26
0 3567 26
0 3568 26
0 3569 26
0 3570 26
0 3571 26
0 3572 26
0 3573 26
0 3574 26
0 3575 26
0 3576 26
0 3577 26
0 3578 26
0 3579 26
0 3580 26
0 3581 26
0 3582 26
0 3583 26
0 3584 26
0 3585 26
0 3586 26
0 3587 26
0 3588 26
0 3589 26
0 3590 26
0 3591 26
0 3592 26
0 3593 26
0 3594 26
0 3595 26
0 3596 26
0 3597 26
0 3598 26
0 3599 26
0 3600 26
0 3601 26
0 3602 26
0 3603 26
0 3604 26
0 3605 26
0 3606 26
0 3607 26
0 3608 26
0 3609 26
0 3610 26
0 3611 26
0 3612 26
0 3613 26
0 3614 26
0 3615 26
0 3616 26
0 3617 26
0 3618 25
0 3619 27
0 3620 26
0 3621 26
0 3622 26
0 3623 26
0 3624 26
0 3625 26
0 3626 26
0 3627 26
0 3628 26
0 3629 26
0 3630 26
0 3631 26
0 3632 26
0 3633 26
0 3634 26
0 3635 26
0 3636 26
0 3637 26
0 3638 26
0 3639 27
0 3640 26
0 3641 26
0 3642 26
0 3643 26
0 3644 26
0 3645 26
0 3646 26
0 3647 26
0 3648 26
0 3649 26
0 3650 27
0 3651 26
0 3652 26
0 3653 26
0 3654 26
0 3655 26
0 3656 26
0 3657 26
0 3658 27
0 3659 28
0 3660 26
0 3661 26
0 3662 26
0 3663 26
0 3664 26
0 3665 26
0 3666 26
0 3667 26
0 3668 26
0 3669 26
0 3670 26
0 3671 26
0 3672 26
0 3673 26
0 3674 26
0 3675 26
0 3676 26
0 3677 26
0 3678 26
0 3679 26
0 3680 26
0 3681 26
0 3682 26
0 3683 26
0 3684 26
0 3685 26
0 3686 26
0 3687 26
0 3688 26
0 3689 26
0 3690 26
0 3691 26
0 3692 26
0 3693 26
0 3694 26
0 3695 26
0 3696 26
0 3697 26
0 3698 26
0 3699 26
0 3700 26
0 3701 26
0 3702 26
0 3703 26
0 3704 26
0 3705 26
0 3706 26
0 3707 26
0 3708 26
0 3709 26
0 3710 26
0 3711 26
0 3712 26
0 3713 26
0 3714 26
0 3715 26
0 3716 26
0 3717 26
0 3718 26
0 3719 27
0 3720 26
0 3721 26
0 3722 26
0 3723 26
0 3724 26
0 3725 26
0 3726 26
0 3727 26
0 3728 26
0 3729 26
0 3730 26
0 3731 26
0 3732 26
0 3733 26
0 3734 26
0 3735 26
0 3736 26
0 3737 26
0 3738 27
0 3739 27
0 3740 26
0 3741 26
0 3742 26
0 3743 26
0 3744 26
0 3745 26
0 3746 26
0 3747 26
0 3748 26
0 3749 26
0 3750 27
0 3751 26
0 3752 26
0 3753 26
0 3754 26
0 3755 26
0 3756 26
0 3757 26
0 3758 27
0 3759 28
0 3760 26
0 3761 26
0 3762 26
0 3763 26
0 3764 26
0 3765 26
0 3766 26
0 3767 26
0 3768 26
0 3769 26
0 3770 26
0 3771 26
0 3772 26
0 3773 26
0 3774 26
0 3775 26
0 3776 26
0 3777 26
0 3778 26
0 3779 28
0 3780 26
0 3781 26
0 3782 26
0 3783 26
0 3784 26
0 3785 26
0 3786 26
0 3787 26
0 3788 26
0 3789 26
0 3790 26
0 3791 26
0 3792 26
0 3793 26
0 3794 26
0 3795 26
0 3796 26
0 3797 26
0 3798 26
0 3799 26
0 3800 26
0 3801 26
0 3802 26
0 3803 26
0 3804 26
0 3805 26
0 3806 26
0 3807 26
0 3808 26
0 3809 26
0 3810 26
0 3811 26
0 3812 26
0 3813 26
0 3814 26
0 3815 26
0 3816 26
0 3817 26
0 3818 26
0 3819 28
0 3820 26
0 3821 26
0 3822 26
0 3823 26
0 3824 26
0 3825 26
0 3826 26
0 3827 26
0 3828 26
0 3829 26
0 3830 26
0 3831 26
0 3832 26
0 3833 26
0 3834 26
0 3835 26
0 3836 26
0 3837 26
0 3838 27
0 3839 28
0 3840 26
0 3841 26
0 3842 26
0 3843 26
0 3844 26
0 3845 26
0 3846 26
0 3847 26
0 3848 26
0 3849 26
0 3850 26
0 3851 27
0 3852 26
0 3853 26
0 3854 26
0 3855 26
0 3856 26
0 3857 26
0 3858 26
0 3859 27
0 3860 26
0 3861 26
0 3862 26
0 3863 26
0 3864 26
0 3865 26
0 3866 26
0 3867 26
0 3868 26
0 3869 26
0 3870 26
0 3871 26
0 3872 26
0 3873 26
0 3874 26
0 3875 26
0 3876 26
0 3877 26
0 3878 26
0 3879 26
0 3880 26
0 3881 26
0 3882 26
0 3883 26
0 3884 26
0 3885 26
0 3886 26
0 3887 26
0 3888 26
0 3889 26
0 3890 26
0 3891 26
0 3892 26
0 3893 26
0 3894 26
0 3895 26
0 3896 26
0 3897 26
0 3898 26
0 3899 26
0 3900 26
0 3901 26
0 3902 26
0 3903 26
0 3904 26
0 3905 26
0 3906 26
0 3907 26
0 3908 26
0 3909 26
0 3910 26
0 3911 26
0 3912 26
0 3913 26
0 3914 26
0 3915 26
0 3916 26
0 3917 26
0 3918 26
0 3919 28
0 3920 26
0 3921 26
0 3922 26
0 3923 26
0 3924 26
0 3925 26
0 3926 26
0 3927 26
0 3928 26
0 3929 26
0 3930 27
0 3931 26
0 3932 26
0 3933 26
0 3934 26
0 3935 26
0 3936 26
0 3937 26
0 3938 27
0 3939 28
0 3940 26
0 3941 26
0 3942 26
0 3943 26
0 3944 26
0 3945 26
0 3946 26
0 3947 26
0 3948 26
0 3949 26
0 3950 26
0 3951 26
0 3952 26
0 3953 26
0 3954 26
0 3955 26
0 3956 26
0 3957 26
0 3958 27
0 3959 27
0 3960 26
0 3961 26
0 3962 26
0 3963 26
0 3964 26
0 3965 26
0 3966 26
0 3967 26
0 3968 26
0 3969 26
0 3970 26
0 3971 26
0 3972 26
0 3973 26
0 3974 26
0 3975 26
0 3976 26
0 3977 26
0 3978 26
0 3979 26
0 3980 26
0 3981 26
0 3982 26
0 3983 26
0 3984 26
0 3985 26
0 3986 26
0 3987 26
0 3988 26
0 3989 26
0 3990 26
0 3991 26
0 3992 26
0 3993 26
0 3994 26
0 3995 26
0 3996 26
0 3997 26
0 3998 26
0 3999 26
0 4000 26
0 4001 26
0 4002 26
0 4003 26
0 4004 26
0 4005 26
0 4006 26
0 4007 26
0 4008 26
0 4009 26
0 4010 26
0 4011 26
0 4012 26
0 4013 26
0 4014 26
0 4015 26
0 4016 26
0 4017 26
0 4018 27
0 4019 28
0 4020 26
0 4021 26
0 4022 26
0 4023 26
0 4024 26
0 4025 26
0 4026 26
0 4027 26
0 4028 26
0 4029 26
0 4030 26
0 4031 26
0 4032 26
0 4033 26
0 4034 26
0 4035 26
0 4036 27
0 4037 27
0 4038 27
0 4039 27
0 4040 26
0 4041 26
0 4042 26
0 4043 26
0 4044 26
0 4045 26
0 4046 26
0 4047 26
0 4048 26
0 4049 26
0 4050 27
0 4051 28
0 4052 28
0 4053 26
0 4054 26
0 4055 26
0 4056 26
0 4057 26
0 4058 27
0 4059 28
0 4060 26
0 4061 26
0 4062 26
0 4063 26
0 4064 26
0 4065 26
0 4066 26
0 4067 26
0 4068 26
0 4069 26
0 4070 26
0 4071 26
0 4072 26
0 4073 26
0 4074 26
0 4075 26
0 4076 26
0 4077 26
0 4078 26
0 4079 26
0 4080 26
0 4081 26
0 4082 26
0 4083 26
0 4084 26
0 4085 26
0 4086 26
0 4087 26
0 4088 26
0 4089 26
0 4090 26
0 4091 26
0 4092 26
0 4093 26
0 4094 26
0 4095 26
0 4096 26
0 4097 26
0 4098 26
0 4099 28
0 4100 26
0 4101 26
0 4102 26
0 4103 26
0 4104 26
0 4105 26
0 4106 26
0 4107 26
0 4108 26
0 4109 26
0 4110 26
0 4111 26
0 4112 26
0 4113 26
0 4114 26
0 4115 26
0 4116 26
0 4117 26
0 4118 27
0 4119 28
0 4120 26
0 4121 26
0 4122 26
0 4123 26
0 4124 26
0 4125 26
0 4126 26
0 4127 26
0 4128 26
0 4129 26
0 4130 28
0 4131 28
0 4132 27
0 4133 27
0 4134 26
0 4135 26
0 4136 28
0 4137 26
0 4138 27
0 4139 27
0 4140 26
0 4141 26
0 4142 26
0 4143 26
0 4144 26
0 4145 26
0 4146 26
0 4147 26
0 4148 26
0 4149 27
0 4150 27
0 4151 26
0 4152 26
0 4153 26
0 4154 26
0 4155 26
0 4156 26
0 4157 26
0 4158 27
0 4159 28
0 4160 26
0 4161 26
0 4162 26
0 4163 26
0 4164 26
0 4165 26
0 4166 26
0 4167 26
0 4168 26
0 4169 26
0 4170 26
0 4171 26
0 4172 26
0 4173 26
0 4174 26
0 4175 26
0 4176 26
0 4177 26
0 4178 26
0 4179 26
0 4180 26
0 4181 26
0 4182 26
0 4183 26
0 4184 26
0 4185 26
0 4186 26
0 4187 26
0 4188 26
0 4189 26
0 4190 26
0 4191 26
0 4192 26
0 4193 26
0 4194 26
0 4195 26
0 4196 26
0 4197 26
0 4198 26
0 4199 26
0 4200 26
0 4201 26
0 4202 26
0 4203 26
0 4204 26
0 4205 26
0 4206 26
0 4207 26
0 4208 26
0 4209 26
0 4210 26
0 4211 26
0 4212 26
0 4213 26
0 4214 26
0 4215 26
0 4216 26
0 4217 26
0 4218 26
0 4219 27
0 4220 26
0 4221 26
0 4222 26
0 4223 26
0 4224 26
0 4225 26
0 4226 26
0 4227 26
0 4228 26
0 4229 28
0 4230 28
0 4231 26
0 4232 27
0 4233 26
0 4234 26
0 4235 26
0 4236 27
0 4237 26
0 4238 27
0 4239 27
0 4240 26
0 4241 26
0 4242 26
0 4243 26
0 4244 26
0 4245 26
0 4246 26
0 4247 26
0 4248 26
0 4249 26
0 4250 27
0 4251 26
0 4252 26
0 4253 26
0 4254 26
0 4255 26
0 4256 26
0 4257 26
0 4258 26
0 4259 27
0 4260 26
0 4261 26
0 4262 26
0 4263 26
0 4264 26
0 4265 26
0 4266 26
0 4267 26
0 4268 26
0 4269 26
0 4270 26
0 4271 26
0 4272 26
0 4273 26
0 4274 26
0 4275 26
0 4276 26
0 4277 26
0 4278 26
0 4279 26
0 4280 26
0 4281 26
0 4282 26
0 4283 26
0 4284 26
0 4285 26
0 4286 26
0 4287 26
0 4288 26
0 4289 26
0 4290 26
0 4291 26
0 4292 26
0 4293 26
0 4294 26
0 4295 26
0 4296 26
0 4297 26
0 4298 26
0 4299 26
0 4300 26
0 4301 26
0 4302 26
0 4303 26
0 4304 26
0 4305 26
0 4306 26
0 4307 26
0 4308 26
0 4309 26
0 4310 26
0 4311 26
0 4312 26
0 4313 26
0 4314 26
0 4315 26
0 4316 26
0 4317 26
0 4318 26
0 4319 27
0 4320 26
0 4321 26
0 4322 26
0 4323 26
0 4324 26
0 4325 26
0 4326 26
0 4327 26
0 4328 26
0 4329 26
0 4330 27
0 4331 27
0 4332 26
0 4333 26
0 4334 26
0 4335 26
0 4336 27
0 4337 26
0 4338 27
0 4339 27
0 4340 26
0 4341 26
0 4342 26
0 4343 26
0 4344 26
0 4345 26
0 4346 26
0 4347 26
0 4348 26
0 4349 26
0 4350 26
0 4351 26
0 4352 26
0 4353 26
0 4354 26
0 4355 26
0 4356 27
0 4357 26
0 4358 27
0 4359 27
0 4360 26
0 4361 26
0 4362 26
0 4363 26
0 4364 26
0 4365 26
0 4366 26
0 4367 26
0 4368 26
0 4369 26
0 4370 26
0 4371 26
0 4372 26
0 4373 26
0 4374 26
0 4375 26
0 4376 26
0 4377 26
0 4378 26
0 4379 26
0 4380 26
0 4381 26
0 4382 26
0 4383 26
0 4384 26
0 4385 26
0 4386 26
0 4387 26
0 4388 26
0 4389 26
0 4390 26
0 4391 26
0 4392 26
0 4393 26
0 4394 26
0 4395 26
0 4396 26
0 4397 26
0 4398 26
0 4399 26
0 4400 26
0 4401 26
0 4402 26
0 4403 26
0 4404 26
0 4405 26
0 4406 26
0 4407 26
0 4408 26
0 4409 26
0 4410 26
0 4411 26
0 4412 26
0 4413 26
0 4414 26
0 4415 26
0 4416 26
0 4417 26
0 4418 27
0 4419 27
0 4420 26
0 4421 28
0 4422 26
0 4423 26
0 4424 26
0 4425 26
0 4426 26
0 4427 26
0 4428 26
0 4429 26
0 4430 27
0 4431 26
0 4432 26
0 4433 26
0 4434 26
0 4435 26
0 4436 26
0 4437 26
0 4438 26
0 4439 27
0 4440 26
0 4441 26
0 4442 26
0 4443 26
0 4444 26
0 4445 26
0 4446 26
0 4447 26
0 4448 26
0 4449 26
0 4450 26
0 4451 26
0 4452 26
0 4453 26
0 4454 26
0 4455 26
0 4456 26
0 4457 26
0 4458 26
0 4459 28
0 4460 26
0 4461 26
0 4462 26
0 4463 26
0 4464 26
0 4465 26
0 4466 26
0 4467 26
0 4468 26
0 4469 26
0 4470 26
0 4471 26
0 4472 26
0 4473 26
0 4474 26
0 4475 26
0 4476 26
0 4477 26
0 4478 26
0 4479 26
0 4480 26
0 4481 26
0 4482 26
0 4483 26
0 4484 26
0 4485 26
0 4486 26
0 4487 26
0 4488 26
0 4489 26
0 4490 26
0 4491 26
0 4492 26
0 4493 26
0 4494 26
0 4495 26
0 4496 26
0 4497 26
0 4498 26
0 4499 27
0 4500 26
0 4501 26
0 4502 26
0 4503 26
0 4504 26
0 4505 26
0 4506 26
0 4507 26
0 4508 26
0 4509 26
0 4510 26
0 4511 26
0 4512 26
0 4513 26
0 4514 26
0 4515 26
0 4516 28
0 4517 26
0 4518 27
0 4519 28
0 4520 26
0 4521 26
0 4522 26
0 4523 26
0 4524 26
0 4525 26
0 4526 26
0 4527 26
0 4528 26
0 4529 26
0 4530 26
0 4531 26
0 4532 26
0 4533 26
0 4534 26
0 4535 26
0 4536 26
0 4537 26
0 4538 26
0 4539 28
0 4540 26
0 4541 26
0 4542 26
0 4543 26
0 4544 26
0 4545 26
0 4546 26
0 4547 26
0 4548 26
0 4549 26
0 4550 26
0 4551 26
0 4552 26
0 4553 26
0 4554 26
0 4555 26
0 4556 26
0 4557 26
0 4558 26
0 4559 26
0 4560 26
0 4561 26
0 4562 26
0 4563 26
0 4564 26
0 4565 26
0 4566 26
0 4567 26
0 4568 26
0 4569 26
0 4570 26
0 4571 26
0 4572 26
0 4573 26
0 4574 26
0 4575 26
0 4576 26
0 4577 26
0 4578 26
0 4579 26
0 4580 26
0 4581 26
0 4582 26
0 4583 26
0 4584 26
0 4585 26
0 4586 26
0 4587 26
0 4588 26
0 4589 26
0 4590 26
0 4591 26
0 4592 26
0 4593 26
0 4594 26
0 4595 26
0 4596 26
0 4597 26
0 4598 26
0 4599 27
0 4600 26
0 4601 26
0 4602 26
0 4603 26
0 4604 26
0 4605 26
0 4606 26
0 4607 26
0 4608 26
0 4609 26
0 4610 27
0 4611 28
0 4612 27
0 4613 26
0 4614 26
0 4615 26
0 4616 26
0 4617 26
0 4618 25
0 4619 27
0 4620 26
0 4621 26
0 4622 26
0 4623 26
0 4624 26
0 4625 26
0 4626 26
0 4627 26
0 4628 26
0 4629 26
0 4630 27
0 4631 26
0 4632 26
0 4633 26
0 4634 26
0 4635 26
0 4636 26
0 4637 26
0 4638 27
0 4639 28
0 4640 26
0 4641 26
0 4642 26
0 4643 26
0 4644 26
0 4645 26
0 4646 26
0 4647 26
0 4648 26
0 4649 26
0 4650 26
0 4651 26
0 4652 26
0 4653 26
0 4654 26
0 4655 26
0 4656 26
0 4657 26
0 4658 26
0 4659 26
0 4660 26
0 4661 26
0 4662 26
0 4663 26
0 4664 26
0 4665 26
0 4666 26
0 4667 26
0 4668 26
0 4669 26
0 4670 26
0 4671 26
0 4672 26
0 4673 26
0 4674 26
0 4675 26
0 4676 26
0 4677 26
0 4678 26
0 4679 26
0 4680 26
0 4681 26
0 4682 26
0 4683 26
0 4684 26
0 4685 26
0 4686 26
0 4687 26
0 4688 26
0 4689 26
0 4690 26
0 4691 26
0 4692 26
0 4693 26
0 4694 26
0 4695 26
0 4696 26
0 4697 26
0 4698 25
0 4699 28
0 4700 26
0 4701 26
0 4702 26
0 4703 26
0 4704 26
0 4705 26
0 4706 26
0 4707 26
0 4708 26
0 4709 26
0 4710 26
0 4711 26
0 4712 26
0 4713 26
0 4714 26
0 4715 26
0 4716 26
0 4717 26
0 4718 27
0 4719 27
0 4720 26
0 4721 26
0 4722 26
0 4723 26
0 4724 26
0 4725 26
0 4726 26
0 4727 26
0 4728 26
0 4729 26
0 4730 26
0 4731 26
0 4732 26
0 4733 26
0 4734 26
0 4735 26
0 4736 26
0 4737 26
0 4738 27
0 4739 28
0 4740 26
0 4741 26
0 4742 26
0 4743 26
0 4744 26
0 4745 26
0 4746 26
0 4747 26
0 4748 26
0 4749 26
0 4750 26
0 4751 26
0 4752 26
0 4753 26
0 4754 26
0 4755 26
0 4756 26
0 4757 26
0 4758 26
0 4759 26
0 4760 26
0 4761 26
0 4762 26
0 4763 26
0 4764 26
0 4765 26
0 4766 26
0 4767 26
0 4768 26
0 4769 26
0 4770 26
0 4771 26
0 4772 26
0 4773 26
0 4774 26
0 4775 26
0 4776 26
0 4777 26
0 4778 26
0 4779 26
0 4780 26
0 4781 26
0 4782 26
0 4783 26
0 4784 26
0 4785 26
0 4786 26
0 4787 26
0 4788 26
0 4789 26
0 4790 26
0 4791 26
0 4792 26
0 4793 26
0 4794 26
0 4795 26
0 4796 26
0 4797 26
0 4798 26
0 4799 27
0 4800 26
0 4801 26
0 4802 26
0 4803 26
0 4804 26
0 4805 26
0 4806 26
0 4807 26
0 4808 26
0 4809 26
0 4810 27
0 4811 27
0 4812 26
0 4813 26
0 4814 26
0 4815 26
0 4816 26
0 4817 26
0 4818 27
0 4819 27
0 4820 26
0 4821 26
0 4822 26
0 4823 26
0 4824 26
0 4825 26
0 4826 26
0 4827 26
0 4828 26
0 4829 26
0 4830 26
0 4831 26
0 4832 26
0 4833 26
0 4834 26
0 4835 26
0 4836 27
0 4837 26
0 4838 27
0 4839 28
0 4840 26
0 4841 26
0 4842 26
0 4843 26
0 4844 26
0 4845 26
0 4846 26
0 4847 26
0 4848 26
0 4849 26
0 4850 26
0 4851 26
0 4852 26
0 4853 26
0 4854 26
0 4855 26
0 4856 26
0 4857 26
0 4858 26
0 4859 26
0 4860 26
0 4861 26
0 4862 26
0 4863 26
0 4864 26
0 4865 26
0 4866 26
0 4867 26
0 4868 26
0 4869 26
0 4870 26
0 4871 26
0 4872 26
0 4873 26
0 4874 26
0 4875 26
0 4876 26
0 4877 26
0 4878 26
0 4879 26
0 4880 26
0 4881 26
0 4882 26
0 4883 26
0 4884 26
0 4885 26
0 4886 26
0 4887 26
0 4888 26
0 4889 26
0 4890 26
0 4891 26
0 4892 26
0 4893 26
0 4894 26
0 4895 26
0 4896 26
0 4897 26
0 4898 26
0 4899 27
0 4900 26
0 4901 26
0 4902 26
0 4903 26
0 4904 26
0 4905 26
0 4906 26
0 4907 26
0 4908 26
0 4909 26
0 4910 26
0 4911 26
0 4912 26
0 4913 26
0 4914 26
0 4915 26
0 4916 28
0 4917 26
0 4918 27
0 4919 28
0 4920 26
0 4921 26
0 4922 26
0 4923 26
0 4924 26
0 4925 26
0 4926 26
0 4927 26
0 4928 26
0 4929 26
0 4930 26
0 4931 26
0 4932 26
0 4933 26
0 4934 26
0 4935 26
0 4936 26
0 4937 26
0 4938 26
0 4939 27
0 4940 26
0 4941 26
0 4942 26
0 4943 26
0 4944 26
0 4945 26
0 4946 26
0 4947 26
0 4948 26
0 4949 26
0 4950 26
0 4951 26
0 4952 26
0 4953 26
0 4954 26
0 4955 26
0 4956 26
0 4957 26
0 4958 26
0 4959 26
0 4960 26
0 4961 26
0 4962 26
0 4963 26
0 4964 26
0 4965 26
0 4966 26
0 4967 26
0 4968 26
0 4969 26
0 4970 26
0 4971 26
0 4972 26
0 4973 26
0 4974 26
0 4975 26
0 4976 26
0 4977 26
0 4978 26
0 4979 26
0 4980 26
0 4981 26
0 4982 26
0 4983 26
0 4984 26
0 4985 26
0 4986 26
0 4987 26
0 4988 26
0 4989 26
0 4990 26
0 4991 26
0 4992 26
0 4993 26
0 4994 26
0 4995 26
0 4996 26
0 4997 26
0 4998 27
0 4999 27
0 5000 26
0 5001 26
0 5002 27
0 5003 27
0 5004 27
0 5005 27
0 5006 26
0 5007 26
0 5008 29
0 5009 32
0 5010 30
0 5011 30
0 5012 28
0 5013 29
0 5014 29
0 5015 29
0 5016 29
0 5017 28
0 5018 29
0 5019 29
0 5020 30
0 5021 30
0 5022 30
0 5023 29
0 5024 30
0 5025 29
0 5026 29
0 5027 29
0 5028 29
0 5029 29
0 5030 29
0 5031 30
0 5032 29
0 5033 29
0 5034 30
0 5035 30
0 5036 29
0 5037 30
0 5038 30
0 5039 30
0 5040 29
0 5041 28
0 5042 30
0 5043 30
0 5044 30
0 5045 30
0 5046 30
0 5047 30
0 5048 29
0 5049 29
0 5050 30
0 5051 30
0 5052 30
0 5053 30
0 5054 30
0 5055 30
0 5056 29
0 5057 30
0 5058 29
0 5059 29
0 5060 30
0 5061 30
0 5062 29
0 5063 29
0 5064 29
0 5065 29
0 5066 29
0 5067 29
0 5068 30
0 5069 30
0 5070 30
0 5071 30
0 5072 30
0 5073 29
0 5074 29
0 5075 29
0 5076 30
0 5077 30
0 5078 30
0 5079 29
0 5080 30
0 5081 30
0 5082 29
0 5083 29
0 5084 29
0 5085 29
0 5086 29
0 5087 30
0 5088 30
0 5089 30
0 5090 29
0 5091 29
0 5092 29
0 5093 29
0 5094 29
0 5095 30
0 5096 30
0 5097 29
0 5098 29
0 5099 30
0 5100 30
0 5101 29
0 5102 30
0 5103 30
0 5104 30
0 5105 30
0 5106 29
0 5107 30
0 5108 30
0 5109 30
0 5110 30
0 5111 30
0 5112 30
0 5113 29
0 5114 30
0 5115 29
0 5116 30
0 5117 30
0 5118 29
0 5119 29
0 5120 30
0 5121 29
0 5122 30
0 5123 30
0 5124 29
0 5125 29
0 5126 30
0 5127 30
0 5128 30
0 5129 30
0 5130 30
0 5131 30
0 5132 30
0 5133 29
0 5134 30
0 5135 30
0 5136 30
0 5137 30
0 5138 29
0 5139 29
0 5140 30
0 5141 29
0 5142 30
0 5143 30
0 5144 30
0 5145 30
0 5146 29
0 5147 29
0 5148 30
0 5149 30
0 5150 30
0 5151 30
0 5152 29
0 5153 29
0 5154 29
0 5155 30
0 5156 30
0 5157 30
0 5158 29
0 5159 29
0 5160 31
0 5161 29
0 5162 30
0 5163 30
0 5164 30
0 5165 30
0 5166 29
0 5167 29
0 5168 30
0 5169 30
0 5170 30
0 5171 30
0 5172 30
0 5173 30
0 5174 30
0 5175 29
0 5176 29
0 5177 30
0 5178 29
0 5179 30
0 5180 29
0 5181 29
0 5182 30
0 5183 30
0 5184 30
0 5185 30
0 5186 29
0 5187 29
0 5188 29
0 5189 30
0 5190 29
0 5191 30
0 5192 29
0 5193 29
0 5194 29
0 5195 29
0 5196 30
0 5197 30
0 5198 30
0 5199 29
0 5200 30
0 5201 30
0 5202 29
0 5203 29
0 5204 29
0 5205 29
0 5206 29
0 5207 30
0 5208 30
0 5209 30
0 5210 30
0 5211 30
0 5212 30
0 5213 30
0 5214 30
0 5215 29
0 5216 29
0 5217 30
0 5218 28
0 5219 30
0 5220 30
0 5221 30
0 5222 30
0 5223 29
0 5224 29
0 5225 29
0 5226 29
0 5227 30
0 5228 30
0 5229 30
0 5230 30
0 5231 30
0 5232 30
0 5233 30
0 5234 30
0 5235 30
0 5236 28
0 5237 30
0 5238 28
0 5239 30
0 5240 30
0 5241 30
0 5242 29
0 5243 29
0 5244 29
0 5245 29
0 5246 29
0 5247 30
0 5248 30
0 5249 30
0 5250 30
0 5251 30
0 5252 30
0 5253 30
0 5254 30
0 5255 29
0 5256 29
0 5257 30
0 5258 29
0 5259 29
0 5260 30
0 5261 30
0 5262 30
0 5263 29
0 5264 29
0 5265 29
0 5266 30
0 5267 30
0 5268 30
0 5269 30
0 5270 30
0 5271 30
0 5272 30
0 5273 30
0 5274 30
0 5275 30
0 5276 28
0 5277 29
0 5278 28
0 5279 28
0 5280 30
0 5281 30
0 5282 30
0 5283 30
0 5284 30
0 5285 30
0 5286 30
0 5287 30
0 5288 28
0 5289 28
0 5290 28
0 5291 29
0 5292 28
0 5293 29
0 5294 28
0 5295 30
0 5296 28
0 5297 28
0 5298 29
0 5299 28
0 5300 29
0 5301 29
0 5302 29
0 5303 30
0 5304 30
0 5305 29
0 5306 28
0 5307 28
0 5308 28
0 5309 28
0 5310 28
0 5311 28
0 5312 28
0 5313 28
0 5314 28
0 5315 29
0 5316 29
0 5317 28
0 5318 29
0 5319 28
0 5320 29
0 5321 28
0 5322 29
0 5323 29
0 5324 28
0 5325 28
0 5326 28
0 5327 28
0 5328 28
0 5329 28
0 5330 28
0 5331 28
0 5332 28
0 5333 28
0 5334 28
0 5335 29
0 5336 28
0 5337 28
0 5338 29
0 5339 28
0 5340 29
0 5341 28
0 5342 29
0 5343 30
0 5344 30
0 5345 29
0 5346 28
0 5347 28
0 5348 28
0 5349 28
0 5350 28
0 5351 28
0 5352 28
0 5353 28
0 5354 28
0 5355 29
0 5356 28
0 5357 28
0 5358 29
0 5359 28
0 5360 29
0 5361 29
0 5362 29
0 5363 29
0 5364 28
0 5365 29
0 5366 28
0 5367 28
0 5368 28
0 5369 28
0 5370 28
0 5371 28
0 5372 28
0 5373 28
0 5374 28
0 5375 29
0 5376 28
0 5377 28
0 5378 28
0 5379 29
0 5380 29
0 5381 28
0 5382 28
0 5383 28
0 5384 28
0 5385 28
0 5386 28
0 5387 28
0 5388 29
0 5389 29
0 5390 29
0 5391 29
0 5392 29
0 5393 29
0 5394 29
0 5395 28
0 5396 29
0 5397 29
0 5398 28
0 5399 29
0 5400 29
0 5401 28
0 5402 28
0 5403 28
0 5404 28
0 5405 28
0 5406 28
0 5407 28
0 5408 29
0 5409 29
0 5410 29
0 5411 29
0 5412 29
0 5413 29
0 5414 29
0 5415 28
0 5416 28
0 5417 28
0 5418 28
0 5419 29
0 5420 29
0 5421 28
0 5422 28
0 5423 28
0 5424 28
0 5425 28
0 5426 29
0 5427 29
0 5428 29
0 5429 29
0 5430 29
0 5431 29
0 5432 29
0 5433 29
0 5434 29
0 5435 28
0 5436 28
0 5437 29
0 5438 28
0 5439 29
0 5440 29
0 5441 29
0 5442 29
0 5443 29
0 5444 29
0 5445 28
0 5446 29
0 5447 29
0 5448 29
0 5449 29
0 5450 29
0 5451 29
0 5452 29
0 5453 29
0 5454 29
0 5455 28
0 5456 29
0 5457 29
0 5458 28
0 5459 29
0 5460 29
0 5461 28
0 5462 28
0 5463 28
0 5464 28
0 5465 29
0 5466 29
0 5467 29
0 5468 29
0 5469 29
0 5470 29
0 5471 29
0 5472 29
0 5473 29
0 5474 29
0 5475 29
0 5476 28
0 5477 28
0 5478 28
0 5479 28
0 5480 28
0 5481 29
0 5482 29
0 5483 29
0 5484 29
0 5485 29
0 5486 29
0 5487 29
0 5488 28
0 5489 28
0 5490 28
0 5491 28
0 5492 28
0 5493 28
0 5494 28
0 5495 29
0 5496 28
0 5497 28
0 5498 28
0 5499 28
0 5500 28
0 5501 29
0 5502 28
0 5503 29
0 5504 28
0 5505 28
0 5506 28
0 5507 28
0 5508 28
0 5509 28
0 5510 28
0 5511 28
0 5512 28
0 5513 28
0 5514 28
0 5515 28
0 5516 28
0 5517 28
0 5518 28
0 5519 28
0 5520 28
0 5521 29
0 5522 28
0 5523 28
0 5524 28
0 5525 28
0 5526 28
0 5527 28
0 5528 28
0 5529 28
0 5530 28
0 5531 28
0 5532 28
0 5533 28
0 5534 28
0 5535 29
0 5536 28
0 5537 28
0 5538 28
0 5539 28
0 5540 28
0 5541 29
0 5542 29
0 5543 29
0 5544 29
0 5545 29
0 5546 28
0 5547 28
0 5548 28
0 5549 28
0 5550 28
0 5551 28
0 5552 28
0 5553 28
0 5554 28
0 5555 29
0 5556 28
0 5557 28
0 5558 28
0 5559 28
0 5560 28
0 5561 29
0 5562 29
0 5563 29
0 5564 29
0 5565 28
0 5566 28
0 5567 28
0 5568 28
0 5569 28
0 5570 28
0 5571 28
0 5572 28
0 5573 28
0 5574 28
0 5575 28
0 5576 28
0 5577 28
0 5578 28
0 5579 29
0 5580 28
0 5581 28
0 5582 28
0 5583 28
0 5584 28
0 5585 28
0 5586 28
0 5587 28
0 5588 28
0 5589 28
0 5590 28
0 5591 28
0 5592 28
0 5593 28
0 5594 28
0 5595 28
0 5596 29
0 5597 28
0 5598 29
0 5599 29
0 5600 28
0 5601 28
0 5602 28
0 5603 28
0 5604 28
0 5605 28
0 5606 28
0 5607 28
0 5608 28
0 5609 28
0 5610 28
0 5611 28
0 5612 28
0 5613 28
0 5614 28
0 5615 28
0 5616 29
0 5617 28
0 5618 29
0 5619 30
0 5620 28
0 5621 28
0 5622 28
0 5623 28
0 5624 28
0 5625 28
0 5626 28
0 5627 28
0 5628 28
0 5629 28
0 5630 28
0 5631 28
0 5632 28
0 5633 28
0 5634 28
0 5635 28
0 5636 29
0 5637 28
0 5638 29
0 5639 30
0 5640 28
0 5641 29
0 5642 28
0 5643 28
0 5644 28
0 5645 28
0 5646 28
0 5647 28
0 5648 28
0 5649 28
0 5650 28
0 5651 28
0 5652 28
0 5653 28
0 5654 28
0 5655 28
0 5656 28
0 5657 28
0 5658 28
0 5659 29
0 5660 28
0 5661 28
0 5662 28
0 5663 28
0 5664 28
0 5665 28
0 5666 28
0 5667 28
0 5668 28
0 5669 29
0 5670 28
0 5671 28
0 5672 29
0 5673 28
0 5674 28
0 5675 28
0 5676 29
0 5677 28
0 5678 29
0 5679 31
0 5680 28
0 5681 29
0 5682 28
0 5683 28
0 5684 28
0 5685 28
0 5686 29
0 5687 29
0 5688 29
0 5689 29
0 5690 30
0 5691 30
0 5692 29
0 5693 29
0 5694 29
0 5695 29
0 5696 30
0 5697 30
0 5698 30
0 5699 30
0 5700 30
0 5701 30
0 5702 29
0 5703 28
0 5704 29
0 5705 28
0 5706 29
0 5707 29
0 5708 29
0 5709 30
0 5710 30
0 5711 30
0 5712 29
0 5713 29
0 5714 29
0 5715 28
0 5716 30
0 5717 30
0 5718 29
0 5719 30
0 5720 29
0 5721 30
0 5722 28
0 5723 28
0 5724 28
0 5725 28
0 5726 28
0 5727 29
0 5728 29
0 5729 29
0 5730 30
0 5731 30
0 5732 29
0 5733 29
0 5734 29
0 5735 28
0 5736 29
0 5737 30
0 5738 29
0 5739 30
0 5740 29
0 5741 29
0 5742 28
0 5743 28
0 5744 28
0 5745 28
0 5746 28
0 5747 28
0 5748 29
0 5749 29
0 5750 29
0 5751 29
0 5752 29
0 5753 29
0 5754 28
0 5755 28
0 5756 29
0 5757 29
0 5758 29
0 5759 30
0 5760 29
0 5761 29
0 5762 28
0 5763 28
0 5764 28
0 5765 29
0 5766 28
0 5767 29
0 5768 29
0 5769 30
0 5770 30
0 5771 30
0 5772 30
0 5773 30
0 5774 30
0 5775 29
0 5776 30
0 5777 31
0 5778 29
0 5779 30
0 5780 29
0 5781 30
0 5782 29
0 5783 29
0 5784 29
0 5785 29
0 5786 29
0 5787 30
0 5788 29
0 5789 30
0 5790 30
0 5791 30
0 5792 29
0 5793 30
0 5794 29
0 5795 30
0 5796 30
0 5797 30
0 5798 30
0 5799 29
0 5800 29
0 5801 29
0 5802 29
0 5803 29
0 5804 30
0 5805 29
0 5806 30
0 5807 30
0 5808 30
0 5809 30
0 5810 30
0 5811 30
0 5812 29
0 5813 29
0 5814 29
0 5815 30
0 5816 30
0 5817 30
0 5818 29
0 5819 30
0 5820 29
0 5821 29
0 5822 29
0 5823 29
0 5824 29
0 5825 29
0 5826 29
0 5827 31
0 5828 30
0 5829 30
0 5830 30
0 5831 29
0 5832 29
0 5833 30
0 5834 30
0 5835 29
0 5836 30
0 5837 30
0 5838 30
0 5839 30
0 5840 30
0 5841 29
0 5842 29
0 5843 29
0 5844 29
0 5845 29
0 5846 29
0 5847 30
0 5848 30
0 5849 30
0 5850 29
0 5851 30
0 5852 30
0 5853 30
0 5854 30
0 5855 29
0 5856 30
0 5857 31
0 5858 30
0 5859 30
0 5860 29
0 5861 29
0 5862 29
0 5863 29
0 5864 29
0 5865 29
0 5866 30
0 5867 31
0 5868 30
0 5869 30
0 5870 30
0 5871 30
0 5872 29
0 5873 29
0 5874 30
0 5875 30
0 5876 30
0 5877 30
0 5878 29
0 5879 29
0 5880 29
0 5881 29
0 5882 30
0 5883 30
0 5884 30
0 5885 30
0 5886 30
0 5887 30
0 5888 30
0 5889 30
0 5890 30
0 5891 29
0 5892 29
0 5893 30
0 5894 30
0 5895 29
0 5896 29
0 5897 30
0 5898 30
0 5899 29
0 5900 30
0 5901 29
0 5902 30
0 5903 29
0 5904 29
0 5905 30
0 5906 30
0 5907 30
0 5908 30
0 5909 30
0 5910 30
0 5911 30
0 5912 30
0 5913 30
0 5914 30
0 5915 30
0 5916 30
0 5917 30
0 5918 29
0 5919 29
0 5920 29
0 5921 29
0 5922 30
0 5923 29
0 5924 29
0 5925 30
0 5926 30
0 5927 30
0 5928 30
0 5929 30
0 5930 30
0 5931 30
0 5932 29
0 5933 30
0 5934 30
0 5935 30
0 5936 30
0 5937 30
0 5938 30
0 5939 29
0 5940 29
0 5941 29
0 5942 30
0 5943 29
0 5944 29
0 5945 29
0 5946 30
0 5947 30
0 5948 30
0 5949 30
0 5950 30
0 5951 29
0 5952 29
0 5953 30
0 5954 30
0 5955 29
0 5956 29
0 5957 30
0 5958 30
0 5959 30
0 5960 29
0 5961 29
0 5962 30
0 5963 30
0 5964 30
0 5965 30
0 5966 30
0 5967 30
0 5968 30
0 5969 30
0 5970 30
0 5971 30
0 5972 30
0 5973 30
0 5974 30
0 5975 29
0 5976 29
0 5977 30
0 5978 30
0 5979 29
0 5980 30
0 5981 29
0 5982 30
0 5983 29
0 5984 29
0 5985 30
0 5986 30
0 5987 30
0 5988 29
0 5989 29
0 5990 29
0 5991 29
0 5992 29
0 5993 30
0 5994 30
0 5995 30
0 5996 29
0 5997 30
0 5998 30
0 5999 29
0 6000 29
0 6001 30
0 6002 30
0 6003 30
0 6004 30
0 6005 30
0 6006 30
0 6007 30
0 6008 29
0 6009 29
0 6010 29
0 6011 29
0 6012 29
0 6013 30
0 6014 30
0 6015 30
0 6016 29
0 6017 30
0 6018 30
0 6019 29
0 6020 29
0 6021 29
0 6022 30
0 6023 30
0 6024 29
0 6025 29
0 6026 30
0 6027 30
0 6028 30
0 6029 30
0 6030 29
0 6031 30
0 6032 30
0 6033 30
0 6034 30
0 6035 29
0 6036 30
0 6037 30
0 6038 30
0 6039 29
0 6040 29
0 6041 29
0 6042 30
0 6043 30
0 6044 30
0 6045 30
0 6046 29
0 6047 30
0 6048 30
0 6049 30
0 6050 30
0 6051 30
0 6052 30
0 6053 30
0 6054 30
0 6055 29
0 6056 30
0 6057 30
0 6058 30
0 6059 29
0 6060 30
0 6061 29
0 6062 30
0 6063 29
0 6064 29
0 6065 29
0 6066 30
0 6067 30
0 6068 29
0 6069 29
0 6070 29
0 6071 29
0 6072 29
0 6073 30
0 6074 30
0 6075 30
0 6076 28
0 6077 29
0 6078 30
0 6079 29
0 6080 30
0 6081 29
0 6082 30
0 6083 30
0 6084 30
0 6085 30
0 6086 30
0 6087 30
0 6088 29
0 6089 29
0 6090 30
0 6091 29
0 6092 29
0 6093 29
0 6094 29
0 6095 30
0 6096 29
0 6097 29
0 6098 30
0 6099 29
0 6100 30
0 6101 29
0 6102 30
0 6103 30
0 6104 30
0 6105 30
0 6106 30
0 6107 30
0 6108 29
0 6109 29
0 6110 29
0 6111 29
0 6112 29
0 6113 30
0 6114 30
0 6115 30
0 6116 29
0 6117 29
0 6118 30
0 6119 29
0 6120 29
0 6121 29
0 6122 30
0 6123 29
0 6124 29
0 6125 30
0 6126 30
0 6127 30
0 6128 30
0 6129 30
0 6130 30
0 6131 30
0 6132 30
0 6133 30
0 6134 30
0 6135 29
0 6136 30
0 6137 30
0 6138 30
0 6139 29
0 6140 29
0 6141 29
0 6142 30
0 6143 30
0 6144 30
0 6145 30
0 6146 30
0 6147 30
0 6148 30
0 6149 29
0 6150 29
0 6151 30
0 6152 30
0 6153 30
0 6154 30
0 6155 29
0 6156 29
0 6157 30
0 6158 30
0 6159 29
0 6160 29
0 6161 29
0 6162 30
0 6163 29
0 6164 30
0 6165 30
0 6166 30
0 6167 30
0 6168 30
0 6169 29
0 6170 29
0 6171 29
0 6172 29
0 6173 30
0 6174 30
0 6175 30
0 6176 29
0 6177 29
0 6178 30
0 6179 29
0 6180 30
0 6181 29
0 6182 30
0 6183 30
0 6184 30
0 6185 30
0 6186 30
0 6187 29
0 6188 29
0 6189 29
0 6190 29
0 6191 29
0 6192 29
0 6193 29
0 6194 29
0 6195 30
0 6196 29
0 6197 29
0 6198 30
0 6199 29
0 6200 30
0 6201 29
0 6202 30
0 6203 30
0 6204 30
0 6205 30
0 6206 30
0 6207 30
0 6208 29
0 6209 29
0 6210 29
0 6211 29
0 6212 29
0 6213 30
0 6214 30
0 6215 30
0 6216 29
0 6217 30
0 6218 30
0 6219 29
0 6220 30
0 6221 30
0 6222 30
0 6223 29
0 6224 29
0 6225 30
0 6226 30
0 6227 30
0 6228 30
0 6229 30
0 6230 30
0 6231 30
0 6232 30
0 6233 30
0 6234 30
0 6235 29
0 6236 30
0 6237 30
0 6238 30
0 6239 29
0 6240 30
0 6241 29
0 6242 31
0 6243 29
0 6244 29
0 6245 29
0 6246 30
0 6247 30
0 6248 30
0 6249 30
0 6250 30
0 6251 30
0 6252 30
0 6253 30
0 6254 30
0 6255 29
0 6256 30
0 6257 30
0 6258 30
0 6259 29
0 6260 30
0 6261 30
0 6262 30
0 6263 29
0 6264 29
0 6265 29
0 6266 30
0 6267 30
0 6268 29
0 6269 29
0 6270 29
0 6271 29
0 6272 29
0 6273 30
0 6274 29
0 6275 29
0 6276 30
0 6277 29
0 6278 30
0 6279 29
0 6280 29
0 6281 29
0 6282 30
0 6283 30
0 6284 30
0 6285 30
0 6286 30
0 6287 29
0 6288 29
0 6289 29
0 6290 30
0 6291 29
0 6292 30
0 6293 29
0 6294 29
0 6295 30
0 6296 29
0 6297 29
0 6298 30
0 6299 29
0 6300 30
0 6301 29
0 6302 30
0 6303 30
0 6304 30
0 6305 30
0 6306 30
0 6307 29
0 6308 29
0 6309 29
0 6310 29
0 6311 29
0 6312 29
0 6313 30
0 6314 30
0 6315 30
0 6316 28
0 6317 30
0 6318 30
0 6319 29
0 6320 29
0 6321 30
0 6322 30
0 6323 30
0 6324 30
0 6325 29
0 6326 30
0 6327 30
0 6328 30
0 6329 30
0 6330 30
0 6331 30
0 6332 30
0 6333 30
0 6334 30
0 6335 30
0 6336 30
0 6337 30
0 6338 30
0 6339 29
0 6340 29
0 6341 29
0 6342 30
0 6343 29
0 6344 30
0 6345 31
0 6346 30
0 6347 30
0 6348 30
0 6349 30
0 6350 30
0 6351 30
0 6352 30
0 6353 30
0 6354 30
0 6355 30
0 6356 28
0 6357 30
0 6358 30
0 6359 29
0 6360 29
0 6361 30
0 6362 30
0 6363 29
0 6364 30
0 6365 30
0 6366 30
0 6367 30
0 6368 29
0 6369 29
0 6370 29
0 6371 29
0 6372 29
0 6373 29
0 6374 29
0 6375 30
0 6376 30
0 6377 29
0 6378 30
0 6379 30
0 6380 30
0 6381 29
0 6382 30
0 6383 30
0 6384 30
0 6385 30
0 6386 30
0 6387 29
0 6388 29
0 6389 29
0 6390 30
0 6391 29
0 6392 29
0 6393 29
0 6394 29
0 6395 30
0 6396 29
0 6397 29
0 6398 30
0 6399 29
0 6400 30
0 6401 29
0 6402 30
0 6403 30
0 6404 30
0 6405 30
0 6406 29
0 6407 30
0 6408 29
0 6409 29
0 6410 29
0 6411 29
0 6412 29
0 6413 30
0 6414 30
0 6415 29
0 6416 29
0 6417 30
0 6418 30
0 6419 29
0 6420 30
0 6421 29
0 6422 30
0 6423 29
0 6424 29
0 6425 30
0 6426 30
0 6427 30
0 6428 30
0 6429 30
0 6430 30
0 6431 30
0 6432 30
0 6433 30
0 6434 30
0 6435 29
0 6436 29
0 6437 30
0 6438 30
0 6439 29
0 6440 29
0 6441 29
0 6442 30
0 6443 29
0 6444 29
0 6445 29
0 6446 30
0 6447 30
0 6448 30
0 6449 30
0 6450 29
0 6451 30
0 6452 30
0 6453 30
0 6454 30
0 6455 29
0 6456 29
0 6457 30
0 6458 30
0 6459 29
0 6460 30
0 6461 29
0 6462 30
0 6463 29
0 6464 30
0 6465 30
0 6466 30
0 6467 30
0 6468 29
0 6469 29
0 6470 29
0 6471 29
0 6472 29
0 6473 30
0 6474 30
0 6475 30
0 6476 29
0 6477 29
0 6478 30
0 6479 29
0 6480 29
0 6481 29
0 6482 30
0 6483 30
0 6484 30
0 6485 30
0 6486 30
0 6487 30
0 6488 29
0 6489 29
0 6490 29
0 6491 29
0 6492 29
0 6493 30
0 6494 30
0 6495 30
0 6496 29
0 6497 29
0 6498 29
0 6499 29
0 6500 30
0 6501 29
0 6502 30
0 6503 30
0 6504 30
0 6505 30
0 6506 30
0 6507 30
0 6508 29
0 6509 29
0 6510 29
0 6511 30
0 6512 30
0 6513 30
0 6514 30
0 6515 30
0 6516 29
0 6517 30
0 6518 30
0 6519 29
0 6520 29
0 6521 29
0 6522 30
0 6523 30
0 6524 30
0 6525 30
0 6526 29
0 6527 30
0 6528 30
0 6529 30
0 6530 30
0 6531 30
0 6532 30
0 6533 30
0 6534 30
0 6535 30
0 6536 30
0 6537 30
0 6538 30
0 6539 30
0 6540 29
0 6541 29
0 6542 30
0 6543 30
0 6544 30
0 6545 30
0 6546 30
0 6547 30
0 6548 30
0 6549 30
0 6550 30
0 6551 30
0 6552 30
0 6553 30
0 6554 30
0 6555 29
0 6556 30
0 6557 30
0 6558 30
0 6559 29
0 6560 30
0 6561 28
0 6562 30
0 6563 29
0 6564 29
0 6565 30
0 6566 30
0 6567 30
0 6568 30
0 6569 30
0 6570 29
0 6571 29
0 6572 29
0 6573 30
0 6574 30
0 6575 29
0 6576 29
0 6577 30
0 6578 30
0 6579 29
0 6580 29
0 6581 30
0 6582 30
0 6583 29
0 6584 30
0 6585 30
0 6586 30
0 6587 30
0 6588 30
0 6589 30
0 6590 29
0 6591 30
0 6592 30
0 6593 30
0 6594 30
0 6595 30
0 6596 29
0 6597 29
0 6598 30
0 6599 29
0 6600 30
0 6601 28
0 6602 30
0 6603 29
0 6604 29
0 6605 30
0 6606 30
0 6607 30
0 6608 30
0 6609 30
0 6610 30
0 6611 30
0 6612 30
0 6613 30
0 6614 30
0 6615 29
0 6616 30
0 6617 30
0 6618 30
0 6619 29
0 6620 29
0 6621 29
0 6622 30
0 6623 29
0 6624 30
0 6625 29
0 6626 30
0 6627 30
0 6628 30
0 6629 30
0 6630 30
0 6631 30
0 6632 29
0 6633 29
0 6634 29
0 6635 30
0 6636 30
0 6637 30
0 6638 30
0 6639 29
0 6640 30
0 6641 29
0 6642 30
0 6643 29
0 6644 30
0 6645 30
0 6646 29
0 6647 30
0 6648 30
0 6649 30
0 6650 30
0 6651 30
0 6652 29
0 6653 29
0 6654 29
0 6655 30
0 6656 30
0 6657 30
0 6658 30
0 6659 29
0 6660 29
0 6661 29
0 6662 30
0 6663 30
0 6664 30
0 6665 31
0 6666 30
0 6667 30
0 6668 30
0 6669 29
0 6670 29
0 6671 30
0 6672 30
0 6673 30
0 6674 30
0 6675 30
0 6676 28
0 6677 30
0 6678 30
0 6679 29
0 6680 29
0 6681 30
0 6682 29
0 6683 30
0 6684 30
0 6685 29
0 6686 30
0 6687 30
0 6688 30
0 6689 30
0 6690 29
0 6691 30
0 6692 30
0 6693 30
0 6694 30
0 6695 29
0 6696 29
0 6697 30
0 6698 30
0 6699 29
0 6700 29
0 6701 29
0 6702 30
0 6703 30
0 6704 30
0 6705 30
0 6706 29
0 6707 30
0 6708 30
0 6709 30
0 6710 30
0 6711 30
0 6712 29
0 6713 29
0 6714 29
0 6715 30
0 6716 30
0 6717 30
0 6718 29
0 6719 30
0 6720 29
0 6721 30
0 6722 29
0 6723 29
0 6724 30
0 6725 30
0 6726 30
0 6727 30
0 6728 29
0 6729 29
0 6730 30
0 6731 29
0 6732 29
0 6733 30
0 6734 30
0 6735 29
0 6736 30
0 6737 31
0 6738 30
0 6739 29
0 6740 29
0 6741 29
0 6742 30
0 6743 29
0 6744 29
0 6745 29
0 6746 30
0 6747 30
0 6748 29
0 6749 30
0 6750 30
0 6751 30
0 6752 29
0 6753 29
0 6754 30
0 6755 29
0 6756 29
0 6757 30
0 6758 30
0 6759 29
0 6760 29
0 6761 29
0 6762 30
0 6763 30
0 6764 30
0 6765 30
0 6766 29
0 6767 30
0 6768 30
0 6769 30
0 6770 30
0 6771 30
0 6772 30
0 6773 30
0 6774 30
0 6775 29
0 6776 30
0 6777 30
0 6778 30
0 6779 29
0 6780 30
0 6781 29
0 6782 30
0 6783 30
0 6784 30
0 6785 30
0 6786 30
0 6787 30
0 6788 30
0 6789 30
0 6790 30
0 6791 30
0 6792 30
0 6793 29
0 6794 30
0 6795 29
0 6796 29
0 6797 30
0 6798 30
0 6799 29
0 6800 29
0 6801 29
0 6802 30
0 6803 30
0 6804 30
0 6805 30
0 6806 29
0 6807 30
0 6808 29
0 6809 30
0 6810 30
0 6811 30
0 6812 29
0 6813 30
0 6814 30
0 6815 29
0 6816 30
0 6817 30
0 6818 30
0 6819 29
0 6820 30
0 6821 29
0 6822 29
0 6823 28
0 6824 29
0 6825 29
0 6826 29
0 6827 30
0 6828 30
0 6829 30
0 6830 29
0 6831 29
0 6832 30
0 6833 30
0 6834 30
0 6835 29
0 6836 30
0 6837 31
0 6838 30
0 6839 30
0 6840 30
0 6841 29
0 6842 29
0 6843 29
0 6844 29
0 6845 29
0 6846 29
0 6847 30
0 6848 30
0 6849 30
0 6850 30
0 6851 30
0 6852 30
0 6853 29
0 6854 29
0 6855 30
0 6856 30
0 6857 30
0 6858 30
0 6859 30
0 6860 29
0 6861 29
0 6862 29
0 6863 30
0 6864 29
0 6865 30
0 6866 30
0 6867 30
0 6868 30
0 6869 30
0 6870 30
0 6871 30
0 6872 29
0 6873 29
0 6874 29
0 6875 30
0 6876 30
0 6877 30
0 6878 29
0 6879 29
0 6880 29
0 6881 29
0 6882 30
0 6883 29
0 6884 30
0 6885 29
0 6886 30
0 6887 30
0 6888 30
0 6889 30
0 6890 30
0 6891 30
0 6892 29
0 6893 29
0 6894 30
0 6895 29
0 6896 30
0 6897 31
0 6898 29
0 6899 30
0 6900 29
0 6901 30
0 6902 29
0 6903 29
0 6904 29
0 6905 29
0 6906 29
0 6907 29
0 6908 30
0 6909 30
0 6910 29
0 6911 30
0 6912 30
0 6913 30
0 6914 30
0 6915 29
0 6916 29
0 6917 31
0 6918 29
0 6919 30
0 6920 30
0 6921 30
0 6922 29
0 6923 28
0 6924 28
0 6925 28
0 6926 29
0 6927 29
0 6928 29
0 6929 30
0 6930 30
0 6931 30
0 6932 30
0 6933 30
0 6934 29
0 6935 29
0 6936 30
0 6937 30
0 6938 29
0 6939 30
0 6940 29
0 6941 30
0 6942 28
0 6943 28
0 6944 28
0 6945 28
0 6946 29
0 6947 29
0 6948 30
0 6949 30
0 6950 29
0 6951 29
0 6952 29
0 6953 30
0 6954 30
0 6955 29
0 6956 30
0 6957 30
0 6958 30
0 6959 30
0 6960 30
0 6961 29
0 6962 29
0 6963 29
0 6964 29
0 6965 29
0 6966 29
0 6967 30
0 6968 29
0 6969 29
0 6970 29
0 6971 30
0 6972 29
0 6973 29
0 6974 30
0 6975 29
0 6976 30
0 6977 30
0 6978 29
0 6979 30
0 6980 29
0 6981 29
0 6982 29
0 6983 29
0 6984 29
0 6985 29
0 6986 30
0 6987 30
0 6988 29
0 6989 30
0 6990 30
0 6991 29
0 6992 29
0 6993 30
0 6994 30
0 6995 29
0 6996 30
0 6997 30
0 6998 30
0 6999 30
0 7000 30
0 7001 30
0 7002 29
0 7003 28
0 7004 28
0 7005 28
0 7006 28
0 7007 29
0 7008 29
0 7009 29
0 7010 30
0 7011 30
0 7012 29
0 7013 29
0 7014 29
0 7015 28
0 7016 29
0 7017 29
0 7018 29
0 7019 30
0 7020 29
0 7021 29
0 7022 28
0 7023 28
0 7024 28
0 7025 28
0 7026 28
0 7027 28
0 7028 29
0 7029 29
0 7030 29
0 7031 29
0 7032 29
0 7033 29
0 7034 29
0 7035 28
0 7036 31
0 7037 29
0 7038 29
0 7039 31
0 7040 29
0 7041 30
0 7042 28
0 7043 28
0 7044 29
0 7045 29
0 7046 29
0 7047 29
0 7048 30
0 7049 30
0 7050 30
0 7051 30
0 7052 30
0 7053 30
0 7054 29
0 7055 29
0 7056 30
0 7057 31
0 7058 30
0 7059 30
0 7060 30
0 7061 30
0 7062 29
0 7063 28
0 7064 29
0 7065 29
0 7066 29
0 7067 29
0 7068 30
0 7069 29
0 7070 29
0 7071 30
0 7072 30
0 7073 30
0 7074 29
0 7075 29
0 7076 30
0 7077 31
0 7078 30
0 7079 30
0 7080 30
0 7081 30
0 7082 28
0 7083 28
0 7084 28
0 7085 28
0 7086 29
0 7087 29
0 7088 29
0 7089 30
0 7090 29
0 7091 30
0 7092 30
0 7093 29
0 7094 29
0 7095 28
0 7096 29
0 7097 30
0 7098 29
0 7099 30
0 7100 29
0 7101 29
0 7102 28
0 7103 28
0 7104 28
0 7105 28
0 7106 28
0 7107 28
0 7108 29
0 7109 29
0 7110 29
0 7111 29
0 7112 28
0 7113 28
0 7114 28
0 7115 28
0 7116 29
0 7117 28
0 7118 29
0 7119 30
0 7120 28
0 7121 28
0 7122 28
0 7123 28
0 7124 28
0 7125 28
0 7126 28
0 7127 28
0 7128 28
0 7129 28
0 7130 29
0 7131 28
0 7132 28
0 7133 28
0 7134 28
0 7135 28
0 7136 28
0 7137 28
0 7138 29
0 7139 29
0 7140 28
0 7141 28
0 7142 28
0 7143 28
0 7144 28
0 7145 28
0 7146 28
0 7147 28
0 7148 29
0 7149 29
0 7150 29
0 7151 29
0 7152 29
0 7153 29
0 7154 29
0 7155 28
0 7156 31
0 7157 29
0 7158 29
0 7159 30
0 7160 29
0 7161 30
0 7162 28
0 7163 28
0 7164 28
0 7165 28
0 7166 28
0 7167 29
0 7168 29
0 7169 29
0 7170 29
0 7171 29
0 7172 29
0 7173 30
0 7174 30
0 7175 29
0 7176 30
0 7177 31
0 7178 29
0 7179 30
0 7180 30
0 7181 29
0 7182 29
0 7183 28
0 7184 28
0 7185 28
0 7186 28
0 7187 29
0 7188 29
0 7189 29
0 7190 29
0 7191 29
0 7192 28
0 7193 28
0 7194 28
0 7195 28
0 7196 29
0 7197 28
0 7198 29
0 7199 30
0 7200 28
0 7201 28
0 7202 28
0 7203 28
0 7204 28
0 7205 28
0 7206 28
0 7207 28
0 7208 28
0 7209 28
0 7210 28
0 7211 28
0 7212 28
0 7213 28
0 7214 28
0 7215 28
0 7216 28
0 7217 28
0 7218 29
0 7219 29
0 7220 28
0 7221 28
0 7222 28
0 7223 28
0 7224 28
0 7225 28
0 7226 28
0 7227 28
0 7228 28
0 7229 28
0 7230 28
0 7231 28
0 7232 28
0 7233 28
0 7234 28
0 7235 28
0 7236 29
0 7237 29
0 7238 29
0 7239 30
0 7240 28
0 7241 28
0 7242 28
0 7243 28
0 7244 28
0 7245 28
0 7246 28
0 7247 28
0 7248 28
0 7249 29
0 7250 29
0 7251 29
0 7252 29
0 7253 29
0 7254 28
0 7255 28
0 7256 29
0 7257 29
0 7258 29
0 7259 31
0 7260 28
0 7261 29
0 7262 28
0 7263 28
0 7264 28
0 7265 28
0 7266 28
0 7267 28
0 7268 29
0 7269 29
0 7270 29
0 7271 29
0 7272 28
0 7273 28
0 7274 28
0 7275 28
0 7276 29
0 7277 29
0 7278 28
0 7279 29
0 7280 29
0 7281 29
0 7282 28
0 7283 28
0 7284 28
0 7285 28
0 7286 28
0 7287 28
0 7288 28
0 7289 28
0 7290 29
0 7291 28
0 7292 28
0 7293 28
0 7294 28
0 7295 28
0 7296 28
0 7297 28
0 7298 30
0 7299 31
0 7300 28
0 7301 29
0 7302 28
0 7303 28
0 7304 28
0 7305 28
0 7306 28
0 7307 28
0 7308 28
0 7309 28
0 7310 28
0 7311 28
0 7312 28
0 7313 28
0 7314 28
0 7315 28
0 7316 28
0 7317 28
0 7318 28
0 7319 29
0 7320 28
0 7321 28
0 7322 28
0 7323 28
0 7324 28
0 7325 28
0 7326 28
0 7327 28
0 7328 28
0 7329 28
0 7330 28
0 7331 28
0 7332 28
0 7333 28
0 7334 28
0 7335 28
0 7336 28
0 7337 28
0 7338 29
0 7339 29
0 7340 28
0 7341 28
0 7342 28
0 7343 28
0 7344 28
0 7345 28
0 7346 28
0 7347 28
0 7348 28
0 7349 28
0 7350 28
0 7351 28
0 7352 28
0 7353 28
0 7354 28
0 7355 28
0 7356 28
0 7357 28
0 7358 29
0 7359 30
0 7360 28
0 7361 28
0 7362 28
0 7363 28
0 7364 28
0 7365 28
0 7366 28
0 7367 28
0 7368 28
0 7369 28
0 7370 28
0 7371 28
0 7372 28
0 7373 28
0 7374 28
0 7375 28
0 7376 29
0 7377 28
0 7378 29
0 7379 30
0 7380 28
0 7381 29
0 7382 28
0 7383 28
0 7384 28
0 7385 28
0 7386 28
0 7387 28
0 7388 28
0 7389 28
0 7390 28
0 7391 28
0 7392 28
0 7393 28
0 7394 28
0 7395 28
0 7396 28
0 7397 28
0 7398 29
0 7399 29
0 7400 28
0 7401 28
0 7402 28
0 7403 28
0 7404 28
0 7405 28
0 7406 28
0 7407 28
0 7408 28
0 7409 28
0 7410 28
0 7411 28
0 7412 28
0 7413 28
0 7414 28
0 7415 29
0 7416 28
0 7417 28
0 7418 28
0 7419 28
0 7420 28
0 7421 28
0 7422 28
0 7423 29
0 7424 29
0 7425 28
0 7426 28
0 7427 28
0 7428 28
0 7429 28
0 7430 28
0 7431 28
0 7432 28
0 7433 28
0 7434 28
0 7435 28
0 7436 28
0 7437 28
0 7438 28
0 7439 29
0 7440 28
0 7441 28
0 7442 28
0 7443 28
0 7444 28
0 7445 28
0 7446 28
0 7447 28
0 7448 28
0 7449 28
0 7450 28
0 7451 28
0 7452 28
0 7453 28
0 7454 28
0 7455 28
0 7456 28
0 7457 28
0 7458 28
0 7459 30
0 7460 28
0 7461 28
0 7462 28
0 7463 28
0 7464 28
0 7465 28
0 7466 28
0 7467 28
0 7468 28
0 7469 28
0 7470 28
0 7471 28
0 7472 28
0 7473 28
0 7474 28
0 7475 28
0 7476 28
0 7477 28
0 7478 29
0 7479 29
0 7480 28
0 7481 28
0 7482 28
0 7483 28
0 7484 28
0 7485 28
0 7486 28
0 7487 28
0 7488 28
0 7489 28
0 7490 28
0 7491 28
0 7492 28
0 7493 28
0 7494 28
0 7495 28
0 7496 28
0 7497 28
0 7498 28
0 7499 29
0 7500 28
0 7501 29
0 7502 28
0 7503 28
0 7504 29
0 7505 28
0 7506 28
0 7507 28
0 7508 28
0 7509 28
0 7510 28
0 7511 28
0 7512 28
0 7513 28
0 7514 28
0 7515 29
0 7516 28
0 7517 28
0 7518 28
0 7519 28
0 7520 28
0 7521 29
0 7522 28
0 7523 28
0 7524 28
0 7525 28
0 7526 28
0 7527 28
0 7528 28
0 7529 28
0 7530 28
0 7531 28
0 7532 28
0 7533 28
0 7534 28
0 7535 28
0 7536 28
0 7537 28
0 7538 28
0 7539 29
0 7540 28
0 7541 28
0 7542 28
0 7543 28
0 7544 28
0 7545 28
0 7546 28
0 7547 28
0 7548 28
0 7549 28
0 7550 28
0 7551 28
0 7552 28
0 7553 28
0 7554 28
0 7555 28
0 7556 28
0 7557 28
0 7558 28
0 7559 29
0 7560 28
0 7561 28
0 7562 28
0 7563 28
0 7564 28
0 7565 28
0 7566 28
0 7567 28
0 7568 28
0 7569 28
0 7570 28
0 7571 28
0 7572 28
0 7573 28
0 7574 28
0 7575 28
0 7576 28
0 7577 28
0 7578 28
0 7579 28
0 7580 28
0 7581 28
0 7582 28
0 7583 28
0 7584 28
0 7585 28
0 7586 28
0 7587 28
0 7588 28
0 7589 28
0 7590 28
0 7591 28
0 7592 28
0 7593 28
0 7594 28
0 7595 28
0 7596 28
0 7597 28
0 7598 28
0 7599 28
0 7600 28
0 7601 29
0 7602 29
0 7603 29
0 7604 29
0 7605 29
0 7606 28
0 7607 28
0 7608 28
0 7609 28
0 7610 28
0 7611 28
0 7612 28
0 7613 29
0 7614 29
0 7615 29
0 7616 28
0 7617 28
0 7618 28
0 7619 28
0 7620 28
0 7621 29
0 7622 28
0 7623 29
0 7624 29
0 7625 29
0 7626 28
0 7627 28
0 7628 28
0 7629 28
0 7630 28
0 7631 28
0 7632 28
0 7633 28
0 7634 28
0 7635 28
0 7636 28
0 7637 28
0 7638 28
0 7639 28
0 7640 28
0 7641 29
0 7642 28
0 7643 29
0 7644 29
0 7645 28
0 7646 28
0 7647 28
0 7648 28
0 7649 28
0 7650 28
0 7651 28
0 7652 28
0 7653 28
0 7654 28
0 7655 28
0 7656 28
0 7657 28
0 7658 28
0 7659 28
0 7660 28
0 7661 28
0 7662 28
0 7663 29
0 7664 28
0 7665 28
0 7666 28
0 7667 28
0 7668 28
0 7669 28
0 7670 28
0 7671 28
0 7672 28
0 7673 28
0 7674 28
0 7675 28
0 7676 28
0 7677 28
0 7678 28
0 7679 28
0 7680 28
0 7681 29
0 7682 28
0 7683 28
0 7684 28
0 7685 28
0 7686 28
0 7687 28
0 7688 28
0 7689 28
0 7690 28
0 7691 28
0 7692 28
0 7693 28
0 7694 28
0 7695 29
0 7696 28
0 7697 28
0 7698 28
0 7699 28
0 7700 28
0 7701 29
0 7702 29
0 7703 29
0 7704 29
0 7705 29
0 7706 29
0 7707 29
0 7708 28
0 7709 28
0 7710 28
0 7711 29
0 7712 29
0 7713 29
0 7714 29
0 7715 29
0 7716 28
0 7717 28
0 7718 28
0 7719 28
0 7720 28
0 7721 29
0 7722 29
0 7723 29
0 7724 29
0 7725 29
0 7726 28
0 7727 28
0 7728 28
0 7729 28
0 7730 28
0 7731 28
0 7732 28
0 7733 28
0 7734 28
0 7735 29
0 7736 28
0 7737 28
0 7738 28
0 7739 28
0 7740 28
0 7741 29
0 7742 28
0 7743 29
0 7744 29
0 7745 29
0 7746 28
0 7747 28
0 7748 28
0 7749 28
0 7750 28
0 7751 28
0 7752 28
0 7753 28
0 7754 28
0 7755 28
0 7756 28
0 7757 28
0 7758 28
0 7759 28
0 7760 28
0 7761 29
0 7762 28
0 7763 29
0 7764 29
0 7765 28
0 7766 28
0 7767 28
0 7768 28
0 7769 28
0 7770 28
0 7771 28
0 7772 28
0 7773 28
0 7774 28
0 7775 29
0 7776 28
0 7777 28
0 7778 28
0 7779 28
0 7780 28
0 7781 29
0 7782 29
0 7783 29
0 7784 29
0 7785 29
0 7786 28
0 7787 28
0 7788 28
0 7789 28
0 7790 28
0 7791 28
0 7792 28
0 7793 29
0 7794 29
0 7795 29
0 7796 28
0 7797 28
0 7798 28
0 7799 28
0 7800 29
0 7801 29
0 7802 29
0 7803 29
0 7804 29
0 7805 29
0 7806 29
0 7807 29
0 7808 29
0 7809 29
0 7810 28
0 7811 28
0 7812 29
0 7813 29
0 7814 29
0 7815 29
0 7816 28
0 7817 28
0 7818 28
0 7819 28
0 7820 28
0 7821 29
0 7822 29
0 7823 29
0 7824 29
0 7825 29
0 7826 29
0 7827 28
0 7828 28
0 7829 28
0 7830 28
0 7831 28
0 7832 28
0 7833 28
0 7834 28
0 7835 29
0 7836 28
0 7837 28
0 7838 28
0 7839 28
0 7840 28
0 7841 29
0 7842 28
0 7843 29
0 7844 29
0 7845 28
0 7846 28
0 7847 28
0 7848 28
0 7849 28
0 7850 28
0 7851 28
0 7852 28
0 7853 28
0 7854 28
0 7855 29
0 7856 28
0 7857 28
0 7858 28
0 7859 28
0 7860 28
0 7861 29
0 7862 28
0 7863 29
0 7864 29
0 7865 29
0 7866 28
0 7867 28
0 7868 28
0 7869 28
0 7870 28
0 7871 28
0 7872 28
0 7873 28
0 7874 28
0 7875 29
0 7876 28
0 7877 28
0 7878 28
0 7879 28
0 7880 28
0 7881 29
0 7882 29
0 7883 29
0 7884 29
0 7885 29
0 7886 29
0 7887 29
0 7888 28
0 7889 29
0 7890 28
0 7891 28
0 7892 29
0 7893 29
0 7894 29
0 7895 29
0 7896 28
0 7897 29
0 7898 28
0 7899 28
0 7900 29
0 7901 29
0 7902 29
0 7903 29
0 7904 29
0 7905 28
0 7906 29
0 7907 29
0 7908 29
0 7909 29
0 7910 28
0 7911 29
0 7912 29
0 7913 29
0 7914 29
0 7915 29
0 7916 28
0 7917 28
0 7918 28
0 7919 28
0 7920 28
0 7921 29
0 7922 29
0 7923 29
0 7924 29
0 7925 29
0 7926 29
0 7927 29
0 7928 28
0 7929 28
0 7930 28
0 7931 28
0 7932 29
0 7933 29
0 7934 29
0 7935 29
0 7936 28
0 7937 28
0 7938 28
0 7939 28
0 7940 28
0 7941 29
0 7942 29
0 7943 29
0 7944 29
0 7945 29
0 7946 28
0 7947 28
0 7948 28
0 7949 28
0 7950 28
0 7951 28
0 7952 28
0 7953 28
0 7954 28
0 7955 29
0 7956 28
0 7957 28
0 7958 28
0 7959 28
0 7960 28
0 7961 29
0 7962 29
0 7963 29
0 7964 29
0 7965 29
0 7966 28
0 7967 28
0 7968 28
0 7969 28
0 7970 28
0 7971 28
0 7972 28
0 7973 29
0 7974 29
0 7975 29
0 7976 28
0 7977 28
0 7978 28
0 7979 28
0 7980 29
0 7981 29
0 7982 29
0 7983 29
0 7984 29
0 7985 29
0 7986 29
0 7987 29
0 7988 28
0 7989 28
0 7990 29
0 7991 29
0 7992 29
0 7993 29
0 7994 29
0 7995 28
0 7996 29
0 7997 29
0 7998 28
0 7999 29
0 8000 29
0 8001 29
0 8002 28
0 8003 28
0 8004 28
0 8005 28
0 8006 29
0 8007 29
0 8008 29
0 8009 29
0 8010 29
0 8011 29
0 8012 29
0 8013 29
0 8014 29
0 8015 29
0 8016 28
0 8017 29
0 8018 28
0 8019 28
0 8020 29
0 8021 29
0 8022 29
0 8023 29
0 8024 29
0 8025 29
0 8026 29
0 8027 29
0 8028 29
0 8029 28
0 8030 28
0 8031 29
0 8032 29
0 8033 29
0 8034 29
0 8035 29
0 8036 28
0 8037 28
0 8038 28
0 8039 28
0 8040 28
0 8041 29
0 8042 29
0 8043 29
0 8044 29
0 8045 29
0 8046 29
0 8047 29
0 8048 28
0 8049 28
0 8050 28
0 8051 28
0 8052 28
0 8053 29
0 8054 29
0 8055 29
0 8056 28
0 8057 28
0 8058 28
0 8059 28
0 8060 28
0 8061 29
0 8062 29
0 8063 29
0 8064 29
0 8065 29
0 8066 28
0 8067 28
0 8068 28
0 8069 28
0 8070 28
0 8071 28
0 8072 29
0 8073 29
0 8074 29
0 8075 29
0 8076 28
0 8077 28
0 8078 28
0 8079 28
0 8080 28
0 8081 29
0 8082 29
0 8083 29
0 8084 29
0 8085 28
0 8086 29
0 8087 29
0 8088 29
0 8089 29
0 8090 29
0 8091 29
0 8092 29
0 8093 29
0 8094 29
0 8095 28
0 8096 29
0 8097 29
0 8098 28
0 8099 29
0 8100 29
0 8101 28
0 8102 28
0 8103 28
0 8104 28
0 8105 28
0 8106 28
0 8107 29
0 8108 29
0 8109 29
0 8110 29
0 8111 29
0 8112 29
0 8113 29
0 8114 29
0 8115 28
0 8116 28
0 8117 29
0 8118 28
0 8119 29
0 8120 29
0 8121 28
0 8122 29
0 8123 29
0 8124 29
0 8125 29
0 8126 29
0 8127 29
0 8128 29
0 8129 29
0 8130 28
0 8131 28
0 8132 29
0 8133 29
0 8134 29
0 8135 29
0 8136 28
0 8137 28
0 8138 28
0 8139 28
0 8140 28
0 8141 29
0 8142 29
0 8143 29
0 8144 29
0 8145 29
0 8146 29
0 8147 29
0 8148 28
0 8149 28
0 8150 28
0 8151 28
0 8152 29
0 8153 29
0 8154 29
0 8155 29
0 8156 28
0 8157 28
0 8158 28
0 8159 28
0 8160 29
0 8161 29
0 8162 29
0 8163 29
0 8164 29
0 8165 29
0 8166 29
0 8167 29
0 8168 28
0 8169 28
0 8170 28
0 8171 28
0 8172 29
0 8173 29
0 8174 29
0 8175 29
0 8176 29
0 8177 29
0 8178 28
0 8179 28
0 8180 29
0 8181 29
0 8182 28
0 8183 28
0 8184 28
0 8185 28
0 8186 29
0 8187 29
0 8188 29
0 8189 29
0 8190 29
0 8191 29
0 8192 29
0 8193 29
0 8194 29
0 8195 28
0 8196 28
0 8197 29
0 8198 28
0 8199 29
0 8200 29
0 8201 28
0 8202 28
0 8203 28
0 8204 28
0 8205 28
0 8206 29
0 8207 29
0 8208 29
0 8209 29
0 8210 29
0 8211 29
0 8212 29
0 8213 29
0 8214 29
0 8215 28
0 8216 29
0 8217 29
0 8218 28
0 8219 29
0 8220 29
0 8221 29
0 8222 28
0 8223 28
0 8224 28
0 8225 28
0 8226 29
0 8227 29
0 8228 28
0 8229 28
0 8230 28
0 8231 29
0 8232 29
0 8233 29
0 8234 29
0 8235 29
0 8236 28
0 8237 28
0 8238 28
0 8239 28
0 8240 28
0 8241 29
0 8242 29
0 8243 29
0 8244 29
0 8245 28
0 8246 29
0 8247 29
0 8248 29
0 8249 29
0 8250 28
0 8251 29
0 8252 29
0 8253 29
0 8254 29
0 8255 29
0 8256 29
0 8257 28
0 8258 28
0 8259 28
0 8260 28
0 8261 29
0 8262 29
0 8263 29
0 8264 29
0 8265 29
0 8266 29
0 8267 29
0 8268 29
0 8269 29
0 8270 29
0 8271 29
0 8272 29
0 8273 29
0 8274 29
0 8275 28
0 8276 29
0 8277 29
0 8278 28
0 8279 29
0 8280 29
0 8281 28
0 8282 28
0 8283 28
0 8284 28
0 8285 28
0 8286 28
0 8287 28
0 8288 29
0 8289 29
0 8290 29
0 8291 29
0 8292 29
0 8293 29
0 8294 29
0 8295 28
0 8296 29
0 8297 29
0 8298 29
0 8299 29
0 8300 29
0 8301 28
0 8302 28
0 8303 28
0 8304 28
0 8305 28
0 8306 28
0 8307 29
0 8308 29
0 8309 29
0 8310 29
0 8311 29
0 8312 29
0 8313 29
0 8314 29
0 8315 28
0 8316 29
0 8317 29
0 8318 28
0 8319 29
0 8320 29
0 8321 28
0 8322 28
0 8323 29
0 8324 29
0 8325 29
0 8326 29
0 8327 29
0 8328 29
0 8329 29
0 8330 29
0 8331 29
0 8332 29
0 8333 29
0 8334 29
0 8335 29
0 8336 28
0 8337 28
0 8338 28
0 8339 28
0 8340 29
0 8341 29
0 8342 29
0 8343 29
0 8344 29
0 8345 29
0 8346 29
0 8347 29
0 8348 29
0 8349 29
0 8350 29
0 8351 29
0 8352 29
0 8353 29
0 8354 29
0 8355 29
0 8356 28
0 8357 28
0 8358 28
0 8359 29
0 8360 29
0 8361 29
0 8362 28
0 8363 28
0 8364 28
0 8365 28
0 8366 29
0 8367 29
0 8368 29
0 8369 29
0 8370 29
0 8371 29
0 8372 29
0 8373 29
0 8374 29
0 8375 28
0 8376 29
0 8377 29
0 8378 28
0 8379 29
0 8380 29
0 8381 28
0 8382 28
0 8383 28
0 8384 28
0 8385 28
0 8386 28
0 8387 29
0 8388 29
0 8389 29
0 8390 29
0 8391 29
0 8392 28
0 8393 28
0 8394 28
0 8395 28
0 8396 29
0 8397 29
0 8398 28
0 8399 29
0 8400 30
0 8401 28
0 8402 28
0 8403 28
0 8404 28
0 8405 28
0 8406 28
0 8407 28
0 8408 29
0 8409 29
0 8410 29
0 8411 29
0 8412 29
0 8413 28
0 8414 29
0 8415 28
0 8416 29
0 8417 29
0 8418 28
0 8419 29
0 8420 29
0 8421 28
0 8422 28
0 8423 28
0 8424 28
0 8425 28
0 8426 29
0 8427 29
0 8428 29
0 8429 29
0 8430 29
0 8431 29
0 8432 29
0 8433 29
0 8434 29
0 8435 29
0 8436 29
0 8437 29
0 8438 28
0 8439 29
0 8440 29
0 8441 29
0 8442 28
0 8443 29
0 8444 29
0 8445 28
0 8446 29
0 8447 29
0 8448 29
0 8449 29
0 8450 28
0 8451 29
0 8452 29
0 8453 29
0 8454 29
0 8455 28
0 8456 28
0 8457 29
0 8458 28
0 8459 29
0 8460 29
0 8461 28
0 8462 28
0 8463 28
0 8464 28
0 8465 28
0 8466 29
0 8467 29
0 8468 29
0 8469 29
0 8470 29
0 8471 29
0 8472 29
0 8473 28
0 8474 28
0 8475 28
0 8476 29
0 8477 29
0 8478 29
0 8479 29
0 8480 29
0 8481 28
0 8482 28
0 8483 28
0 8484 28
0 8485 28
0 8486 28
0 8487 28
0 8488 28
0 8489 28
0 8490 28
0 8491 28
0 8492 28
0 8493 28
0 8494 28
0 8495 29
0 8496 29
0 8497 28
0 8498 28
0 8499 29
0 8500 29
0 8501 28
0 8502 28
0 8503 28
0 8504 28
0 8505 28
0 8506 28
0 8507 28
0 8508 29
0 8509 29
0 8510 29
0 8511 29
0 8512 29
0 8513 28
0 8514 29
0 8515 28
0 8516 28
0 8517 29
0 8518 28
0 8519 29
0 8520 29
0 8521 28
0 8522 28
0 8523 28
0 8524 28
0 8525 28
0 8526 29
0 8527 29
0 8528 29
0 8529 29
0 8530 29
0 8531 29
0 8532 29
0 8533 29
0 8534 29
0 8535 28
0 8536 29
0 8537 29
0 8538 28
0 8539 29
0 8540 29
0 8541 28
0 8542 28
0 8543 28
0 8544 28
0 8545 28
0 8546 29
0 8547 29
0 8548 29
0 8549 29
0 8550 29
0 8551 29
0 8552 29
0 8553 29
0 8554 29
0 8555 28
0 8556 28
0 8557 29
0 8558 28
0 8559 29
0 8560 29
0 8561 28
0 8562 28
0 8563 28
0 8564 28
0 8565 28
0 8566 28
0 8567 28
0 8568 29
0 8569 29
0 8570 29
0 8571 29
0 8572 29
0 8573 28
0 8574 28
0 8575 28
0 8576 29
0 8577 29
0 8578 28
0 8579 29
0 8580 29
0 8581 28
0 8582 28
0 8583 28
0 8584 28
0 8585 28
0 8586 28
0 8587 28
0 8588 28
0 8589 28
0 8590 29
0 8591 28
0 8592 28
0 8593 28
0 8594 28
0 8595 28
0 8596 29
0 8597 28
0 8598 29
0 8599 29
0 8600 29
0 8601 28
0 8602 28
0 8603 28
0 8604 28
0 8605 28
0 8606 28
0 8607 28
0 8608 29
0 8609 29
0 8610 29
0 8611 29
0 8612 29
0 8613 28
0 8614 28
0 8615 28
0 8616 29
0 8617 29
0 8618 28
0 8619 29
0 8620 29
0 8621 28
0 8622 28
0 8623 28
0 8624 28
0 8625 28
0 8626 29
0 8627 29
0 8628 29
0 8629 29
0 8630 29
0 8631 29
0 8632 29
0 8633 29
0 8634 29
0 8635 28
0 8636 29
0 8637 29
0 8638 28
0 8639 29
0 8640 29
0 8641 28
0 8642 28
0 8643 28
0 8644 28
0 8645 28
0 8646 29
0 8647 29
0 8648 29
0 8649 29
0 8650 29
0 8651 29
0 8652 29
0 8653 29
0 8654 29
0 8655 28
0 8656 29
0 8657 29
0 8658 28
0 8659 29
0 8660 29
0 8661 28
0 8662 28
0 8663 28
0 8664 28
0 8665 28
0 8666 28
0 8667 28
0 8668 29
0 8669 29
0 8670 29
0 8671 29
0 8672 28
0 8673 28
0 8674 29
0 8675 28
0 8676 29
0 8677 28
0 8678 29
0 8679 29
0 8680 30
0 8681 28
0 8682 28
0 8683 28
0 8684 28
0 8685 28
0 8686 28
0 8687 28
0 8688 28
0 8689 28
0 8690 29
0 8691 28
0 8692 28
0 8693 28
0 8694 28
0 8695 29
0 8696 29
0 8697 28
0 8698 29
0 8699 28
0 8700 29
0 8701 28
0 8702 28
0 8703 28
0 8704 28
0 8705 28
0 8706 28
0 8707 29
0 8708 29
0 8709 29
0 8710 29
0 8711 29
0 8712 29
0 8713 29
0 8714 29
0 8715 28
0 8716 29
0 8717 29
0 8718 28
0 8719 29
0 8720 29
0 8721 28
0 8722 28
0 8723 28
0 8724 28
0 8725 28
0 8726 28
0 8727 29
0 8728 29
0 8729 29
0 8730 29
0 8731 29
0 8732 29
0 8733 29
0 8734 29
0 8735 28
0 8736 29
0 8737 29
0 8738 28
0 8739 29
0 8740 29
0 8741 28
0 8742 28
0 8743 28
0 8744 28
0 8745 28
0 8746 28
0 8747 29
0 8748 29
0 8749 29
0 8750 29
0 8751 29
0 8752 29
0 8753 28
0 8754 29
0 8755 28
0 8756 29
0 8757 29
0 8758 28
0 8759 29
0 8760 30
0 8761 28
0 8762 28
0 8763 28
0 8764 28
0 8765 28
0 8766 28
0 8767 28
0 8768 28
0 8769 28
0 8770 29
0 8771 29
0 8772 29
0 8773 28
0 8774 28
0 8775 29
0 8776 29
0 8777 28
0 8778 29
0 8779 29
0 8780 29
0 8781 28
0 8782 28
0 8783 28
0 8784 28
0 8785 28
0 8786 28
0 8787 28
0 8788 28
0 8789 28
0 8790 28
0 8791 28
0 8792 28
0 8793 28
0 8794 28
0 8795 28
0 8796 28
0 8797 28
0 8798 29
0 8799 29
0 8800 29
0 8801 28
0 8802 28
0 8803 28
0 8804 28
0 8805 28
0 8806 28
0 8807 28
0 8808 29
0 8809 29
0 8810 29
0 8811 29
0 8812 29
0 8813 28
0 8814 28
0 8815 28
0 8816 29
0 8817 29
0 8818 28
0 8819 29
0 8820 29
0 8821 28
0 8822 28
0 8823 28
0 8824 28
0 8825 28
0 8826 28
0 8827 29
0 8828 29
0 8829 29
0 8830 29
0 8831 29
0 8832 29
0 8833 28
0 8834 29
0 8835 29
0 8836 28
0 8837 29
0 8838 28
0 8839 29
0 8840 29
0 8841 28
0 8842 28
0 8843 28
0 8844 28
0 8845 28
0 8846 28
0 8847 29
0 8848 29
0 8849 29
0 8850 29
0 8851 29
0 8852 29
0 8853 28
0 8854 28
0 8855 29
0 8856 29
0 8857 28
0 8858 28
0 8859 29
0 8860 29
0 8861 28
0 8862 28
0 8863 28
0 8864 28
0 8865 28
0 8866 28
0 8867 28
0 8868 29
0 8869 28
0 8870 29
0 8871 28
0 8872 28
0 8873 28
0 8874 28
0 8875 29
0 8876 29
0 8877 28
0 8878 29
0 8879 28
0 8880 30
0 8881 29
0 8882 28
0 8883 28
0 8884 28
0 8885 28
0 8886 28
0 8887 28
0 8888 28
0 8889 28
0 8890 28
0 8891 28
0 8892 28
0 8893 28
0 8894 28
0 8895 29
0 8896 28
0 8897 28
0 8898 28
0 8899 29
0 8900 29
0 8901 28
0 8902 28
0 8903 28
0 8904 28
0 8905 28
0 8906 28
0 8907 28
0 8908 28
0 8909 28
0 8910 29
0 8911 29
0 8912 29
0 8913 28
0 8914 29
0 8915 28
0 8916 28
0 8917 29
0 8918 28
0 8919 29
0 8920 29
0 8921 28
0 8922 28
0 8923 28
0 8924 28
0 8925 28
0 8926 28
0 8927 29
0 8928 29
0 8929 29
0 8930 29
0 8931 29
0 8932 29
0 8933 29
0 8934 29
0 8935 28
0 8936 29
0 8937 29
0 8938 28
0 8939 29
0 8940 29
0 8941 28
0 8942 28
0 8943 28
0 8944 28
0 8945 28
0 8946 28
0 8947 28
0 8948 29
0 8949 29
0 8950 29
0 8951 29
0 8952 28
0 8953 28
0 8954 28
0 8955 28
0 8956 29
0 8957 28
0 8958 29
0 8959 29
0 8960 29
0 8961 28
0 8962 28
0 8963 28
0 8964 28
0 8965 28
0 8966 28
0 8967 28
0 8968 28
0 8969 28
0 8970 29
0 8971 28
0 8972 28
0 8973 28
0 8974 28
0 8975 29
0 8976 28
0 8977 28
0 8978 29
0 8979 29
0 8980 29
0 8981 28
0 8982 28
0 8983 29
0 8984 28
0 8985 28
0 8986 28
0 8987 28
0 8988 28
0 8989 28
0 8990 28
0 8991 28
0 8992 28
0 8993 28
0 8994 28
0 8995 28
0 8996 29
0 8997 28
0 8998 29
0 8999 29
0 9000 29
0 9001 28
0 9002 28
0 9003 28
0 9004 28
0 9005 28
0 9006 28
0 9007 28
0 9008 29
0 9009 28
0 9010 29
0 9011 29
0 9012 29
0 9013 28
0 9014 28
0 9015 28
0 9016 29
0 9017 29
0 9018 29
0 9019 29
0 9020 29
0 9021 28
0 9022 28
0 9023 28
0 9024 28
0 9025 28
0 9026 28
0 9027 29
0 9028 29
0 9029 29
0 9030 29
0 9031 29
0 9032 29
0 9033 28
0 9034 29
0 9035 28
0 9036 29
0 9037 29
0 9038 28
0 9039 29
0 9040 29
0 9041 28
0 9042 28
0 9043 28
0 9044 28
0 9045 28
0 9046 28
0 9047 28
0 9048 29
0 9049 29
0 9050 29
0 9051 29
0 9052 28
0 9053 28
0 9054 28
0 9055 29
0 9056 29
0 9057 28
0 9058 29
0 9059 29
0 9060 29
0 9061 28
0 9062 28
0 9063 28
0 9064 28
0 9065 28
0 9066 28
0 9067 28
0 9068 28
0 9069 28
0 9070 28
0 9071 28
0 9072 28
0 9073 28
0 9074 28
0 9075 29
0 9076 29
0 9077 28
0 9078 29
0 9079 29
0 9080 29
0 9081 28
0 9082 28
0 9083 28
0 9084 28
0 9085 28
0 9086 28
0 9087 28
0 9088 28
0 9089 28
0 9090 29
0 9091 29
0 9092 29
0 9093 28
0 9094 28
0 9095 29
0 9096 29
0 9097 28
0 9098 29
0 9099 28
0 9100 30
0 9101 28
0 9102 28
0 9103 28
0 9104 28
0 9105 28
0 9106 28
0 9107 28
0 9108 29
0 9109 29
0 9110 29
0 9111 29
0 9112 29
0 9113 28
0 9114 29
0 9115 28
0 9116 29
0 9117 29
0 9118 28
0 9119 29
0 9120 29
0 9121 28
0 9122 28
0 9123 28
0 9124 28
0 9125 28
0 9126 28
0 9127 28
0 9128 29
0 9129 29
0 9130 29
0 9131 29
0 9132 29
0 9133 29
0 9134 29
0 9135 28
0 9136 29
0 9137 29
0 9138 28
0 9139 29
0 9140 29
0 9141 28
0 9142 28
0 9143 28
0 9144 28
0 9145 28
0 9146 28
0 9147 28
0 9148 29
0 9149 29
0 9150 29
0 9151 29
0 9152 28
0 9153 28
0 9154 28
0 9155 28
0 9156 29
0 9157 28
0 9158 29
0 9159 29
0 9160 29
0 9161 28
0 9162 28
0 9163 29
0 9164 28
0 9165 28
0 9166 28
0 9167 28
0 9168 28
0 9169 28
0 9170 28
0 9171 28
0 9172 28
0 9173 28
0 9174 28
0 9175 29
0 9176 28
0 9177 28
0 9178 29
0 9179 28
0 9180 29
0 9181 29
0 9182 28
0 9183 29
0 9184 29
0 9185 28
0 9186 28
0 9187 28
0 9188 28
0 9189 28
0 9190 28
0 9191 28
0 9192 28
0 9193 28
0 9194 28
0 9195 28
0 9196 29
0 9197 28
0 9198 29
0 9199 28
0 9200 29
0 9201 28
0 9202 28
0 9203 28
0 9204 28
0 9205 28
0 9206 28
0 9207 28
0 9208 29
0 9209 29
0 9210 29
0 9211 29
0 9212 29
0 9213 28
0 9214 28
0 9215 28
0 9216 29
0 9217 29
0 9218 28
0 9219 29
0 9220 29
0 9221 28
0 9222 28
0 9223 28
0 9224 28
0 9225 28
0 9226 28
0 9227 29
0 9228 29
0 9229 29
0 9230 29
0 9231 29
0 9232 29
0 9233 28
0 9234 28
0 9235 28
0 9236 29
0 9237 29
0 9238 28
0 9239 29
0 9240 29
0 9241 28
0 9242 28
0 9243 28
0 9244 28
0 9245 28
0 9246 28
0 9247 28
0 9248 29
0 9249 29
0 9250 29
0 9251 29
0 9252 29
0 9253 28
0 9254 28
0 9255 29
0 9256 29
0 9257 28
0 9258 29
0 9259 29
0 9260 29
0 9261 28
0 9262 28
0 9263 29
0 9264 28
0 9265 28
0 9266 28
0 9267 28
0 9268 28
0 9269 28
0 9270 28
0 9271 28
0 9272 28
0 9273 28
0 9274 28
0 9275 29
0 9276 28
0 9277 28
0 9278 29
0 9279 28
0 9280 29
0 9281 29
0 9282 28
0 9283 28
0 9284 28
0 9285 28
0 9286 28
0 9287 28
0 9288 28
0 9289 28
0 9290 28
0 9291 28
0 9292 28
0 9293 28
0 9294 28
0 9295 28
0 9296 29
0 9297 28
0 9298 28
0 9299 29
0 9300 29
0 9301 28
0 9302 28
0 9303 28
0 9304 28
0 9305 28
0 9306 28
0 9307 28
0 9308 29
0 9309 29
0 9310 29
0 9311 29
0 9312 29
0 9313 28
0 9314 29
0 9315 28
0 9316 29
0 9317 29
0 9318 28
0 9319 29
0 9320 29
0 9321 28
0 9322 28
0 9323 28
0 9324 28
0 9325 28
0 9326 28
0 9327 28
0 9328 29
0 9329 29
0 9330 29
0 9331 29
0 9332 29
0 9333 28
0 9334 28
0 9335 28
0 9336 29
0 9337 29
0 9338 28
0 9339 29
0 9340 29
0 9341 28
0 9342 28
0 9343 28
0 9344 28
0 9345 28
0 9346 28
0 9347 28
0 9348 29
0 9349 28
0 9350 29
0 9351 29
0 9352 28
0 9353 28
0 9354 28
0 9355 28
0 9356 29
0 9357 28
0 9358 29
0 9359 28
0 9360 29
0 9361 28
0 9362 28
0 9363 28
0 9364 28
0 9365 28
0 9366 28
0 9367 28
0 9368 28
0 9369 28
0 9370 28
0 9371 28
0 9372 28
0 9373 28
0 9374 28
0 9375 29
0 9376 28
0 9377 28
0 9378 29
0 9379 28
0 9380 29
0 9381 28
0 9382 28
0 9383 28
0 9384 28
0 9385 28
0 9386 28
0 9387 28
0 9388 28
0 9389 28
0 9390 28
0 9391 28
0 9392 28
0 9393 28
0 9394 28
0 9395 28
0 9396 29
0 9397 28
0 9398 28
0 9399 29
0 9400 29
0 9401 28
0 9402 28
0 9403 28
0 9404 28
0 9405 28
0 9406 28
0 9407 28
0 9408 28
0 9409 28
0 9410 29
0 9411 29
0 9412 29
0 9413 29
0 9414 29
0 9415 28
0 9416 29
0 9417 29
0 9418 28
0 9419 29
0 9420 29
0 9421 28
0 9422 28
0 9423 28
0 9424 28
0 9425 28
0 9426 28
0 9427 28
0 9428 29
0 9429 29
0 9430 29
0 9431 29
0 9432 29
0 9433 28
0 9434 28
0 9435 28
0 9436 29
0 9437 29
0 9438 28
0 9439 29
0 9440 29
0 9441 28
0 9442 28
0 9443 28
0 9444 28
0 9445 28
0 9446 28
0 9447 28
0 9448 28
0 9449 28
0 9450 29
0 9451 28
0 9452 28
0 9453 28
0 9454 28
0 9455 29
0 9456 29
0 9457 28
0 9458 29
0 9459 28
0 9460 29
0 9461 28
0 9462 29
0 9463 29
0 9464 28
0 9465 29
0 9466 28
0 9467 28
0 9468 28
0 9469 28
0 9470 28
0 9471 28
0 9472 28
0 9473 28
0 9474 28
0 9475 29
0 9476 29
0 9477 28
0 9478 29
0 9479 29
0 9480 29
0 9481 28
0 9482 28
0 9483 29
0 9484 28
0 9485 28
0 9486 28
0 9487 28
0 9488 28
0 9489 28
0 9490 28
0 9491 28
0 9492 28
0 9493 28
0 9494 28
0 9495 29
0 9496 29
0 9497 28
0 9498 29
0 9499 29
0 9500 29
0 9501 28
0 9502 28
0 9503 28
0 9504 28
0 9505 28
0 9506 28
0 9507 28
0 9508 29
0 9509 29
0 9510 29
0 9511 29
0 9512 29
0 9513 28
0 9514 28
0 9515 28
0 9516 29
0 9517 29
0 9518 28
0 9519 29
0 9520 29
0 9521 28
0 9522 28
0 9523 28
0 9524 28
0 9525 28
0 9526 28
0 9527 28
0 9528 29
0 9529 29
0 9530 29
0 9531 29
0 9532 29
0 9533 28
0 9534 28
0 9535 28
0 9536 29
0 9537 28
0 9538 28
0 9539 29
0 9540 29
0 9541 28
0 9542 28
0 9543 28
0 9544 28
0 9545 28
0 9546 28
0 9547 28
0 9548 28
0 9549 28
0 9550 28
0 9551 28
0 9552 28
0 9553 28
0 9554 28
0 9555 29
0 9556 29
0 9557 28
0 9558 29
0 9559 28
0 9560 30
0 9561 28
0 9562 28
0 9563 29
0 9564 28
0 9565 28
0 9566 28
0 9567 28
0 9568 28
0 9569 28
0 9570 28
0 9571 28
0 9572 28
0 9573 28
0 9574 28
0 9575 30
0 9576 28
0 9577 28
0 9578 29
0 9579 28
0 9580 29
0 9581 28
0 9582 29
0 9583 30
0 9584 28
0 9585 28
0 9586 28
0 9587 28
0 9588 28
0 9589 28
0 9590 28
0 9591 28
0 9592 28
0 9593 28
0 9594 28
0 9595 28
0 9596 29
0 9597 28
0 9598 29
0 9599 28
0 9600 29
0 9601 28
0 9602 28
0 9603 28
0 9604 28
0 9605 28
0 9606 28
0 9607 28
0 9608 29
0 9609 29
0 9610 29
0 9611 29
0 9612 29
0 9613 28
0 9614 29
0 9615 28
0 9616 29
0 9617 29
0 9618 28
0 9619 29
0 9620 29
0 9621 28
0 9622 28
0 9623 28
0 9624 28
0 9625 28
0 9626 28
0 9627 28
0 9628 28
0 9629 29
0 9630 29
0 9631 29
0 9632 28
0 9633 28
0 9634 28
0 9635 28
0 9636 29
0 9637 28
0 9638 29
0 9639 28
0 9640 30
0 9641 28
0 9642 28
0 9643 28
0 9644 28
0 9645 28
0 9646 28
0 9647 28
0 9648 28
0 9649 28
0 9650 29
0 9651 28
0 9652 28
0 9653 28
0 9654 28
0 9655 29
0 9656 28
0 9657 28
0 9658 29
0 9659 28
0 9660 29
0 9661 28
0 9662 28
0 9663 29
0 9664 29
0 9665 28
0 9666 28
0 9667 28
0 9668 28
0 9669 28
0 9670 28
0 9671 28
0 9672 28
0 9673 28
0 9674 28
0 9675 29
0 9676 28
0 9677 28
0 9678 29
0 9679 28
0 9680 29
0 9681 28
0 9682 28
0 9683 28
0 9684 28
0 9685 28
0 9686 28
0 9687 28
0 9688 28
0 9689 28
0 9690 28
0 9691 28
0 9692 28
0 9693 28
0 9694 28
0 9695 28
0 9696 29
0 9697 28
0 9698 28
0 9699 29
0 9700 29
0 9701 28
0 9702 28
0 9703 28
0 9704 28
0 9705 28
0 9706 28
0 9707 28
0 9708 29
0 9709 29
0 9710 29
0 9711 29
0 9712 29
0 9713 28
0 9714 29
0 9715 28
0 9716 29
0 9717 29
0 9718 28
0 9719 29
0 9720 29
0 9721 28
0 9722 28
0 9723 28
0 9724 28
0 9725 28
0 9726 28
0 9727 28
0 9728 29
0 9729 28
0 9730 29
0 9731 29
0 9732 29
0 9733 29
0 9734 28
0 9735 28
0 9736 29
0 9737 28
0 9738 29
0 9739 28
0 9740 29
0 9741 28
0 9742 28
0 9743 28
0 9744 28
0 9745 28
0 9746 28
0 9747 28
0 9748 28
0 9749 28
0 9750 28
0 9751 28
0 9752 28
0 9753 28
0 9754 28
0 9755 29
0 9756 28
0 9757 28
0 9758 29
0 9759 28
0 9760 29
0 9761 29
0 9762 28
0 9763 29
0 9764 28
0 9765 28
0 9766 28
0 9767 28
0 9768 28
0 9769 28
0 9770 28
0 9771 28
0 9772 28
0 9773 28
0 9774 28
0 9775 29
0 9776 29
0 9777 28
0 9778 29
0 9779 28
0 9780 30
0 9781 28
0 9782 28
0 9783 28
0 9784 28
0 9785 28
0 9786 28
0 9787 28
0 9788 28
0 9789 28
0 9790 29
0 9791 28
0 9792 28
0 9793 28
0 9794 29
0 9795 28
0 9796 29
0 9797 29
0 9798 28
0 9799 29
0 9800 29
0 9801 28
0 9802 28
0 9803 28
0 9804 28
0 9805 28
0 9806 28
0 9807 28
0 9808 29
0 9809 29
0 9810 29
0 9811 29
0 9812 29
0 9813 28
0 9814 28
0 9815 28
0 9816 29
0 9817 28
0 9818 28
0 9819 29
0 9820 29
0 9821 28
0 9822 28
0 9823 28
0 9824 28
0 9825 28
0 9826 28
0 9827 28
0 9828 29
0 9829 28
0 9830 29
0 9831 29
0 9832 29
0 9833 28
0 9834 28
0 9835 28
0 9836 29
0 9837 28
0 9838 29
0 9839 29
0 9840 29
0 9841 28
0 9842 28
0 9843 28
0 9844 28
0 9845 28
0 9846 28
0 9847 28
0 9848 28
0 9849 28
0 9850 28
0 9851 28
0 9852 28
0 9853 28
0 9854 28
0 9855 29
0 9856 28
0 9857 28
0 9858 29
0 9859 29
0 9860 29
0 9861 28
0 9862 28
0 9863 29
0 9864 28
0 9865 28
0 9866 28
0 9867 28
0 9868 28
0 9869 28
0 9870 28
0 9871 28
0 9872 28
0 9873 28
0 9874 28
0 9875 29
0 9876 28
0 9877 28
0 9878 29
0 9879 28
0 9880 29
0 9881 28
0 9882 28
0 9883 29
0 9884 28
0 9885 28
0 9886 28
0 9887 28
0 9888 28
0 9889 28
0 9890 28
0 9891 28
0 9892 28
0 9893 28
0 9894 28
0 9895 28
0 9896 29
0 9897 28
0 9898 29
0 9899 29
0 9900 29
0 9901 28
0 9902 28
0 9903 28
0 9904 28
0 9905 28
0 9906 28
0 9907 28
0 9908 29
0 9909 29
0 9910 29
0 9911 29
0 9912 29
0 9913 28
0 9914 28
0 9915 28
0 9916 29
0 9917 29
0 9918 29
0 9919 29
0 9920 29
0 9921 28
0 9922 28
0 9923 28
0 9924 28
0 9925 28
0 9926 28
0 9927 28
0 9928 29
0 9929 29
0 9930 29
0 9931 28
0 9932 28
0 9933 28
0 9934 28
0 9935 28
0 9936 29
0 9937 28
0 9938 29
0 9939 29
0 9940 29
0 9941 28
0 9942 28
0 9943 28
0 9944 28
0 9945 28
0 9946 28
0 9947 28
0 9948 28
0 9949 28
0 9950 28
0 9951 28
0 9952 28
0 9953 28
0 9954 28
0 9955 29
0 9956 29
0 9957 28
0 9958 29
0 9959 28
0 9960 29
0 9961 29
0 9962 29
0 9963 29
0 9964 28
0 9965 28
0 9966 28
0 9967 28
0 9968 28
0 9969 28
0 9970 28
0 9971 28
0 9972 28
0 9973 28
0 9974 28
0 9975 29
0 9976 28
0 9977 28
0 9978 29
0 9979 29
0 9980 29
0 9981 28
0 9982 28
0 9983 28
0 9984 28
0 9985 28
0 9986 28
0 9987 29
0 9988 29
0 9989 29
0 9990 29
0 9991 29
0 9992 28
0 9993 28
0 9994 28
0 9995 28
0 9996 29
0 9997 29
0 9998 28
0 9999 29
