0 0 27
0 1 27
0 2 27
0 3 27
0 4 27
0 5 27
0 6 27
0 7 27
0 8 27
0 9 27
0 10 27
0 11 28
0 12 28
0 13 30
0 14 30
0 15 27
0 16 25
0 17 28
0 18 26
0 19 24
0 20 25
0 21 27
0 22 25
0 23 29
0 24 27
0 25 27
0 26 25
0 27 25
0 28 26
0 29 26
0 30 25
0 31 27
0 32 29
0 33 28
0 34 27
0 35 27
0 36 25
0 37 28
0 38 27
0 39 24
0 40 24
0 41 24
0 42 25
0 43 29
0 44 29
0 45 27
0 46 25
0 47 24
0 48 24
0 49 26
0 50 24
0 51 27
0 52 29
0 53 28
0 54 27
0 55 26
0 56 25
0 57 28
0 58 25
0 59 25
0 60 26
0 61 24
0 62 26
0 63 27
0 64 28
0 65 26
0 66 25
0 67 24
0 68 24
0 69 26
0 70 24
0 71 27
0 72 29
0 73 29
0 74 27
0 75 26
0 76 24
0 77 28
0 78 26
0 79 25
0 80 24
0 81 24
0 82 25
0 83 28
0 84 27
0 85 27
0 86 25
0 87 25
0 88 24
0 89 26
0 90 24
0 91 27
0 92 29
0 93 28
0 94 27
0 95 27
0 96 26
0 97 27
0 98 26
0 99 24
0 100 24
0 101 24
0 102 25
0 103 28
0 104 27
0 105 27
0 106 24
0 107 25
0 108 25
0 109 27
0 110 25
0 111 27
0 112 29
0 113 29
0 114 27
0 115 27
0 116 26
0 117 27
0 118 26
0 119 25
0 120 25
0 121 24
0 122 25
0 123 28
0 124 27
0 125 25
0 126 25
0 127 25
0 128 24
0 129 26
0 130 24
0 131 27
0 132 30
0 133 28
0 134 27
0 135 28
0 136 26
0 137 27
0 138 26
0 139 25
0 140 25
0 141 24
0 142 25
0 143 28
0 144 27
0 145 25
0 146 25
0 147 25
0 148 24
0 149 26
0 150 24
0 151 27
0 152 29
0 153 29
0 154 27
0 155 27
0 156 26
0 157 27
0 158 26
0 159 25
0 160 25
0 161 24
0 162 25
0 163 28
0 164 27
0 165 26
0 166 25
0 167 25
0 168 25
0 169 26
0 170 24
0 171 27
0 172 30
0 173 28
0 174 27
0 175 27
0 176 26
0 177 27
0 178 25
0 179 24
0 180 24
0 181 25
0 182 25
0 183 29
0 184 27
0 185 28
0 186 24
0 187 24
0 188 24
0 189 28
0 190 26
0 191 27
0 192 31
0 193 28
0 194 27
0 195 26
0 196 25
0 197 27
0 198 27
0 199 24
0 200 25
0 201 25
0 202 25
0 203 28
0 204 27
0 205 27
0 206 24
0 207 24
0 208 24
0 209 28
0 210 26
0 211 28
0 212 31
0 213 29
0 214 27
0 215 26
0 216 25
0 217 27
0 218 26
0 219 24
0 220 25
0 221 25
0 222 26
0 223 28
0 224 27
0 225 28
0 226 24
0 227 24
0 228 24
0 229 28
0 230 26
0 231 28
0 232 31
0 233 28
0 234 27
0 235 27
0 236 25
0 237 27
0 238 26
0 239 24
0 240 24
0 241 25
0 242 25
0 243 29
0 244 27
0 245 28
0 246 24
0 247 24
0 248 24
0 249 27
0 250 26
0 251 27
0 252 31
0 253 28
0 254 27
0 255 27
0 256 25
0 257 27
0 258 27
0 259 24
0 260 25
0 261 26
0 262 26
0 263 29
0 264 27
0 265 28
0 266 24
0 267 24
0 268 24
0 269 28
0 270 26
0 271 28
0 272 31
0 273 29
0 274 26
0 275 26
0 276 25
0 277 27
0 278 27
0 279 24
0 280 25
0 281 26
0 282 25
0 283 28
0 284 28
0 285 28
0 286 26
0 287 24
0 288 25
0 289 29
0 290 27
0 291 29
0 292 30
0 293 29
0 294 26
0 295 25
0 296 25
0 297 28
0 298 27
0 299 24
0 300 25
0 301 27
0 302 25
0 303 27
0 304 28
0 305 28
0 306 25
0 307 23
0 308 26
0 309 29
0 310 27
0 311 28
0 312 30
0 313 29
0 314 26
0 315 25
0 316 27
0 317 28
0 318 27
0 319 24
0 320 25
0 321 27
0 322 25
0 323 27
0 324 28
0 325 28
0 326 25
0 327 23
0 328 25
0 329 29
0 330 27
0 331 28
0 332 30
0 333 29
0 334 26
0 335 25
0 336 26
0 337 27
0 338 27
0 339 24
0 340 25
0 341 27
0 342 25
0 343 28
0 344 27
0 345 27
0 346 24
0 347 24
0 348 24
0 349 29
0 350 27
0 351 28
0 352 30
0 353 29
0 354 26
0 355 25
0 356 27
0 357 28
0 358 27
0 359 24
0 360 24
0 361 27
0 362 25
0 363 27
0 364 28
0 365 28
0 366 26
0 367 24
0 368 26
0 369 29
0 370 26
0 371 29
0 372 29
0 373 29
0 374 27
0 375 25
0 376 27
0 377 26
0 378 27
0 379 24
0 380 24
0 381 27
0 382 24
0 383 27
0 384 30
0 385 27
0 386 25
0 387 25
0 388 27
0 389 28
0 390 26
0 391 28
0 392 28
0 393 26
0 394 27
0 395 24
0 396 25
0 397 26
0 398 28
0 399 24
0 400 25
0 401 27
0 402 24
0 403 27
0 404 30
0 405 28
0 406 24
0 407 25
0 408 26
0 409 28
0 410 26
0 411 28
0 412 28
0 413 26
0 414 27
0 415 24
0 416 27
0 417 27
0 418 28
0 419 24
0 420 25
0 421 26
0 422 24
0 423 27
0 424 30
0 425 28
0 426 25
0 427 25
0 428 26
0 429 29
0 430 26
0 431 29
0 432 28
0 433 26
0 434 27
0 435 24
0 436 27
0 437 26
0 438 28
0 439 24
0 440 24
0 441 27
0 442 24
0 443 27
0 444 30
0 445 28
0 446 25
0 447 25
0 448 26
0 449 29
0 450 27
0 451 28
0 452 28
0 453 26
0 454 27
0 455 24
0 456 25
0 457 27
0 458 28
0 459 24
0 460 25
0 461 27
0 462 24
0 463 27
0 464 31
0 465 28
0 466 24
0 467 25
0 468 25
0 469 28
0 470 26
0 471 28
0 472 28
0 473 26
0 474 28
0 475 26
0 476 26
0 477 27
0 478 27
0 479 25
0 480 25
0 481 26
0 482 25
0 483 29
0 484 30
0 485 27
0 486 24
0 487 25
0 488 26
0 489 28
0 490 26
0 491 28
0 492 27
0 493 26
0 494 28
0 495 26
0 496 25
0 497 27
0 498 28
0 499 24
0 500 25
0 501 26
0 502 25
0 503 29
0 504 30
0 505 27
0 506 25
0 507 25
0 508 26
0 509 28
0 510 26
0 511 28
0 512 27
0 513 26
0 514 28
0 515 26
0 516 27
0 517 27
0 518 28
0 519 24
0 520 25
0 521 26
0 522 25
0 523 29
0 524 30
0 525 28
0 526 24
0 527 25
0 528 26
0 529 28
0 530 26
0 531 28
0 532 28
0 533 26
0 534 28
0 535 24
0 536 25
0 537 27
0 538 28
0 539 25
0 540 25
0 541 26
0 542 25
0 543 27
0 544 30
0 545 27
0 546 24
0 547 25
0 548 26
0 549 28
0 550 26
0 551 28
0 552 28
0 553 26
0 554 28
0 555 26
0 556 26
0 557 27
0 558 28
0 559 25
0 560 25
0 561 26
0 562 25
0 563 29
0 564 30
0 565 27
0 566 25
0 567 25
0 568 26
0 569 28
0 570 27
0 571 28
0 572 27
0 573 27
0 574 28
0 575 26
0 576 26
0 577 27
0 578 28
0 579 25
0 580 25
0 581 24
0 582 26
0 583 29
0 584 30
0 585 27
0 586 25
0 587 24
0 588 25
0 589 28
0 590 28
0 591 29
0 592 27
0 593 27
0 594 26
0 595 26
0 596 26
0 597 27
0 598 29
0 599 25
0 600 25
0 601 24
0 602 26
0 603 29
0 604 30
0 605 27
0 606 25
0 607 24
0 608 25
0 609 28
0 610 28
0 611 29
0 612 27
0 613 27
0 614 26
0 615 26
0 616 26
0 617 27
0 618 29
0 619 25
0 620 25
0 621 23
0 622 26
0 623 29
0 624 30
0 625 27
0 626 25
0 627 25
0 628 25
0 629 28
0 630 27
0 631 28
0 632 27
0 633 26
0 634 28
0 635 26
0 636 27
0 637 27
0 638 28
0 639 24
0 640 25
0 641 26
0 642 26
0 643 29
0 644 30
0 645 27
0 646 25
0 647 25
0 648 26
0 649 28
0 650 27
0 651 28
0 652 27
0 653 27
0 654 28
0 655 26
0 656 26
0 657 27
0 658 29
0 659 25
0 660 25
0 661 24
0 662 26
0 663 28
0 664 30
0 665 27
0 666 25
0 667 24
0 668 25
0 669 27
0 670 28
0 671 29
0 672 27
0 673 27
0 674 27
0 675 26
0 676 27
0 677 27
0 678 29
0 679 25
0 680 25
0 681 24
0 682 26
0 683 27
0 684 30
0 685 27
0 686 26
0 687 24
0 688 25
0 689 26
0 690 28
0 691 30
0 692 27
0 693 27
0 694 28
0 695 26
0 696 27
0 697 27
0 698 29
0 699 25
0 700 25
0 701 24
0 702 26
0 703 27
0 704 30
0 705 26
0 706 26
0 707 24
0 708 25
0 709 25
0 710 28
0 711 29
0 712 27
0 713 27
0 714 28
0 715 26
0 716 27
0 717 27
0 718 29
0 719 25
0 720 25
0 721 24
0 722 26
0 723 28
0 724 30
0 725 27
0 726 26
0 727 24
0 728 25
0 729 28
0 730 28
0 731 29
0 732 27
0 733 27
0 734 27
0 735 26
0 736 27
0 737 27
0 738 29
0 739 25
0 740 25
0 741 23
0 742 26
0 743 28
0 744 30
0 745 27
0 746 25
0 747 24
0 748 25
0 749 28
0 750 28
0 751 29
0 752 27
0 753 27
0 754 28
0 755 26
0 756 27
0 757 27
0 758 29
0 759 25
0 760 25
0 761 24
0 762 26
0 763 27
0 764 30
0 765 26
0 766 26
0 767 24
0 768 25
0 769 26
0 770 28
0 771 30
0 772 26
0 773 28
0 774 27
0 775 27
0 776 28
0 777 27
0 778 27
0 779 25
0 780 24
0 781 25
0 782 26
0 783 27
0 784 28
0 785 27
0 786 26
0 787 24
0 788 25
0 789 24
0 790 28
0 791 30
0 792 26
0 793 27
0 794 27
0 795 27
0 796 29
0 797 27
0 798 28
0 799 25
0 800 24
0 801 25
0 802 26
0 803 27
0 804 28
0 805 27
0 806 26
0 807 24
0 808 25
0 809 26
0 810 28
0 811 30
0 812 27
0 813 27
0 814 27
0 815 27
0 816 27
0 817 27
0 818 28
0 819 25
0 820 25
0 821 24
0 822 26
0 823 28
0 824 30
0 825 26
0 826 26
0 827 24
0 828 25
0 829 27
0 830 28
0 831 29
0 832 27
0 833 27
0 834 28
0 835 26
0 836 27
0 837 27
0 838 29
0 839 25
0 840 25
0 841 23
0 842 26
0 843 28
0 844 30
0 845 26
0 846 26
0 847 24
0 848 25
0 849 26
0 850 28
0 851 30
0 852 27
0 853 27
0 854 27
0 855 27
0 856 27
0 857 27
0 858 28
0 859 25
0 860 25
0 861 25
0 862 26
0 863 27
0 864 29
0 865 27
0 866 25
0 867 24
0 868 25
0 869 24
0 870 28
0 871 30
0 872 26
0 873 28
0 874 27
0 875 27
0 876 29
0 877 27
0 878 27
0 879 25
0 880 24
0 881 25
0 882 26
0 883 27
0 884 29
0 885 27
0 886 25
0 887 24
0 888 25
0 889 24
0 890 28
0 891 30
0 892 26
0 893 28
0 894 27
0 895 26
0 896 29
0 897 26
0 898 28
0 899 26
0 900 24
0 901 26
0 902 26
0 903 27
0 904 28
0 905 27
0 906 25
0 907 24
0 908 25
0 909 24
0 910 28
0 911 30
0 912 26
0 913 28
0 914 27
0 915 26
0 916 29
0 917 27
0 918 27
0 919 25
0 920 25
0 921 25
0 922 26
0 923 27
0 924 28
0 925 27
0 926 26
0 927 24
0 928 25
0 929 26
0 930 28
0 931 30
0 932 26
0 933 28
0 934 27
0 935 27
0 936 27
0 937 27
0 938 28
0 939 25
0 940 25
0 941 24
0 942 26
0 943 27
0 944 30
0 945 26
0 946 26
0 947 24
0 948 25
0 949 24
0 950 28
0 951 30
0 952 26
0 953 28
0 954 27
0 955 27
0 956 29
0 957 26
0 958 27
0 959 25
0 960 24
0 961 25
0 962 26
0 963 27
0 964 29
0 965 28
0 966 25
0 967 24
0 968 25
0 969 24
0 970 27
0 971 29
0 972 27
0 973 28
0 974 27
0 975 27
0 976 29
0 977 25
0 978 28
0 979 26
0 980 24
0 981 26
0 982 27
0 983 27
0 984 29
0 985 28
0 986 24
0 987 25
0 988 25
0 989 24
0 990 27
0 991 30
0 992 26
0 993 28
0 994 27
0 995 26
0 996 29
0 997 25
0 998 28
0 999 26
0 1000 24
0 1001 26
0 1002 27
0 1003 27
0 1004 29
0 1005 27
0 1006 25
0 1007 24
0 1008 25
0 1009 24
0 1010 28
0 1011 30
0 1012 26
0 1013 28
0 1014 27
0 1015 26
0 1016 29
0 1017 27
0 1018 27
0 1019 25
0 1020 25
0 1021 25
0 1022 26
0 1023 27
0 1024 28
0 1025 27
0 1026 24
0 1027 24
0 1028 25
0 1029 24
0 1030 28
0 1031 30
0 1032 26
0 1033 27
0 1034 27
0 1035 27
0 1036 29
0 1037 27
0 1038 28
0 1039 25
0 1040 24
0 1041 25
0 1042 26
0 1043 27
0 1044 28
0 1045 27
0 1046 25
0 1047 24
0 1048 25
0 1049 24
0 1050 28
0 1051 30
0 1052 26
0 1053 28
0 1054 27
0 1055 26
0 1056 29
0 1057 26
0 1058 27
0 1059 26
0 1060 24
0 1061 26
0 1062 27
0 1063 27
0 1064 29
0 1065 28
0 1066 24
0 1067 25
0 1068 26
0 1069 25
0 1070 27
0 1071 29
0 1072 26
0 1073 28
0 1074 28
0 1075 27
0 1076 29
0 1077 25
0 1078 28
0 1079 26
0 1080 24
0 1081 26
0 1082 27
0 1083 27
0 1084 29
0 1085 28
0 1086 25
0 1087 25
0 1088 26
0 1089 25
0 1090 28
0 1091 29
0 1092 28
0 1093 28
0 1094 28
0 1095 27
0 1096 29
0 1097 25
0 1098 28
0 1099 26
0 1100 24
0 1101 26
0 1102 27
0 1103 27
0 1104 29
0 1105 28
0 1106 24
0 1107 25
0 1108 26
0 1109 24
0 1110 27
0 1111 30
0 1112 26
0 1113 28
0 1114 27
0 1115 26
0 1116 29
0 1117 25
0 1118 27
0 1119 26
0 1120 24
0 1121 25
0 1122 27
0 1123 27
0 1124 29
0 1125 27
0 1126 26
0 1127 24
0 1128 25
0 1129 25
0 1130 28
0 1131 30
0 1132 26
0 1133 27
0 1134 27
0 1135 26
0 1136 29
0 1137 27
0 1138 27
0 1139 25
0 1140 24
0 1141 25
0 1142 26
0 1143 27
0 1144 28
0 1145 27
0 1146 26
0 1147 24
0 1148 25
0 1149 24
0 1150 28
0 1151 30
0 1152 26
0 1153 28
0 1154 27
0 1155 26
0 1156 29
0 1157 25
0 1158 28
0 1159 26
0 1160 24
0 1161 26
0 1162 27
0 1163 27
0 1164 29
0 1165 28
0 1166 23
0 1167 25
0 1168 26
0 1169 24
0 1170 27
0 1171 29
0 1172 27
0 1173 28
0 1174 28
0 1175 27
0 1176 29
0 1177 25
0 1178 28
0 1179 26
0 1180 24
0 1181 26
0 1182 27
0 1183 27
0 1184 29
0 1185 28
0 1186 23
0 1187 25
0 1188 26
0 1189 25
0 1190 27
0 1191 29
0 1192 26
0 1193 28
0 1194 28
0 1195 27
0 1196 29
0 1197 25
0 1198 28
0 1199 26
0 1200 24
0 1201 26
0 1202 27
0 1203 27
0 1204 29
0 1205 28
0 1206 25
0 1207 25
0 1208 25
0 1209 24
0 1210 28
0 1211 30
0 1212 26
0 1213 28
0 1214 27
0 1215 26
0 1216 29
0 1217 25
0 1218 28
0 1219 26
0 1220 24
0 1221 26
0 1222 26
0 1223 27
0 1224 28
0 1225 27
0 1226 25
0 1227 24
0 1228 25
0 1229 24
0 1230 28
0 1231 30
0 1232 26
0 1233 28
0 1234 27
0 1235 26
0 1236 29
0 1237 25
0 1238 27
0 1239 25
0 1240 24
0 1241 26
0 1242 26
0 1243 27
0 1244 29
0 1245 27
0 1246 26
0 1247 24
0 1248 25
0 1249 24
0 1250 27
0 1251 29
0 1252 26
0 1253 28
0 1254 28
0 1255 27
0 1256 29
0 1257 25
0 1258 28
0 1259 26
0 1260 24
0 1261 26
0 1262 27
0 1263 27
0 1264 29
0 1265 28
0 1266 23
0 1267 25
0 1268 26
0 1269 25
0 1270 27
0 1271 30
0 1272 26
0 1273 28
0 1274 27
0 1275 27
0 1276 29
0 1277 25
0 1278 27
0 1279 26
0 1280 24
0 1281 26
0 1282 26
0 1283 27
0 1284 30
0 1285 28
0 1286 23
0 1287 24
0 1288 26
0 1289 25
0 1290 27
0 1291 29
0 1292 27
0 1293 28
0 1294 28
0 1295 27
0 1296 29
0 1297 25
0 1298 28
0 1299 26
0 1300 24
0 1301 26
0 1302 27
0 1303 27
0 1304 29
0 1305 28
0 1306 24
0 1307 25
0 1308 26
0 1309 24
0 1310 28
0 1311 30
0 1312 27
0 1313 28
0 1314 27
0 1315 26
0 1316 29
0 1317 25
0 1318 27
0 1319 25
0 1320 24
0 1321 25
0 1322 26
0 1323 27
0 1324 28
0 1325 27
0 1326 26
0 1327 24
0 1328 25
0 1329 24
0 1330 28
0 1331 30
0 1332 26
0 1333 28
0 1334 27
0 1335 26
0 1336 29
0 1337 27
0 1338 27
0 1339 25
0 1340 24
0 1341 26
0 1342 26
0 1343 27
0 1344 28
0 1345 27
0 1346 23
0 1347 26
0 1348 26
0 1349 24
0 1350 27
0 1351 29
0 1352 26
0 1353 28
0 1354 27
0 1355 26
0 1356 29
0 1357 25
0 1358 28
0 1359 26
0 1360 24
0 1361 26
0 1362 26
0 1363 27
0 1364 29
0 1365 28
0 1366 25
0 1367 24
0 1368 26
0 1369 25
0 1370 27
0 1371 29
0 1372 27
0 1373 28
0 1374 28
0 1375 27
0 1376 29
0 1377 26
0 1378 27
0 1379 26
0 1380 24
0 1381 25
0 1382 27
0 1383 27
0 1384 29
0 1385 28
0 1386 23
0 1387 25
0 1388 26
0 1389 25
0 1390 27
0 1391 29
0 1392 26
0 1393 28
0 1394 28
0 1395 27
0 1396 28
0 1397 25
0 1398 28
0 1399 26
0 1400 24
0 1401 26
0 1402 27
0 1403 27
0 1404 29
0 1405 28
0 1406 25
0 1407 25
0 1408 25
0 1409 24
0 1410 27
0 1411 29
0 1412 26
0 1413 28
0 1414 27
0 1415 26
0 1416 29
0 1417 26
0 1418 27
0 1419 25
0 1420 24
0 1421 26
0 1422 26
0 1423 27
0 1424 28
0 1425 27
0 1426 25
0 1427 24
0 1428 25
0 1429 24
0 1430 28
0 1431 30
0 1432 26
0 1433 28
0 1434 27
0 1435 26
0 1436 29
0 1437 25
0 1438 27
0 1439 25
0 1440 24
0 1441 26
0 1442 27
0 1443 27
0 1444 29
0 1445 28
0 1446 25
0 1447 25
0 1448 26
0 1449 24
0 1450 27
0 1451 29
0 1452 26
0 1453 28
0 1454 27
0 1455 27
0 1456 29
0 1457 25
0 1458 28
0 1459 26
0 1460 24
0 1461 26
0 1462 27
0 1463 27
0 1464 29
0 1465 28
0 1466 23
0 1467 25
0 1468 26
0 1469 25
0 1470 27
0 1471 29
0 1472 26
0 1473 28
0 1474 27
0 1475 27
0 1476 29
0 1477 26
0 1478 28
0 1479 26
0 1480 24
0 1481 26
0 1482 27
0 1483 27
0 1484 29
0 1485 28
0 1486 24
0 1487 25
0 1488 26
0 1489 25
0 1490 27
0 1491 29
0 1492 26
0 1493 28
0 1494 27
0 1495 27
0 1496 29
0 1497 25
0 1498 28
0 1499 26
0 1500 24
0 1501 26
0 1502 26
0 1503 27
0 1504 29
0 1505 27
0 1506 25
0 1507 24
0 1508 25
0 1509 24
0 1510 28
0 1511 30
0 1512 26
0 1513 28
0 1514 27
0 1515 26
0 1516 29
0 1517 26
0 1518 27
0 1519 25
0 1520 24
0 1521 25
0 1522 26
0 1523 27
0 1524 29
0 1525 27
0 1526 26
0 1527 24
0 1528 25
0 1529 25
0 1530 28
0 1531 30
0 1532 26
0 1533 28
0 1534 27
0 1535 26
0 1536 29
0 1537 26
0 1538 28
0 1539 26
0 1540 24
0 1541 26
0 1542 27
0 1543 27
0 1544 29
0 1545 27
0 1546 25
0 1547 23
0 1548 25
0 1549 24
0 1550 27
0 1551 30
0 1552 27
0 1553 28
0 1554 27
0 1555 27
0 1556 29
0 1557 25
0 1558 28
0 1559 26
0 1560 24
0 1561 26
0 1562 27
0 1563 27
0 1564 29
0 1565 28
0 1566 25
0 1567 25
0 1568 26
0 1569 25
0 1570 27
0 1571 29
0 1572 27
0 1573 28
0 1574 28
0 1575 27
0 1576 29
0 1577 25
0 1578 28
0 1579 26
0 1580 24
0 1581 26
0 1582 27
0 1583 27
0 1584 29
0 1585 28
0 1586 23
0 1587 25
0 1588 26
0 1589 25
0 1590 27
0 1591 30
0 1592 27
0 1593 28
0 1594 27
0 1595 26
0 1596 29
0 1597 25
0 1598 28
0 1599 26
0 1600 24
0 1601 26
0 1602 27
0 1603 27
0 1604 29
0 1605 27
0 1606 25
0 1607 24
0 1608 25
0 1609 24
0 1610 28
0 1611 30
0 1612 26
0 1613 28
0 1614 27
0 1615 26
0 1616 29
0 1617 27
0 1618 27
0 1619 25
0 1620 24
0 1621 25
0 1622 26
0 1623 27
0 1624 28
0 1625 27
0 1626 26
0 1627 24
0 1628 25
0 1629 24
0 1630 28
0 1631 30
0 1632 26
0 1633 28
0 1634 27
0 1635 26
0 1636 29
0 1637 26
0 1638 27
0 1639 25
0 1640 24
0 1641 25
0 1642 26
0 1643 27
0 1644 29
0 1645 27
0 1646 24
0 1647 25
0 1648 26
0 1649 24
0 1650 27
0 1651 29
0 1652 27
0 1653 28
0 1654 27
0 1655 26
0 1656 29
0 1657 25
0 1658 27
0 1659 27
0 1660 24
0 1661 26
0 1662 27
0 1663 27
0 1664 29
0 1665 28
0 1666 23
0 1667 24
0 1668 27
0 1669 25
0 1670 27
0 1671 29
0 1672 26
0 1673 28
0 1674 27
0 1675 26
0 1676 29
0 1677 25
0 1678 28
0 1679 26
0 1680 24
0 1681 26
0 1682 27
0 1683 27
0 1684 29
0 1685 28
0 1686 25
0 1687 24
0 1688 25
0 1689 24
0 1690 28
0 1691 30
0 1692 27
0 1693 28
0 1694 27
0 1695 26
0 1696 29
0 1697 26
0 1698 27
0 1699 25
0 1700 24
0 1701 26
0 1702 26
0 1703 27
0 1704 28
0 1705 27
0 1706 26
0 1707 24
0 1708 25
0 1709 24
0 1710 28
0 1711 30
0 1712 26
0 1713 27
0 1714 27
0 1715 27
0 1716 29
0 1717 27
0 1718 28
0 1719 25
0 1720 25
0 1721 24
0 1722 26
0 1723 27
0 1724 28
0 1725 27
0 1726 26
0 1727 24
0 1728 25
0 1729 25
0 1730 28
0 1731 30
0 1732 26
0 1733 28
0 1734 27
0 1735 26
0 1736 29
0 1737 25
0 1738 27
0 1739 25
0 1740 24
0 1741 25
0 1742 26
0 1743 27
0 1744 28
0 1745 27
0 1746 25
0 1747 24
0 1748 25
0 1749 24
0 1750 28
0 1751 30
0 1752 26
0 1753 28
0 1754 27
0 1755 26
0 1756 29
0 1757 26
0 1758 27
0 1759 26
0 1760 24
0 1761 26
0 1762 26
0 1763 27
0 1764 29
0 1765 28
0 1766 25
0 1767 25
0 1768 26
0 1769 24
0 1770 27
0 1771 30
0 1772 27
0 1773 28
0 1774 27
0 1775 26
0 1776 29
0 1777 25
0 1778 28
0 1779 27
0 1780 24
0 1781 26
0 1782 26
0 1783 27
0 1784 28
0 1785 27
0 1786 25
0 1787 24
0 1788 25
0 1789 24
0 1790 28
0 1791 30
0 1792 26
0 1793 28
0 1794 27
0 1795 26
0 1796 29
0 1797 25
0 1798 27
0 1799 25
0 1800 24
0 1801 25
0 1802 26
0 1803 27
0 1804 28
0 1805 27
0 1806 26
0 1807 24
0 1808 25
0 1809 25
0 1810 28
0 1811 30
0 1812 26
0 1813 27
0 1814 27
0 1815 27
0 1816 27
0 1817 27
0 1818 28
0 1819 25
0 1820 25
0 1821 24
0 1822 26
0 1823 28
0 1824 30
0 1825 27
0 1826 26
0 1827 24
0 1828 25
0 1829 25
0 1830 28
0 1831 30
0 1832 26
0 1833 28
0 1834 27
0 1835 27
0 1836 29
0 1837 27
0 1838 28
0 1839 25
0 1840 24
0 1841 25
0 1842 26
0 1843 27
0 1844 28
0 1845 27
0 1846 25
0 1847 24
0 1848 25
0 1849 24
0 1850 28
0 1851 30
0 1852 26
0 1853 28
0 1854 27
0 1855 26
0 1856 29
0 1857 27
0 1858 27
0 1859 26
0 1860 24
0 1861 26
0 1862 26
0 1863 27
0 1864 29
0 1865 27
0 1866 25
0 1867 24
0 1868 25
0 1869 24
0 1870 28
0 1871 30
0 1872 26
0 1873 28
0 1874 27
0 1875 26
0 1876 29
0 1877 25
0 1878 27
0 1879 25
0 1880 24
0 1881 25
0 1882 26
0 1883 27
0 1884 28
0 1885 27
0 1886 26
0 1887 24
0 1888 25
0 1889 24
0 1890 28
0 1891 30
0 1892 26
0 1893 28
0 1894 27
0 1895 27
0 1896 27
0 1897 27
0 1898 28
0 1899 25
0 1900 25
0 1901 24
0 1902 26
0 1903 28
0 1904 30
0 1905 26
0 1906 26
0 1907 24
0 1908 25
0 1909 26
0 1910 28
0 1911 29
0 1912 27
0 1913 27
0 1914 28
0 1915 26
0 1916 27
0 1917 27
0 1918 29
0 1919 25
0 1920 25
0 1921 24
0 1922 26
0 1923 27
0 1924 28
0 1925 27
0 1926 26
0 1927 24
0 1928 25
0 1929 26
0 1930 28
0 1931 30
0 1932 26
0 1933 27
0 1934 27
0 1935 27
0 1936 27
0 1937 27
0 1938 28
0 1939 25
0 1940 24
0 1941 25
0 1942 26
0 1943 27
0 1944 28
0 1945 27
0 1946 25
0 1947 24
0 1948 25
0 1949 24
0 1950 28
0 1951 30
0 1952 26
0 1953 28
0 1954 27
0 1955 26
0 1956 29
0 1957 25
0 1958 27
0 1959 25
0 1960 24
0 1961 25
0 1962 26
0 1963 27
0 1964 29
0 1965 27
0 1966 25
0 1967 24
0 1968 25
0 1969 24
0 1970 28
0 1971 29
0 1972 26
0 1973 28
0 1974 27
0 1975 27
0 1976 29
0 1977 27
0 1978 28
0 1979 25
0 1980 24
0 1981 25
0 1982 26
0 1983 27
0 1984 28
0 1985 27
0 1986 26
0 1987 24
0 1988 25
0 1989 24
0 1990 28
0 1991 30
0 1992 27
0 1993 27
0 1994 27
0 1995 27
0 1996 27
0 1997 27
0 1998 29
0 1999 25
0 2000 25
0 2001 24
0 2002 26
0 2003 27
0 2004 29
0 2005 27
0 2006 26
0 2007 24
0 2008 25
0 2009 27
0 2010 28
0 2011 29
0 2012 27
0 2013 27
0 2014 28
0 2015 26
0 2016 27
0 2017 27
0 2018 28
0 2019 25
0 2020 25
0 2021 24
0 2022 26
0 2023 28
0 2024 30
0 2025 27
0 2026 26
0 2027 24
0 2028 25
0 2029 27
0 2030 28
0 2031 29
0 2032 27
0 2033 27
0 2034 27
0 2035 27
0 2036 27
0 2037 27
0 2038 28
0 2039 25
0 2040 25
0 2041 25
0 2042 26
0 2043 27
0 2044 28
0 2045 27
0 2046 26
0 2047 24
0 2048 25
0 2049 24
0 2050 27
0 2051 29
0 2052 27
0 2053 28
0 2054 27
0 2055 26
0 2056 28
0 2057 27
0 2058 28
0 2059 25
0 2060 24
0 2061 25
0 2062 26
0 2063 27
0 2064 28
0 2065 27
0 2066 24
0 2067 24
0 2068 25
0 2069 24
0 2070 28
0 2071 30
0 2072 26
0 2073 27
0 2074 27
0 2075 27
0 2076 27
0 2077 27
0 2078 29
0 2079 25
0 2080 25
0 2081 25
0 2082 26
0 2083 27
0 2084 28
0 2085 27
0 2086 26
0 2087 24
0 2088 25
0 2089 26
0 2090 28
0 2091 29
0 2092 27
0 2093 27
0 2094 28
0 2095 26
0 2096 27
0 2097 27
0 2098 28
0 2099 25
0 2100 25
0 2101 24
0 2102 26
0 2103 28
0 2104 30
0 2105 27
0 2106 26
0 2107 24
0 2108 25
0 2109 28
0 2110 28
0 2111 29
0 2112 27
0 2113 27
0 2114 28
0 2115 26
0 2116 27
0 2117 27
0 2118 29
0 2119 25
0 2120 25
0 2121 24
0 2122 26
0 2123 28
0 2124 30
0 2125 26
0 2126 26
0 2127 24
0 2128 25
0 2129 27
0 2130 28
0 2131 29
0 2132 27
0 2133 27
0 2134 28
0 2135 26
0 2136 27
0 2137 27
0 2138 28
0 2139 25
0 2140 25
0 2141 25
0 2142 26
0 2143 28
0 2144 30
0 2145 26
0 2146 26
0 2147 24
0 2148 25
0 2149 24
0 2150 28
0 2151 30
0 2152 26
0 2153 27
0 2154 27
0 2155 27
0 2156 27
0 2157 27
0 2158 28
0 2159 25
0 2160 25
0 2161 25
0 2162 26
0 2163 27
0 2164 28
0 2165 27
0 2166 26
0 2167 24
0 2168 25
0 2169 25
0 2170 28
0 2171 30
0 2172 26
0 2173 27
0 2174 27
0 2175 27
0 2176 27
0 2177 27
0 2178 28
0 2179 25
0 2180 25
0 2181 24
0 2182 26
0 2183 27
0 2184 29
0 2185 27
0 2186 26
0 2187 24
0 2188 25
0 2189 27
0 2190 28
0 2191 29
0 2192 27
0 2193 27
0 2194 28
0 2195 26
0 2196 27
0 2197 27
0 2198 29
0 2199 25
0 2200 25
0 2201 24
0 2202 26
0 2203 28
0 2204 30
0 2205 27
0 2206 25
0 2207 25
0 2208 25
0 2209 28
0 2210 28
0 2211 29
0 2212 27
0 2213 27
0 2214 27
0 2215 26
0 2216 26
0 2217 27
0 2218 29
0 2219 25
0 2220 25
0 2221 23
0 2222 26
0 2223 28
0 2224 30
0 2225 27
0 2226 26
0 2227 24
0 2228 25
0 2229 26
0 2230 28
0 2231 29
0 2232 27
0 2233 27
0 2234 27
0 2235 26
0 2236 27
0 2237 27
0 2238 29
0 2239 25
0 2240 25
0 2241 24
0 2242 26
0 2243 27
0 2244 28
0 2245 27
0 2246 26
0 2247 24
0 2248 25
0 2249 26
0 2250 28
0 2251 30
0 2252 27
0 2253 27
0 2254 28
0 2255 27
0 2256 27
0 2257 27
0 2258 28
0 2259 25
0 2260 25
0 2261 25
0 2262 26
0 2263 27
0 2264 30
0 2265 26
0 2266 26
0 2267 24
0 2268 25
0 2269 26
0 2270 28
0 2271 29
0 2272 27
0 2273 27
0 2274 28
0 2275 26
0 2276 27
0 2277 27
0 2278 29
0 2279 25
0 2280 25
0 2281 23
0 2282 26
0 2283 28
0 2284 30
0 2285 27
0 2286 26
0 2287 24
0 2288 25
0 2289 27
0 2290 28
0 2291 29
0 2292 27
0 2293 27
0 2294 28
0 2295 26
0 2296 27
0 2297 27
0 2298 29
0 2299 25
0 2300 25
0 2301 23
0 2302 26
0 2303 29
0 2304 30
0 2305 27
0 2306 25
0 2307 24
0 2308 25
0 2309 28
0 2310 27
0 2311 29
0 2312 27
0 2313 26
0 2314 28
0 2315 26
0 2316 27
0 2317 27
0 2318 29
0 2319 25
0 2320 25
0 2321 23
0 2322 26
0 2323 28
0 2324 30
0 2325 27
0 2326 25
0 2327 24
0 2328 25
0 2329 28
0 2330 27
0 2331 29
0 2332 27
0 2333 27
0 2334 26
0 2335 26
0 2336 26
0 2337 27
0 2338 28
0 2339 25
0 2340 25
0 2341 24
0 2342 26
0 2343 28
0 2344 30
0 2345 26
0 2346 26
0 2347 24
0 2348 25
0 2349 26
0 2350 28
0 2351 29
0 2352 27
0 2353 27
0 2354 28
0 2355 26
0 2356 27
0 2357 27
0 2358 29
0 2359 25
0 2360 25
0 2361 23
0 2362 26
0 2363 27
0 2364 30
0 2365 26
0 2366 26
0 2367 24
0 2368 25
0 2369 27
0 2370 28
0 2371 29
0 2372 27
0 2373 27
0 2374 28
0 2375 26
0 2376 27
0 2377 27
0 2378 29
0 2379 25
0 2380 25
0 2381 24
0 2382 26
0 2383 28
0 2384 30
0 2385 27
0 2386 25
0 2387 24
0 2388 25
0 2389 28
0 2390 27
0 2391 29
0 2392 27
0 2393 27
0 2394 28
0 2395 26
0 2396 26
0 2397 27
0 2398 28
0 2399 25
0 2400 25
0 2401 26
0 2402 26
0 2403 29
0 2404 30
0 2405 27
0 2406 25
0 2407 25
0 2408 26
0 2409 28
0 2410 27
0 2411 28
0 2412 27
0 2413 27
0 2414 28
0 2415 26
0 2416 26
0 2417 27
0 2418 28
0 2419 25
0 2420 25
0 2421 23
0 2422 26
0 2423 29
0 2424 30
0 2425 27
0 2426 25
0 2427 25
0 2428 25
0 2429 28
0 2430 27
0 2431 28
0 2432 27
0 2433 27
0 2434 27
0 2435 26
0 2436 27
0 2437 27
0 2438 29
0 2439 25
0 2440 25
0 2441 24
0 2442 26
0 2443 28
0 2444 30
0 2445 27
0 2446 26
0 2447 24
0 2448 25
0 2449 27
0 2450 28
0 2451 29
0 2452 27
0 2453 27
0 2454 26
0 2455 26
0 2456 27
0 2457 27
0 2458 29
0 2459 25
0 2460 25
0 2461 23
0 2462 26
0 2463 28
0 2464 30
0 2465 27
0 2466 26
0 2467 24
0 2468 25
0 2469 26
0 2470 28
0 2471 29
0 2472 27
0 2473 27
0 2474 26
0 2475 26
0 2476 27
0 2477 27
0 2478 29
0 2479 25
0 2480 25
0 2481 24
0 2482 26
0 2483 29
0 2484 30
0 2485 27
0 2486 25
0 2487 25
0 2488 26
0 2489 28
0 2490 27
0 2491 28
0 2492 27
0 2493 26
0 2494 28
0 2495 26
0 2496 26
0 2497 27
0 2498 28
0 2499 25
0 2500 25
0 2501 25
0 2502 25
0 2503 29
0 2504 30
0 2505 27
0 2506 25
0 2507 25
0 2508 26
0 2509 28
0 2510 26
0 2511 28
0 2512 27
0 2513 26
0 2514 28
0 2515 26
0 2516 26
0 2517 27
0 2518 28
0 2519 25
0 2520 25
0 2521 25
0 2522 26
0 2523 29
0 2524 30
0 2525 27
0 2526 25
0 2527 25
0 2528 26
0 2529 28
0 2530 28
0 2531 29
0 2532 27
0 2533 27
0 2534 28
0 2535 26
0 2536 27
0 2537 27
0 2538 29
0 2539 25
0 2540 25
0 2541 23
0 2542 26
0 2543 28
0 2544 30
0 2545 27
0 2546 26
0 2547 24
0 2548 25
0 2549 28
0 2550 28
0 2551 29
0 2552 27
0 2553 27
0 2554 26
0 2555 26
0 2556 27
0 2557 27
0 2558 28
0 2559 25
0 2560 25
0 2561 24
0 2562 26
0 2563 27
0 2564 30
0 2565 27
0 2566 26
0 2567 24
0 2568 25
0 2569 28
0 2570 27
0 2571 29
0 2572 27
0 2573 27
0 2574 28
0 2575 26
0 2576 26
0 2577 27
0 2578 28
0 2579 25
0 2580 25
0 2581 26
0 2582 25
0 2583 29
0 2584 30
0 2585 28
0 2586 24
0 2587 25
0 2588 26
0 2589 28
0 2590 26
0 2591 28
0 2592 28
0 2593 26
0 2594 28
0 2595 26
0 2596 26
0 2597 27
0 2598 29
0 2599 25
0 2600 25
0 2601 26
0 2602 25
0 2603 28
0 2604 30
0 2605 27
0 2606 25
0 2607 25
0 2608 27
0 2609 28
0 2610 26
0 2611 28
0 2612 27
0 2613 26
0 2614 28
0 2615 26
0 2616 26
0 2617 27
0 2618 28
0 2619 25
0 2620 25
0 2621 26
0 2622 25
0 2623 29
0 2624 30
0 2625 27
0 2626 25
0 2627 25
0 2628 25
0 2629 28
0 2630 27
0 2631 29
0 2632 27
0 2633 27
0 2634 28
0 2635 26
0 2636 27
0 2637 27
0 2638 29
0 2639 25
0 2640 25
0 2641 23
0 2642 26
0 2643 28
0 2644 30
0 2645 27
0 2646 26
0 2647 24
0 2648 25
0 2649 28
0 2650 27
0 2651 29
0 2652 27
0 2653 27
0 2654 28
0 2655 26
0 2656 26
0 2657 27
0 2658 29
0 2659 25
0 2660 25
0 2661 23
0 2662 26
0 2663 29
0 2664 30
0 2665 27
0 2666 25
0 2667 25
0 2668 25
0 2669 28
0 2670 27
0 2671 28
0 2672 27
0 2673 26
0 2674 28
0 2675 26
0 2676 27
0 2677 27
0 2678 28
0 2679 25
0 2680 25
0 2681 26
0 2682 25
0 2683 29
0 2684 30
0 2685 27
0 2686 24
0 2687 25
0 2688 26
0 2689 28
0 2690 26
0 2691 28
0 2692 27
0 2693 27
0 2694 28
0 2695 26
0 2696 26
0 2697 27
0 2698 27
0 2699 24
0 2700 25
0 2701 26
0 2702 25
0 2703 28
0 2704 30
0 2705 27
0 2706 25
0 2707 25
0 2708 26
0 2709 28
0 2710 26
0 2711 28
0 2712 28
0 2713 26
0 2714 28
0 2715 25
0 2716 26
0 2717 27
0 2718 28
0 2719 25
0 2720 25
0 2721 26
0 2722 26
0 2723 29
0 2724 30
0 2725 27
0 2726 25
0 2727 25
0 2728 26
0 2729 28
0 2730 27
0 2731 28
0 2732 27
0 2733 26
0 2734 28
0 2735 26
0 2736 26
0 2737 27
0 2738 28
0 2739 25
0 2740 25
0 2741 23
0 2742 26
0 2743 29
0 2744 30
0 2745 27
0 2746 25
0 2747 25
0 2748 25
0 2749 28
0 2750 27
0 2751 28
0 2752 27
0 2753 26
0 2754 27
0 2755 26
0 2756 26
0 2757 27
0 2758 29
0 2759 25
0 2760 25
0 2761 26
0 2762 26
0 2763 29
0 2764 30
0 2765 27
0 2766 25
0 2767 25
0 2768 26
0 2769 28
0 2770 27
0 2771 28
0 2772 27
0 2773 26
0 2774 28
0 2775 26
0 2776 26
0 2777 27
0 2778 28
0 2779 24
0 2780 25
0 2781 26
0 2782 25
0 2783 28
0 2784 30
0 2785 27
0 2786 25
0 2787 25
0 2788 26
0 2789 28
0 2790 26
0 2791 28
0 2792 28
0 2793 26
0 2794 28
0 2795 24
0 2796 25
0 2797 27
0 2798 28
0 2799 25
0 2800 26
0 2801 26
0 2802 25
0 2803 28
0 2804 30
0 2805 27
0 2806 24
0 2807 25
0 2808 26
0 2809 28
0 2810 26
0 2811 28
0 2812 28
0 2813 26
0 2814 28
0 2815 26
0 2816 25
0 2817 27
0 2818 28
0 2819 25
0 2820 25
0 2821 25
0 2822 25
0 2823 29
0 2824 30
0 2825 27
0 2826 25
0 2827 25
0 2828 26
0 2829 28
0 2830 27
0 2831 28
0 2832 27
0 2833 26
0 2834 28
0 2835 26
0 2836 26
0 2837 27
0 2838 28
0 2839 24
0 2840 25
0 2841 26
0 2842 25
0 2843 29
0 2844 30
0 2845 27
0 2846 25
0 2847 25
0 2848 26
0 2849 28
0 2850 27
0 2851 28
0 2852 27
0 2853 27
0 2854 28
0 2855 26
0 2856 26
0 2857 27
0 2858 28
0 2859 24
0 2860 25
0 2861 26
0 2862 25
0 2863 29
0 2864 30
0 2865 27
0 2866 25
0 2867 25
0 2868 26
0 2869 28
0 2870 26
0 2871 28
0 2872 28
0 2873 26
0 2874 28
0 2875 26
0 2876 26
0 2877 27
0 2878 28
0 2879 25
0 2880 25
0 2881 26
0 2882 25
0 2883 29
0 2884 30
0 2885 28
0 2886 24
0 2887 25
0 2888 26
0 2889 28
0 2890 26
0 2891 28
0 2892 28
0 2893 26
0 2894 27
0 2895 24
0 2896 25
0 2897 28
0 2898 28
0 2899 24
0 2900 25
0 2901 26
0 2902 24
0 2903 27
0 2904 30
0 2905 27
0 2906 24
0 2907 25
0 2908 26
0 2909 28
0 2910 26
0 2911 28
0 2912 28
0 2913 26
0 2914 28
0 2915 26
0 2916 26
0 2917 27
0 2918 28
0 2919 25
0 2920 25
0 2921 26
0 2922 26
0 2923 29
0 2924 30
0 2925 27
0 2926 25
0 2927 25
0 2928 26
0 2929 28
0 2930 26
0 2931 28
0 2932 27
0 2933 26
0 2934 28
0 2935 26
0 2936 26
0 2937 27
0 2938 28
0 2939 24
0 2940 25
0 2941 26
0 2942 25
0 2943 29
0 2944 30
0 2945 27
0 2946 25
0 2947 25
0 2948 25
0 2949 28
0 2950 27
0 2951 28
0 2952 27
0 2953 26
0 2954 28
0 2955 26
0 2956 26
0 2957 27
0 2958 29
0 2959 24
0 2960 25
0 2961 26
0 2962 26
0 2963 29
0 2964 30
0 2965 27
0 2966 25
0 2967 25
0 2968 27
0 2969 28
0 2970 26
0 2971 28
0 2972 28
0 2973 26
0 2974 28
0 2975 25
0 2976 25
0 2977 27
0 2978 28
0 2979 24
0 2980 25
0 2981 26
0 2982 25
0 2983 27
0 2984 30
0 2985 28
0 2986 25
0 2987 25
0 2988 26
0 2989 28
0 2990 26
0 2991 28
0 2992 28
0 2993 26
0 2994 28
0 2995 24
0 2996 25
0 2997 27
0 2998 28
0 2999 24
0 3000 25
0 3001 27
0 3002 25
0 3003 27
0 3004 30
0 3005 27
0 3006 25
0 3007 25
0 3008 26
0 3009 28
0 3010 26
0 3011 28
0 3012 28
0 3013 26
0 3014 28
0 3015 25
0 3016 25
0 3017 28
0 3018 28
0 3019 25
0 3020 25
0 3021 26
0 3022 25
0 3023 28
0 3024 30
0 3025 28
0 3026 25
0 3027 25
0 3028 26
0 3029 28
0 3030 26
0 3031 28
0 3032 27
0 3033 26
0 3034 28
0 3035 25
0 3036 26
0 3037 27
0 3038 28
0 3039 25
0 3040 25
0 3041 26
0 3042 26
0 3043 29
0 3044 30
0 3045 27
0 3046 24
0 3047 25
0 3048 26
0 3049 28
0 3050 26
0 3051 28
0 3052 27
0 3053 26
0 3054 28
0 3055 26
0 3056 25
0 3057 27
0 3058 28
0 3059 24
0 3060 25
0 3061 26
0 3062 25
0 3063 27
0 3064 30
0 3065 27
0 3066 24
0 3067 25
0 3068 26
0 3069 28
0 3070 26
0 3071 28
0 3072 28
0 3073 26
0 3074 28
0 3075 25
0 3076 26
0 3077 27
0 3078 28
0 3079 24
0 3080 25
0 3081 26
0 3082 25
0 3083 27
0 3084 30
0 3085 27
0 3086 24
0 3087 25
0 3088 26
0 3089 28
0 3090 26
0 3091 28
0 3092 28
0 3093 26
0 3094 27
0 3095 24
0 3096 27
0 3097 26
0 3098 28
0 3099 24
0 3100 25
0 3101 27
0 3102 24
0 3103 27
0 3104 31
0 3105 27
0 3106 24
0 3107 25
0 3108 26
0 3109 28
0 3110 26
0 3111 28
0 3112 28
0 3113 26
0 3114 28
0 3115 24
0 3116 25
0 3117 27
0 3118 28
0 3119 24
0 3120 25
0 3121 26
0 3122 25
0 3123 28
0 3124 30
0 3125 26
0 3126 24
0 3127 25
0 3128 26
0 3129 28
0 3130 26
0 3131 28
0 3132 27
0 3133 26
0 3134 28
0 3135 25
0 3136 25
0 3137 27
0 3138 28
0 3139 24
0 3140 25
0 3141 26
0 3142 25
0 3143 28
0 3144 30
0 3145 27
0 3146 25
0 3147 25
0 3148 26
0 3149 28
0 3150 26
0 3151 28
0 3152 28
0 3153 26
0 3154 28
0 3155 26
0 3156 26
0 3157 27
0 3158 28
0 3159 25
0 3160 25
0 3161 26
0 3162 25
0 3163 28
0 3164 30
0 3165 27
0 3166 24
0 3167 25
0 3168 26
0 3169 28
0 3170 26
0 3171 28
0 3172 28
0 3173 26
0 3174 28
0 3175 24
0 3176 25
0 3177 27
0 3178 28
0 3179 24
0 3180 24
0 3181 27
0 3182 24
0 3183 27
0 3184 30
0 3185 28
0 3186 25
0 3187 25
0 3188 26
0 3189 29
0 3190 26
0 3191 29
0 3192 28
0 3193 27
0 3194 27
0 3195 24
0 3196 26
0 3197 26
0 3198 28
0 3199 24
0 3200 25
0 3201 27
0 3202 25
0 3203 28
0 3204 30
0 3205 27
0 3206 24
0 3207 25
0 3208 26
0 3209 28
0 3210 26
0 3211 28
0 3212 28
0 3213 26
0 3214 27
0 3215 24
0 3216 25
0 3217 27
0 3218 28
0 3219 24
0 3220 25
0 3221 26
0 3222 25
0 3223 27
0 3224 30
0 3225 27
0 3226 24
0 3227 25
0 3228 26
0 3229 28
0 3230 26
0 3231 28
0 3232 28
0 3233 26
0 3234 28
0 3235 25
0 3236 25
0 3237 27
0 3238 28
0 3239 25
0 3240 25
0 3241 26
0 3242 25
0 3243 28
0 3244 30
0 3245 27
0 3246 24
0 3247 25
0 3248 26
0 3249 28
0 3250 26
0 3251 28
0 3252 27
0 3253 26
0 3254 27
0 3255 25
0 3256 25
0 3257 28
0 3258 28
0 3259 24
0 3260 25
0 3261 26
0 3262 25
0 3263 27
0 3264 31
0 3265 27
0 3266 25
0 3267 25
0 3268 27
0 3269 28
0 3270 26
0 3271 28
0 3272 28
0 3273 27
0 3274 27
0 3275 24
0 3276 27
0 3277 26
0 3278 28
0 3279 24
0 3280 24
0 3281 27
0 3282 24
0 3283 27
0 3284 30
0 3285 28
0 3286 25
0 3287 25
0 3288 26
0 3289 29
0 3290 26
0 3291 29
0 3292 28
0 3293 27
0 3294 27
0 3295 24
0 3296 27
0 3297 26
0 3298 28
0 3299 25
0 3300 25
0 3301 26
0 3302 24
0 3303 27
0 3304 31
0 3305 28
0 3306 25
0 3307 25
0 3308 26
0 3309 28
0 3310 26
0 3311 28
0 3312 28
0 3313 26
0 3314 28
0 3315 24
0 3316 25
0 3317 28
0 3318 28
0 3319 26
0 3320 25
0 3321 26
0 3322 25
0 3323 28
0 3324 30
0 3325 27
0 3326 25
0 3327 25
0 3328 26
0 3329 28
0 3330 26
0 3331 28
0 3332 27
0 3333 26
0 3334 28
0 3335 26
0 3336 25
0 3337 27
0 3338 28
0 3339 25
0 3340 25
0 3341 26
0 3342 25
0 3343 28
0 3344 30
0 3345 27
0 3346 24
0 3347 25
0 3348 26
0 3349 28
0 3350 26
0 3351 28
0 3352 28
0 3353 26
0 3354 27
0 3355 24
0 3356 25
0 3357 28
0 3358 28
0 3359 24
0 3360 25
0 3361 27
0 3362 25
0 3363 28
0 3364 30
0 3365 27
0 3366 25
0 3367 25
0 3368 26
0 3369 29
0 3370 26
0 3371 28
0 3372 28
0 3373 26
0 3374 27
0 3375 24
0 3376 27
0 3377 26
0 3378 28
0 3379 24
0 3380 25
0 3381 27
0 3382 24
0 3383 27
0 3384 30
0 3385 28
0 3386 25
0 3387 25
0 3388 26
0 3389 29
0 3390 26
0 3391 29
0 3392 29
0 3393 27
0 3394 28
0 3395 24
0 3396 25
0 3397 27
0 3398 28
0 3399 24
0 3400 25
0 3401 27
0 3402 24
0 3403 27
0 3404 31
0 3405 28
0 3406 24
0 3407 25
0 3408 26
0 3409 28
0 3410 26
0 3411 28
0 3412 28
0 3413 26
0 3414 28
0 3415 24
0 3416 25
0 3417 28
0 3418 28
0 3419 24
0 3420 25
0 3421 26
0 3422 25
0 3423 27
0 3424 30
0 3425 27
0 3426 24
0 3427 25
0 3428 26
0 3429 28
0 3430 26
0 3431 28
0 3432 28
0 3433 26
0 3434 28
0 3435 24
0 3436 25
0 3437 27
0 3438 28
0 3439 24
0 3440 24
0 3441 26
0 3442 25
0 3443 28
0 3444 30
0 3445 27
0 3446 24
0 3447 25
0 3448 27
0 3449 28
0 3450 26
0 3451 28
0 3452 28
0 3453 26
0 3454 27
0 3455 24
0 3456 25
0 3457 27
0 3458 28
0 3459 25
0 3460 25
0 3461 26
0 3462 24
0 3463 27
0 3464 31
0 3465 28
0 3466 25
0 3467 25
0 3468 26
0 3469 29
0 3470 26
0 3471 29
0 3472 28
0 3473 28
0 3474 27
0 3475 24
0 3476 27
0 3477 26
0 3478 27
0 3479 24
0 3480 24
0 3481 27
0 3482 24
0 3483 27
0 3484 30
0 3485 28
0 3486 25
0 3487 24
0 3488 26
0 3489 29
0 3490 26
0 3491 28
0 3492 28
0 3493 26
0 3494 27
0 3495 24
0 3496 27
0 3497 26
0 3498 28
0 3499 24
0 3500 25
0 3501 27
0 3502 24
0 3503 27
0 3504 30
0 3505 28
0 3506 24
0 3507 25
0 3508 26
0 3509 28
0 3510 26
0 3511 28
0 3512 28
0 3513 26
0 3514 27
0 3515 24
0 3516 25
0 3517 27
0 3518 28
0 3519 24
0 3520 25
0 3521 26
0 3522 25
0 3523 28
0 3524 30
0 3525 27
0 3526 24
0 3527 25
0 3528 26
0 3529 28
0 3530 26
0 3531 28
0 3532 28
0 3533 26
0 3534 27
0 3535 24
0 3536 25
0 3537 27
0 3538 28
0 3539 25
0 3540 25
0 3541 26
0 3542 25
0 3543 28
0 3544 30
0 3545 27
0 3546 24
0 3547 25
0 3548 26
0 3549 28
0 3550 25
0 3551 28
0 3552 28
0 3553 26
0 3554 27
0 3555 24
0 3556 25
0 3557 26
0 3558 28
0 3559 24
0 3560 25
0 3561 27
0 3562 24
0 3563 27
0 3564 31
0 3565 27
0 3566 25
0 3567 25
0 3568 26
0 3569 29
0 3570 26
0 3571 29
0 3572 28
0 3573 27
0 3574 27
0 3575 25
0 3576 27
0 3577 27
0 3578 27
0 3579 24
0 3580 24
0 3581 27
0 3582 24
0 3583 27
0 3584 28
0 3585 28
0 3586 25
0 3587 25
0 3588 26
0 3589 28
0 3590 26
0 3591 29
0 3592 28
0 3593 27
0 3594 27
0 3595 24
0 3596 27
0 3597 26
0 3598 28
0 3599 24
0 3600 25
0 3601 27
0 3602 24
0 3603 27
0 3604 30
0 3605 27
0 3606 25
0 3607 25
0 3608 26
0 3609 29
0 3610 25
0 3611 28
0 3612 28
0 3613 26
0 3614 27
0 3615 24
0 3616 25
0 3617 27
0 3618 28
0 3619 24
0 3620 25
0 3621 26
0 3622 24
0 3623 27
0 3624 30
0 3625 27
0 3626 24
0 3627 25
0 3628 26
0 3629 28
0 3630 26
0 3631 28
0 3632 28
0 3633 26
0 3634 28
0 3635 24
0 3636 25
0 3637 28
0 3638 28
0 3639 25
0 3640 25
0 3641 27
0 3642 24
0 3643 27
0 3644 30
0 3645 28
0 3646 24
0 3647 25
0 3648 26
0 3649 28
0 3650 26
0 3651 28
0 3652 28
0 3653 26
0 3654 27
0 3655 24
0 3656 27
0 3657 26
0 3658 28
0 3659 24
0 3660 25
0 3661 27
0 3662 24
0 3663 27
0 3664 30
0 3665 28
0 3666 25
0 3667 25
0 3668 26
0 3669 29
0 3670 26
0 3671 29
0 3672 30
0 3673 29
0 3674 26
0 3675 25
0 3676 27
0 3677 27
0 3678 27
0 3679 24
0 3680 24
0 3681 27
0 3682 24
0 3683 27
0 3684 30
0 3685 28
0 3686 25
0 3687 25
0 3688 26
0 3689 29
0 3690 26
0 3691 29
0 3692 30
0 3693 29
0 3694 27
0 3695 25
0 3696 27
0 3697 26
0 3698 28
0 3699 24
0 3700 25
0 3701 27
0 3702 24
0 3703 27
0 3704 31
0 3705 28
0 3706 24
0 3707 25
0 3708 26
0 3709 28
0 3710 26
0 3711 28
0 3712 28
0 3713 26
0 3714 28
0 3715 25
0 3716 25
0 3717 27
0 3718 28
0 3719 23
0 3720 24
0 3721 26
0 3722 25
0 3723 27
0 3724 30
0 3725 27
0 3726 24
0 3727 25
0 3728 26
0 3729 28
0 3730 26
0 3731 28
0 3732 28
0 3733 26
0 3734 27
0 3735 24
0 3736 25
0 3737 26
0 3738 28
0 3739 24
0 3740 24
0 3741 26
0 3742 24
0 3743 27
0 3744 31
0 3745 27
0 3746 24
0 3747 25
0 3748 26
0 3749 28
0 3750 27
0 3751 28
0 3752 28
0 3753 26
0 3754 27
0 3755 24
0 3756 25
0 3757 26
0 3758 28
0 3759 24
0 3760 25
0 3761 27
0 3762 24
0 3763 27
0 3764 30
0 3765 28
0 3766 25
0 3767 25
0 3768 26
0 3769 29
0 3770 27
0 3771 29
0 3772 30
0 3773 29
0 3774 27
0 3775 25
0 3776 27
0 3777 27
0 3778 27
0 3779 24
0 3780 25
0 3781 27
0 3782 24
0 3783 27
0 3784 29
0 3785 28
0 3786 25
0 3787 23
0 3788 26
0 3789 29
0 3790 26
0 3791 29
0 3792 29
0 3793 29
0 3794 27
0 3795 24
0 3796 26
0 3797 27
0 3798 28
0 3799 24
0 3800 24
0 3801 27
0 3802 24
0 3803 27
0 3804 31
0 3805 28
0 3806 25
0 3807 25
0 3808 26
0 3809 29
0 3810 26
0 3811 28
0 3812 28
0 3813 26
0 3814 27
0 3815 24
0 3816 26
0 3817 26
0 3818 28
0 3819 24
0 3820 24
0 3821 26
0 3822 24
0 3823 27
0 3824 30
0 3825 27
0 3826 24
0 3827 25
0 3828 26
0 3829 28
0 3830 25
0 3831 28
0 3832 28
0 3833 26
0 3834 27
0 3835 24
0 3836 25
0 3837 26
0 3838 28
0 3839 24
0 3840 25
0 3841 26
0 3842 24
0 3843 28
0 3844 30
0 3845 27
0 3846 24
0 3847 25
0 3848 26
0 3849 29
0 3850 26
0 3851 28
0 3852 28
0 3853 26
0 3854 27
0 3855 24
0 3856 27
0 3857 26
0 3858 28
0 3859 25
0 3860 25
0 3861 27
0 3862 24
0 3863 27
0 3864 28
0 3865 28
0 3866 25
0 3867 24
0 3868 26
0 3869 29
0 3870 27
0 3871 29
0 3872 30
0 3873 29
0 3874 26
0 3875 25
0 3876 27
0 3877 27
0 3878 27
0 3879 24
0 3880 25
0 3881 27
0 3882 25
0 3883 27
0 3884 29
0 3885 28
0 3886 25
0 3887 23
0 3888 26
0 3889 29
0 3890 26
0 3891 29
0 3892 28
0 3893 27
0 3894 27
0 3895 24
0 3896 27
0 3897 26
0 3898 27
0 3899 24
0 3900 25
0 3901 27
0 3902 24
0 3903 27
0 3904 30
0 3905 27
0 3906 24
0 3907 25
0 3908 26
0 3909 28
0 3910 25
0 3911 28
0 3912 28
0 3913 26
0 3914 27
0 3915 24
0 3916 25
0 3917 27
0 3918 28
0 3919 24
0 3920 25
0 3921 27
0 3922 24
0 3923 28
0 3924 30
0 3925 27
0 3926 24
0 3927 25
0 3928 26
0 3929 28
0 3930 27
0 3931 28
0 3932 28
0 3933 26
0 3934 27
0 3935 24
0 3936 25
0 3937 27
0 3938 28
0 3939 24
0 3940 24
0 3941 26
0 3942 24
0 3943 27
0 3944 30
0 3945 28
0 3946 25
0 3947 25
0 3948 26
0 3949 28
0 3950 26
0 3951 29
0 3952 28
0 3953 27
0 3954 28
0 3955 24
0 3956 27
0 3957 26
0 3958 28
0 3959 24
0 3960 24
0 3961 27
0 3962 24
0 3963 27
0 3964 28
0 3965 28
0 3966 25
0 3967 23
0 3968 26
0 3969 29
0 3970 27
0 3971 28
0 3972 28
0 3973 28
0 3974 27
0 3975 25
0 3976 27
0 3977 28
0 3978 27
0 3979 24
0 3980 24
0 3981 27
0 3982 24
0 3983 27
0 3984 29
0 3985 28
0 3986 25
0 3987 25
0 3988 26
0 3989 29
0 3990 26
0 3991 29
0 3992 30
0 3993 29
0 3994 27
0 3995 25
0 3996 27
0 3997 26
0 3998 27
0 3999 24
0 4000 24
0 4001 27
0 4002 24
0 4003 27
0 4004 30
0 4005 28
0 4006 24
0 4007 25
0 4008 26
0 4009 29
0 4010 26
0 4011 28
0 4012 28
0 4013 26
0 4014 27
0 4015 24
0 4016 27
0 4017 26
0 4018 28
0 4019 25
0 4020 25
0 4021 26
0 4022 24
0 4023 27
0 4024 30
0 4025 27
0 4026 24
0 4027 25
0 4028 26
0 4029 28
0 4030 26
0 4031 28
0 4032 28
0 4033 26
0 4034 28
0 4035 24
0 4036 25
0 4037 28
0 4038 28
0 4039 24
0 4040 25
0 4041 27
0 4042 24
0 4043 27
0 4044 30
0 4045 28
0 4046 25
0 4047 25
0 4048 26
0 4049 29
0 4050 26
0 4051 28
0 4052 28
0 4053 26
0 4054 27
0 4055 25
0 4056 27
0 4057 26
0 4058 27
0 4059 24
0 4060 24
0 4061 27
0 4062 24
0 4063 27
0 4064 28
0 4065 28
0 4066 25
0 4067 25
0 4068 26
0 4069 29
0 4070 27
0 4071 29
0 4072 30
0 4073 29
0 4074 27
0 4075 25
0 4076 27
0 4077 27
0 4078 27
0 4079 25
0 4080 24
0 4081 27
0 4082 24
0 4083 27
0 4084 30
0 4085 28
0 4086 25
0 4087 25
0 4088 26
0 4089 29
0 4090 26
0 4091 29
0 4092 28
0 4093 26
0 4094 27
0 4095 24
0 4096 27
0 4097 26
0 4098 28
0 4099 24
0 4100 25
0 4101 26
0 4102 24
0 4103 27
0 4104 30
0 4105 27
0 4106 24
0 4107 25
0 4108 26
0 4109 28
0 4110 26
0 4111 28
0 4112 28
0 4113 26
0 4114 27
0 4115 24
0 4116 25
0 4117 26
0 4118 28
0 4119 24
0 4120 25
0 4121 27
0 4122 24
0 4123 27
0 4124 30
0 4125 27
0 4126 25
0 4127 25
0 4128 26
0 4129 28
0 4130 26
0 4131 28
0 4132 28
0 4133 26
0 4134 27
0 4135 24
0 4136 27
0 4137 26
0 4138 28
0 4139 24
0 4140 25
0 4141 27
0 4142 24
0 4143 27
0 4144 30
0 4145 28
0 4146 25
0 4147 25
0 4148 26
0 4149 29
0 4150 26
0 4151 29
0 4152 30
0 4153 29
0 4154 26
0 4155 25
0 4156 27
0 4157 28
0 4158 27
0 4159 25
0 4160 26
0 4161 27
0 4162 24
0 4163 27
0 4164 30
0 4165 28
0 4166 25
0 4167 23
0 4168 25
0 4169 29
0 4170 27
0 4171 28
0 4172 30
0 4173 29
0 4174 26
0 4175 25
0 4176 27
0 4177 27
0 4178 27
0 4179 24
0 4180 24
0 4181 27
0 4182 24
0 4183 27
0 4184 28
0 4185 28
0 4186 25
0 4187 25
0 4188 26
0 4189 29
0 4190 26
0 4191 29
0 4192 28
0 4193 27
0 4194 28
0 4195 24
0 4196 26
0 4197 26
0 4198 28
0 4199 24
0 4200 25
0 4201 27
0 4202 24
0 4203 27
0 4204 30
0 4205 27
0 4206 24
0 4207 25
0 4208 26
0 4209 29
0 4210 26
0 4211 28
0 4212 28
0 4213 26
0 4214 27
0 4215 24
0 4216 27
0 4217 26
0 4218 28
0 4219 24
0 4220 25
0 4221 27
0 4222 24
0 4223 27
0 4224 31
0 4225 27
0 4226 25
0 4227 25
0 4228 27
0 4229 28
0 4230 26
0 4231 28
0 4232 28
0 4233 26
0 4234 27
0 4235 24
0 4236 25
0 4237 26
0 4238 28
0 4239 24
0 4240 25
0 4241 27
0 4242 24
0 4243 27
0 4244 30
0 4245 28
0 4246 25
0 4247 25
0 4248 26
0 4249 29
0 4250 26
0 4251 29
0 4252 30
0 4253 29
0 4254 27
0 4255 25
0 4256 27
0 4257 27
0 4258 27
0 4259 24
0 4260 24
0 4261 27
0 4262 24
0 4263 27
0 4264 28
0 4265 28
0 4266 25
0 4267 23
0 4268 26
0 4269 29
0 4270 27
0 4271 28
0 4272 30
0 4273 29
0 4274 26
0 4275 25
0 4276 27
0 4277 27
0 4278 27
0 4279 24
0 4280 24
0 4281 27
0 4282 24
0 4283 27
0 4284 30
0 4285 28
0 4286 25
0 4287 25
0 4288 26
0 4289 29
0 4290 27
0 4291 28
0 4292 28
0 4293 26
0 4294 27
0 4295 25
0 4296 27
0 4297 27
0 4298 28
0 4299 24
0 4300 25
0 4301 27
0 4302 24
0 4303 27
0 4304 30
0 4305 27
0 4306 24
0 4307 25
0 4308 26
0 4309 28
0 4310 26
0 4311 28
0 4312 28
0 4313 26
0 4314 27
0 4315 24
0 4316 25
0 4317 26
0 4318 28
0 4319 24
0 4320 25
0 4321 27
0 4322 24
0 4323 27
0 4324 30
0 4325 27
0 4326 25
0 4327 25
0 4328 26
0 4329 28
0 4330 26
0 4331 28
0 4332 28
0 4333 26
0 4334 27
0 4335 24
0 4336 27
0 4337 26
0 4338 28
0 4339 24
0 4340 25
0 4341 27
0 4342 24
0 4343 27
0 4344 30
0 4345 28
0 4346 25
0 4347 25
0 4348 26
0 4349 29
0 4350 26
0 4351 29
0 4352 30
0 4353 29
0 4354 27
0 4355 24
0 4356 26
0 4357 26
0 4358 27
0 4359 24
0 4360 24
0 4361 27
0 4362 24
0 4363 27
0 4364 28
0 4365 28
0 4366 25
0 4367 23
0 4368 25
0 4369 29
0 4370 26
0 4371 29
0 4372 30
0 4373 29
0 4374 26
0 4375 25
0 4376 27
0 4377 27
0 4378 27
0 4379 24
0 4380 24
0 4381 27
0 4382 24
0 4383 27
0 4384 30
0 4385 28
0 4386 25
0 4387 25
0 4388 26
0 4389 29
0 4390 26
0 4391 29
0 4392 28
0 4393 26
0 4394 27
0 4395 24
0 4396 27
0 4397 26
0 4398 28
0 4399 24
0 4400 25
0 4401 27
0 4402 24
0 4403 27
0 4404 30
0 4405 27
0 4406 24
0 4407 25
0 4408 26
0 4409 29
0 4410 27
0 4411 28
0 4412 28
0 4413 26
0 4414 27
0 4415 24
0 4416 25
0 4417 26
0 4418 28
0 4419 25
0 4420 25
0 4421 26
0 4422 24
0 4423 27
0 4424 31
0 4425 28
0 4426 24
0 4427 25
0 4428 26
0 4429 28
0 4430 26
0 4431 28
0 4432 28
0 4433 26
0 4434 27
0 4435 24
0 4436 25
0 4437 26
0 4438 28
0 4439 24
0 4440 24
0 4441 27
0 4442 24
0 4443 27
0 4444 30
0 4445 28
0 4446 25
0 4447 24
0 4448 26
0 4449 29
0 4450 26
0 4451 29
0 4452 28
0 4453 29
0 4454 27
0 4455 25
0 4456 27
0 4457 27
0 4458 27
0 4459 23
0 4460 25
0 4461 27
0 4462 25
0 4463 27
0 4464 28
0 4465 28
0 4466 25
0 4467 24
0 4468 26
0 4469 29
0 4470 27
0 4471 29
0 4472 30
0 4473 29
0 4474 26
0 4475 25
0 4476 27
0 4477 27
0 4478 27
0 4479 24
0 4480 24
0 4481 27
0 4482 24
0 4483 28
0 4484 30
0 4485 27
0 4486 25
0 4487 25
0 4488 26
0 4489 28
0 4490 26
0 4491 28
0 4492 28
0 4493 26
0 4494 27
0 4495 24
0 4496 27
0 4497 26
0 4498 28
0 4499 24
0 4500 24
0 4501 26
0 4502 24
0 4503 27
0 4504 31
0 4505 28
0 4506 25
0 4507 25
0 4508 26
0 4509 29
0 4510 25
0 4511 28
0 4512 28
0 4513 26
0 4514 27
0 4515 24
0 4516 25
0 4517 26
0 4518 28
0 4519 24
0 4520 25
0 4521 27
0 4522 24
0 4523 27
0 4524 30
0 4525 27
0 4526 24
0 4527 25
0 4528 26
0 4529 29
0 4530 27
0 4531 29
0 4532 28
0 4533 27
0 4534 27
0 4535 25
0 4536 27
0 4537 27
0 4538 27
0 4539 24
0 4540 24
0 4541 27
0 4542 24
0 4543 27
0 4544 28
0 4545 28
0 4546 25
0 4547 25
0 4548 26
0 4549 29
0 4550 27
0 4551 29
0 4552 30
0 4553 29
0 4554 26
0 4555 25
0 4556 27
0 4557 28
0 4558 27
0 4559 25
0 4560 25
0 4561 27
0 4562 25
0 4563 27
0 4564 28
0 4565 28
0 4566 25
0 4567 24
0 4568 25
0 4569 29
0 4570 27
0 4571 29
0 4572 30
0 4573 29
0 4574 26
0 4575 25
0 4576 26
0 4577 27
0 4578 27
0 4579 24
0 4580 25
0 4581 27
0 4582 24
0 4583 27
0 4584 30
0 4585 28
0 4586 25
0 4587 25
0 4588 26
0 4589 29
0 4590 26
0 4591 28
0 4592 28
0 4593 26
0 4594 27
0 4595 24
0 4596 25
0 4597 26
0 4598 28
0 4599 24
0 4600 25
0 4601 27
0 4602 24
0 4603 27
0 4604 30
0 4605 28
0 4606 24
0 4607 25
0 4608 26
0 4609 28
0 4610 26
0 4611 28
0 4612 27
0 4613 26
0 4614 27
0 4615 24
0 4616 26
0 4617 26
0 4618 28
0 4619 24
0 4620 24
0 4621 26
0 4622 24
0 4623 27
0 4624 30
0 4625 27
0 4626 24
0 4627 25
0 4628 26
0 4629 28
0 4630 26
0 4631 29
0 4632 29
0 4633 29
0 4634 27
0 4635 25
0 4636 27
0 4637 27
0 4638 27
0 4639 24
0 4640 24
0 4641 27
0 4642 24
0 4643 27
0 4644 30
0 4645 28
0 4646 25
0 4647 23
0 4648 26
0 4649 29
0 4650 27
0 4651 28
0 4652 30
0 4653 29
0 4654 26
0 4655 25
0 4656 26
0 4657 28
0 4658 27
0 4659 25
0 4660 24
0 4661 27
0 4662 25
0 4663 27
0 4664 28
0 4665 28
0 4666 25
0 4667 23
0 4668 26
0 4669 29
0 4670 27
0 4671 28
0 4672 30
0 4673 29
0 4674 28
0 4675 24
0 4676 27
0 4677 26
0 4678 27
0 4679 24
0 4680 24
0 4681 27
0 4682 24
0 4683 27
0 4684 30
0 4685 28
0 4686 25
0 4687 25
0 4688 26
0 4689 29
0 4690 26
0 4691 28
0 4692 28
0 4693 26
0 4694 27
0 4695 24
0 4696 27
0 4697 26
0 4698 28
0 4699 24
0 4700 25
0 4701 27
0 4702 24
0 4703 27
0 4704 31
0 4705 27
0 4706 25
0 4707 25
0 4708 26
0 4709 28
0 4710 26
0 4711 28
0 4712 28
0 4713 27
0 4714 27
0 4715 25
0 4716 27
0 4717 26
0 4718 28
0 4719 24
0 4720 24
0 4721 27
0 4722 24
0 4723 27
0 4724 30
0 4725 28
0 4726 25
0 4727 25
0 4728 26
0 4729 29
0 4730 26
0 4731 29
0 4732 28
0 4733 29
0 4734 27
0 4735 25
0 4736 27
0 4737 27
0 4738 28
0 4739 24
0 4740 25
0 4741 27
0 4742 24
0 4743 27
0 4744 29
0 4745 28
0 4746 25
0 4747 23
0 4748 26
0 4749 29
0 4750 27
0 4751 28
0 4752 30
0 4753 29
0 4754 26
0 4755 25
0 4756 26
0 4757 28
0 4758 27
0 4759 23
0 4760 25
0 4761 27
0 4762 25
0 4763 27
0 4764 28
0 4765 28
0 4766 26
0 4767 24
0 4768 25
0 4769 29
0 4770 27
0 4771 29
0 4772 30
0 4773 29
0 4774 26
0 4775 25
0 4776 27
0 4777 28
0 4778 27
0 4779 24
0 4780 24
0 4781 27
0 4782 24
0 4783 27
0 4784 30
0 4785 28
0 4786 25
0 4787 25
0 4788 26
0 4789 29
0 4790 27
0 4791 29
0 4792 28
0 4793 27
0 4794 27
0 4795 24
0 4796 27
0 4797 26
0 4798 28
0 4799 24
0 4800 25
0 4801 27
0 4802 24
0 4803 28
0 4804 30
0 4805 27
0 4806 24
0 4807 25
0 4808 26
0 4809 29
0 4810 26
0 4811 28
0 4812 28
0 4813 26
0 4814 27
0 4815 24
0 4816 27
0 4817 26
0 4818 28
0 4819 24
0 4820 24
0 4821 26
0 4822 24
0 4823 27
0 4824 30
0 4825 28
0 4826 25
0 4827 25
0 4828 26
0 4829 29
0 4830 26
0 4831 29
0 4832 30
0 4833 29
0 4834 27
0 4835 24
0 4836 26
0 4837 26
0 4838 27
0 4839 24
0 4840 25
0 4841 27
0 4842 25
0 4843 27
0 4844 29
0 4845 28
0 4846 25
0 4847 23
0 4848 25
0 4849 29
0 4850 27
0 4851 29
0 4852 30
0 4853 29
0 4854 26
0 4855 25
0 4856 26
0 4857 28
0 4858 27
0 4859 23
0 4860 24
0 4861 27
0 4862 25
0 4863 27
0 4864 28
0 4865 28
0 4866 25
0 4867 25
0 4868 26
0 4869 29
0 4870 26
0 4871 29
0 4872 29
0 4873 29
0 4874 27
0 4875 24
0 4876 27
0 4877 26
0 4878 28
0 4879 24
0 4880 25
0 4881 27
0 4882 24
0 4883 27
0 4884 31
0 4885 28
0 4886 25
0 4887 25
0 4888 26
0 4889 29
0 4890 26
0 4891 29
0 4892 28
0 4893 26
0 4894 27
0 4895 24
0 4896 27
0 4897 26
0 4898 28
0 4899 24
0 4900 24
0 4901 26
0 4902 24
0 4903 27
0 4904 31
0 4905 28
0 4906 25
0 4907 25
0 4908 26
0 4909 28
0 4910 26
0 4911 28
0 4912 28
0 4913 26
0 4914 27
0 4915 24
0 4916 26
0 4917 26
0 4918 28
0 4919 24
0 4920 25
0 4921 27
0 4922 24
0 4923 27
0 4924 31
0 4925 28
0 4926 25
0 4927 25
0 4928 26
0 4929 29
0 4930 27
0 4931 28
0 4932 28
0 4933 26
0 4934 27
0 4935 25
0 4936 27
0 4937 27
0 4938 27
0 4939 24
0 4940 24
0 4941 27
0 4942 24
0 4943 27
0 4944 28
0 4945 28
0 4946 25
0 4947 23
0 4948 26
0 4949 29
0 4950 27
0 4951 28
0 4952 30
0 4953 29
0 4954 26
0 4955 25
0 4956 27
0 4957 28
0 4958 27
0 4959 24
0 4960 24
0 4961 27
0 4962 24
0 4963 27
0 4964 29
0 4965 28
0 4966 25
0 4967 23
0 4968 26
0 4969 29
0 4970 26
0 4971 29
0 4972 30
0 4973 29
0 4974 27
0 4975 25
0 4976 27
0 4977 27
0 4978 28
0 4979 24
0 4980 25
0 4981 27
0 4982 24
0 4983 27
0 4984 30
0 4985 27
0 4986 25
0 4987 25
0 4988 26
0 4989 29
0 4990 26
0 4991 29
0 4992 28
0 4993 26
0 4994 28
0 4995 24
0 4996 25
0 4997 28
0 4998 28
0 4999 24
0 5000 25
0 5001 27
0 5002 24
0 5003 27
0 5004 30
0 5005 27
0 5006 24
0 5007 25
0 5008 26
0 5009 29
0 5010 27
0 5011 28
0 5012 28
0 5013 26
0 5014 27
0 5015 24
0 5016 25
0 5017 26
0 5018 28
0 5019 24
0 5020 25
0 5021 27
0 5022 24
0 5023 27
0 5024 28
0 5025 28
0 5026 25
0 5027 25
0 5028 26
0 5029 29
0 5030 27
0 5031 29
0 5032 30
0 5033 29
0 5034 27
0 5035 25
0 5036 27
0 5037 27
0 5038 27
0 5039 24
0 5040 23
0 5041 27
0 5042 25
0 5043 27
0 5044 28
0 5045 28
0 5046 25
0 5047 24
0 5048 25
0 5049 29
0 5050 27
0 5051 28
0 5052 30
0 5053 29
0 5054 26
0 5055 25
0 5056 26
0 5057 28
0 5058 27
0 5059 24
0 5060 25
0 5061 27
0 5062 24
0 5063 27
0 5064 28
0 5065 28
0 5066 25
0 5067 25
0 5068 26
0 5069 29
0 5070 27
0 5071 29
0 5072 30
0 5073 28
0 5074 27
0 5075 24
0 5076 27
0 5077 26
0 5078 27
0 5079 24
0 5080 24
0 5081 27
0 5082 24
0 5083 27
0 5084 31
0 5085 28
0 5086 25
0 5087 25
0 5088 26
0 5089 29
0 5090 27
0 5091 28
0 5092 28
0 5093 26
0 5094 27
0 5095 24
0 5096 27
0 5097 26
0 5098 28
0 5099 24
0 5100 25
0 5101 27
0 5102 24
0 5103 27
0 5104 31
0 5105 27
0 5106 24
0 5107 25
0 5108 26
0 5109 29
0 5110 26
0 5111 29
0 5112 28
0 5113 28
0 5114 27
0 5115 24
0 5116 27
0 5117 26
0 5118 27
0 5119 24
0 5120 24
0 5121 27
0 5122 24
0 5123 27
0 5124 30
0 5125 27
0 5126 24
0 5127 25
0 5128 26
0 5129 29
0 5130 26
0 5131 29
0 5132 30
0 5133 29
0 5134 26
0 5135 25
0 5136 27
0 5137 28
0 5138 27
0 5139 24
0 5140 24
0 5141 27
0 5142 25
0 5143 27
0 5144 28
0 5145 28
0 5146 26
0 5147 24
0 5148 25
0 5149 29
0 5150 27
0 5151 28
0 5152 30
0 5153 29
0 5154 26
0 5155 25
0 5156 27
0 5157 27
0 5158 27
0 5159 24
0 5160 25
0 5161 27
0 5162 25
0 5163 27
0 5164 29
0 5165 28
0 5166 25
0 5167 23
0 5168 26
0 5169 29
0 5170 26
0 5171 29
0 5172 28
0 5173 26
0 5174 27
0 5175 24
0 5176 27
0 5177 26
0 5178 28
0 5179 24
0 5180 25
0 5181 27
0 5182 24
0 5183 27
0 5184 31
0 5185 27
0 5186 24
0 5187 25
0 5188 26
0 5189 28
0 5190 26
0 5191 28
0 5192 28
0 5193 26
0 5194 27
0 5195 24
0 5196 25
0 5197 26
0 5198 28
0 5199 24
0 5200 25
0 5201 27
0 5202 24
0 5203 27
0 5204 30
0 5205 27
0 5206 24
0 5207 25
0 5208 26
0 5209 29
0 5210 26
0 5211 28
0 5212 28
0 5213 27
0 5214 27
0 5215 24
0 5216 27
0 5217 26
0 5218 28
0 5219 24
0 5220 25
0 5221 27
0 5222 24
0 5223 27
0 5224 29
0 5225 28
0 5226 25
0 5227 25
0 5228 26
0 5229 29
0 5230 26
0 5231 29
0 5232 30
0 5233 29
0 5234 26
0 5235 25
0 5236 27
0 5237 28
0 5238 27
0 5239 25
0 5240 25
0 5241 27
0 5242 25
0 5243 27
0 5244 28
0 5245 28
0 5246 26
0 5247 23
0 5248 25
0 5249 29
0 5250 27
0 5251 29
0 5252 28
0 5253 27
0 5254 27
0 5255 25
0 5256 27
0 5257 27
0 5258 27
0 5259 24
0 5260 24
0 5261 27
0 5262 24
0 5263 27
0 5264 30
0 5265 28
0 5266 25
0 5267 25
0 5268 26
0 5269 29
0 5270 26
0 5271 29
0 5272 30
0 5273 29
0 5274 27
0 5275 24
0 5276 27
0 5277 26
0 5278 28
0 5279 24
0 5280 25
0 5281 27
0 5282 24
0 5283 27
0 5284 30
0 5285 28
0 5286 25
0 5287 25
0 5288 26
0 5289 29
0 5290 25
0 5291 28
0 5292 28
0 5293 26
0 5294 27
0 5295 24
0 5296 27
0 5297 26
0 5298 28
0 5299 25
0 5300 25
0 5301 26
0 5302 24
0 5303 27
0 5304 31
0 5305 28
0 5306 24
0 5307 25
0 5308 26
0 5309 29
0 5310 26
0 5311 28
0 5312 28
0 5313 26
0 5314 28
0 5315 24
0 5316 25
0 5317 26
0 5318 28
0 5319 24
0 5320 24
0 5321 27
0 5322 24
0 5323 27
0 5324 30
0 5325 28
0 5326 25
0 5327 25
0 5328 26
0 5329 29
0 5330 27
0 5331 29
0 5332 29
0 5333 29
0 5334 26
0 5335 25
0 5336 26
0 5337 28
0 5338 27
0 5339 24
0 5340 24
0 5341 27
0 5342 25
0 5343 27
0 5344 28
0 5345 28
0 5346 26
0 5347 23
0 5348 26
0 5349 29
0 5350 27
0 5351 28
0 5352 30
0 5353 29
0 5354 26
0 5355 25
0 5356 27
0 5357 28
0 5358 27
0 5359 24
0 5360 24
0 5361 27
0 5362 24
0 5363 27
0 5364 30
0 5365 28
0 5366 25
0 5367 25
0 5368 26
0 5369 29
0 5370 26
0 5371 29
0 5372 28
0 5373 28
0 5374 26
0 5375 25
0 5376 27
0 5377 26
0 5378 28
0 5379 24
0 5380 24
0 5381 26
0 5382 24
0 5383 27
0 5384 30
0 5385 27
0 5386 24
0 5387 25
0 5388 26
0 5389 28
0 5390 26
0 5391 28
0 5392 28
0 5393 26
0 5394 28
0 5395 24
0 5396 26
0 5397 26
0 5398 28
0 5399 24
0 5400 24
0 5401 27
0 5402 24
0 5403 27
0 5404 30
0 5405 28
0 5406 25
0 5407 25
0 5408 26
0 5409 29
0 5410 26
0 5411 28
0 5412 28
0 5413 26
0 5414 27
0 5415 24
0 5416 27
0 5417 27
0 5418 28
0 5419 24
0 5420 24
0 5421 27
0 5422 24
0 5423 27
0 5424 30
0 5425 28
0 5426 25
0 5427 25
0 5428 26
0 5429 29
0 5430 26
0 5431 29
0 5432 30
0 5433 29
0 5434 26
0 5435 25
0 5436 27
0 5437 27
0 5438 27
0 5439 24
0 5440 24
0 5441 27
0 5442 24
0 5443 27
0 5444 30
0 5445 28
0 5446 25
0 5447 23
0 5448 26
0 5449 29
0 5450 27
0 5451 29
0 5452 30
0 5453 29
0 5454 27
0 5455 25
0 5456 27
0 5457 27
0 5458 27
0 5459 24
0 5460 24
0 5461 27
0 5462 24
0 5463 27
0 5464 30
0 5465 28
0 5466 25
0 5467 25
0 5468 26
0 5469 29
0 5470 26
0 5471 29
0 5472 28
0 5473 26
0 5474 27
0 5475 24
0 5476 25
0 5477 28
0 5478 28
0 5479 24
0 5480 25
0 5481 27
0 5482 24
0 5483 27
0 5484 30
0 5485 28
0 5486 24
0 5487 25
0 5488 26
0 5489 29
0 5490 27
0 5491 28
0 5492 28
0 5493 26
0 5494 27
0 5495 24
0 5496 27
0 5497 26
0 5498 28
0 5499 24
0 5500 25
0 5501 27
0 5502 24
0 5503 27
0 5504 31
0 5505 27
0 5506 24
0 5507 25
0 5508 26
0 5509 28
0 5510 26
0 5511 28
0 5512 28
0 5513 26
0 5514 27
0 5515 24
0 5516 26
0 5517 26
0 5518 28
0 5519 24
0 5520 24
0 5521 27
0 5522 24
0 5523 27
0 5524 30
0 5525 28
0 5526 25
0 5527 25
0 5528 26
0 5529 29
0 5530 27
0 5531 28
0 5532 30
0 5533 29
0 5534 26
0 5535 25
0 5536 26
0 5537 27
0 5538 27
0 5539 24
0 5540 24
0 5541 27
0 5542 24
0 5543 27
0 5544 28
0 5545 28
0 5546 26
0 5547 23
0 5548 25
0 5549 29
0 5550 27
0 5551 28
0 5552 30
0 5553 28
0 5554 26
0 5555 25
0 5556 27
0 5557 27
0 5558 27
0 5559 24
0 5560 25
0 5561 27
0 5562 24
0 5563 27
0 5564 30
0 5565 28
0 5566 25
0 5567 25
0 5568 26
0 5569 29
0 5570 27
0 5571 28
0 5572 28
0 5573 26
0 5574 27
0 5575 24
0 5576 27
0 5577 26
0 5578 28
0 5579 24
0 5580 25
0 5581 27
0 5582 24
0 5583 27
0 5584 30
0 5585 27
0 5586 24
0 5587 25
0 5588 26
0 5589 28
0 5590 26
0 5591 28
0 5592 28
0 5593 27
0 5594 27
0 5595 24
0 5596 27
0 5597 26
0 5598 28
0 5599 24
0 5600 25
0 5601 27
0 5602 24
0 5603 28
0 5604 30
0 5605 27
0 5606 24
0 5607 25
0 5608 26
0 5609 29
0 5610 26
0 5611 29
0 5612 28
0 5613 27
0 5614 27
0 5615 24
0 5616 27
0 5617 26
0 5618 27
0 5619 24
0 5620 24
0 5621 27
0 5622 24
0 5623 27
0 5624 28
0 5625 28
0 5626 25
0 5627 23
0 5628 26
0 5629 29
0 5630 27
0 5631 29
0 5632 30
0 5633 29
0 5634 27
0 5635 24
0 5636 27
0 5637 27
0 5638 27
0 5639 24
0 5640 24
0 5641 27
0 5642 25
0 5643 27
0 5644 30
0 5645 28
0 5646 25
0 5647 23
0 5648 26
0 5649 29
0 5650 26
0 5651 29
0 5652 28
0 5653 29
0 5654 27
0 5655 25
0 5656 27
0 5657 27
0 5658 27
0 5659 24
0 5660 24
0 5661 27
0 5662 24
0 5663 27
0 5664 30
0 5665 28
0 5666 25
0 5667 25
0 5668 26
0 5669 28
0 5670 26
0 5671 28
0 5672 28
0 5673 26
0 5674 27
0 5675 24
0 5676 25
0 5677 26
0 5678 28
0 5679 24
0 5680 25
0 5681 27
0 5682 24
0 5683 27
0 5684 30
0 5685 28
0 5686 24
0 5687 25
0 5688 26
0 5689 28
0 5690 26
0 5691 28
0 5692 28
0 5693 26
0 5694 27
0 5695 24
0 5696 27
0 5697 26
0 5698 28
0 5699 24
0 5700 24
0 5701 26
0 5702 24
0 5703 27
0 5704 31
0 5705 28
0 5706 25
0 5707 25
0 5708 26
0 5709 29
0 5710 26
0 5711 29
0 5712 28
0 5713 27
0 5714 27
0 5715 24
0 5716 27
0 5717 27
0 5718 27
0 5719 24
0 5720 24
0 5721 27
0 5722 24
0 5723 27
0 5724 28
0 5725 28
0 5726 25
0 5727 23
0 5728 25
0 5729 29
0 5730 26
0 5731 29
0 5732 30
0 5733 29
0 5734 26
0 5735 25
0 5736 27
0 5737 28
0 5738 27
0 5739 25
0 5740 24
0 5741 27
0 5742 25
0 5743 27
0 5744 28
0 5745 28
0 5746 25
0 5747 23
0 5748 26
0 5749 29
0 5750 27
0 5751 29
0 5752 30
0 5753 29
0 5754 26
0 5755 25
0 5756 27
0 5757 27
0 5758 27
0 5759 24
0 5760 24
0 5761 27
0 5762 24
0 5763 28
0 5764 30
0 5765 27
0 5766 24
0 5767 25
0 5768 26
0 5769 29
0 5770 25
0 5771 28
0 5772 28
0 5773 26
0 5774 27
0 5775 24
0 5776 26
0 5777 26
0 5778 28
0 5779 24
0 5780 24
0 5781 26
0 5782 24
0 5783 27
0 5784 31
0 5785 27
0 5786 25
0 5787 25
0 5788 26
0 5789 29
0 5790 26
0 5791 29
0 5792 28
0 5793 26
0 5794 28
0 5795 24
0 5796 25
0 5797 27
0 5798 28
0 5799 24
0 5800 25
0 5801 27
0 5802 24
0 5803 27
0 5804 31
0 5805 28
0 5806 25
0 5807 25
0 5808 26
0 5809 29
0 5810 26
0 5811 29
0 5812 28
0 5813 28
0 5814 27
0 5815 25
0 5816 27
0 5817 27
0 5818 27
0 5819 24
0 5820 24
0 5821 27
0 5822 25
0 5823 27
0 5824 28
0 5825 28
0 5826 25
0 5827 25
0 5828 26
0 5829 29
0 5830 27
0 5831 28
0 5832 30
0 5833 29
0 5834 26
0 5835 25
0 5836 26
0 5837 28
0 5838 27
0 5839 24
0 5840 24
0 5841 27
0 5842 24
0 5843 27
0 5844 30
0 5845 28
0 5846 25
0 5847 23
0 5848 26
0 5849 29
0 5850 27
0 5851 29
0 5852 30
0 5853 29
0 5854 26
0 5855 25
0 5856 27
0 5857 26
0 5858 28
0 5859 24
0 5860 25
0 5861 27
0 5862 24
0 5863 27
0 5864 30
0 5865 28
0 5866 25
0 5867 25
0 5868 26
0 5869 28
0 5870 26
0 5871 29
0 5872 28
0 5873 26
0 5874 28
0 5875 24
0 5876 25
0 5877 27
0 5878 28
0 5879 24
0 5880 25
0 5881 27
0 5882 24
0 5883 27
0 5884 30
0 5885 27
0 5886 25
0 5887 25
0 5888 26
0 5889 28
0 5890 26
0 5891 28
0 5892 28
0 5893 26
0 5894 27
0 5895 24
0 5896 26
0 5897 26
0 5898 28
0 5899 24
0 5900 25
0 5901 27
0 5902 24
0 5903 27
0 5904 31
0 5905 28
0 5906 25
0 5907 25
0 5908 26
0 5909 29
0 5910 26
0 5911 29
0 5912 28
0 5913 28
0 5914 26
0 5915 25
0 5916 27
0 5917 27
0 5918 27
0 5919 25
0 5920 24
0 5921 27
0 5922 24
0 5923 27
0 5924 30
0 5925 28
0 5926 25
0 5927 23
0 5928 26
0 5929 29
0 5930 27
0 5931 29
0 5932 30
0 5933 29
0 5934 26
0 5935 25
0 5936 27
0 5937 27
0 5938 27
0 5939 24
0 5940 23
0 5941 27
0 5942 25
0 5943 27
0 5944 28
0 5945 28
0 5946 25
0 5947 23
0 5948 26
0 5949 29
0 5950 27
0 5951 29
0 5952 30
0 5953 29
0 5954 27
0 5955 24
0 5956 25
0 5957 26
0 5958 28
0 5959 24
0 5960 25
0 5961 27
0 5962 24
0 5963 27
0 5964 30
0 5965 27
0 5966 24
0 5967 25
0 5968 26
0 5969 29
0 5970 26
0 5971 28
0 5972 28
0 5973 26
0 5974 27
0 5975 24
0 5976 27
0 5977 26
0 5978 28
0 5979 24
0 5980 25
0 5981 27
0 5982 24
0 5983 27
0 5984 31
0 5985 27
0 5986 24
0 5987 25
0 5988 26
0 5989 28
0 5990 26
0 5991 28
0 5992 28
0 5993 26
0 5994 27
0 5995 24
0 5996 25
0 5997 26
0 5998 28
0 5999 24
0 6000 24
0 6001 27
0 6002 24
0 6003 27
0 6004 30
0 6005 28
0 6006 25
0 6007 25
0 6008 26
0 6009 29
0 6010 26
0 6011 29
0 6012 28
0 6013 29
0 6014 27
0 6015 24
0 6016 27
0 6017 26
0 6018 28
0 6019 24
0 6020 25
0 6021 27
0 6022 24
0 6023 27
0 6024 28
0 6025 28
0 6026 25
0 6027 23
0 6028 26
0 6029 29
0 6030 27
0 6031 28
0 6032 30
0 6033 29
0 6034 26
0 6035 25
0 6036 27
0 6037 27
0 6038 27
0 6039 24
0 6040 25
0 6041 27
0 6042 24
0 6043 27
0 6044 29
0 6045 28
0 6046 25
0 6047 23
0 6048 26
0 6049 29
0 6050 26
0 6051 28
0 6052 28
0 6053 26
0 6054 27
0 6055 24
0 6056 27
0 6057 26
0 6058 28
0 6059 24
0 6060 24
0 6061 27
0 6062 24
0 6063 27
0 6064 30
0 6065 27
0 6066 25
0 6067 25
0 6068 26
0 6069 28
0 6070 26
0 6071 28
0 6072 28
0 6073 26
0 6074 27
0 6075 24
0 6076 25
0 6077 27
0 6078 28
0 6079 24
0 6080 25
0 6081 27
0 6082 25
0 6083 28
0 6084 30
0 6085 27
0 6086 24
0 6087 25
0 6088 26
0 6089 29
0 6090 27
0 6091 28
0 6092 28
0 6093 26
0 6094 27
0 6095 24
0 6096 27
0 6097 26
0 6098 28
0 6099 24
0 6100 25
0 6101 27
0 6102 24
0 6103 27
0 6104 30
0 6105 28
0 6106 25
0 6107 25
0 6108 26
0 6109 29
0 6110 27
0 6111 29
0 6112 30
0 6113 29
0 6114 27
0 6115 24
0 6116 27
0 6117 27
0 6118 27
0 6119 24
0 6120 24
0 6121 27
0 6122 24
0 6123 27
0 6124 28
0 6125 28
0 6126 26
0 6127 24
0 6128 25
0 6129 29
0 6130 27
0 6131 29
0 6132 29
0 6133 29
0 6134 27
0 6135 25
0 6136 27
0 6137 27
0 6138 27
0 6139 24
0 6140 25
0 6141 27
0 6142 24
0 6143 27
0 6144 28
0 6145 28
0 6146 25
0 6147 25
0 6148 26
0 6149 28
0 6150 26
0 6151 28
0 6152 28
0 6153 26
0 6154 27
0 6155 24
0 6156 25
0 6157 26
0 6158 28
0 6159 24
0 6160 25
0 6161 27
0 6162 24
0 6163 27
0 6164 30
0 6165 28
0 6166 24
0 6167 25
0 6168 26
0 6169 28
0 6170 26
0 6171 28
0 6172 28
0 6173 26
0 6174 27
0 6175 24
0 6176 27
0 6177 27
0 6178 28
0 6179 24
0 6180 25
0 6181 26
0 6182 24
0 6183 27
0 6184 30
0 6185 27
0 6186 24
0 6187 25
0 6188 26
0 6189 28
0 6190 25
0 6191 28
0 6192 28
0 6193 26
0 6194 27
0 6195 24
0 6196 25
0 6197 26
0 6198 28
0 6199 24
0 6200 24
0 6201 27
0 6202 24
0 6203 27
0 6204 31
0 6205 28
0 6206 25
0 6207 25
0 6208 26
0 6209 29
0 6210 27
0 6211 28
0 6212 28
0 6213 26
0 6214 27
0 6215 24
0 6216 27
0 6217 27
0 6218 27
0 6219 24
0 6220 24
0 6221 27
0 6222 25
0 6223 27
0 6224 28
0 6225 28
0 6226 25
0 6227 24
0 6228 26
0 6229 29
0 6230 27
0 6231 28
0 6232 30
0 6233 29
0 6234 26
0 6235 25
0 6236 27
0 6237 27
0 6238 27
0 6239 25
0 6240 24
0 6241 27
0 6242 24
0 6243 27
0 6244 30
0 6245 28
0 6246 25
0 6247 25
0 6248 26
0 6249 29
0 6250 26
0 6251 28
0 6252 28
0 6253 26
0 6254 27
0 6255 24
0 6256 27
0 6257 26
0 6258 28
0 6259 24
0 6260 24
0 6261 27
0 6262 24
0 6263 27
0 6264 31
0 6265 27
0 6266 24
0 6267 25
0 6268 26
0 6269 28
0 6270 26
0 6271 28
0 6272 28
0 6273 26
0 6274 28
0 6275 24
0 6276 25
0 6277 27
0 6278 28
0 6279 24
0 6280 25
0 6281 26
0 6282 24
0 6283 27
0 6284 30
0 6285 27
0 6286 24
0 6287 25
0 6288 26
0 6289 28
0 6290 26
0 6291 28
0 6292 28
0 6293 26
0 6294 27
0 6295 24
0 6296 27
0 6297 26
0 6298 28
0 6299 24
0 6300 25
0 6301 27
0 6302 24
0 6303 27
0 6304 30
0 6305 27
0 6306 25
0 6307 25
0 6308 26
0 6309 29
0 6310 26
0 6311 29
0 6312 30
0 6313 29
0 6314 26
0 6315 25
0 6316 27
0 6317 27
0 6318 27
0 6319 24
0 6320 23
0 6321 27
0 6322 24
0 6323 27
0 6324 30
0 6325 28
0 6326 25
0 6327 23
0 6328 25
0 6329 29
0 6330 27
0 6331 29
0 6332 30
0 6333 29
0 6334 27
0 6335 25
0 6336 27
0 6337 26
0 6338 28
0 6339 24
0 6340 25
0 6341 27
0 6342 24
0 6343 27
0 6344 30
0 6345 28
0 6346 25
0 6347 25
0 6348 26
0 6349 29
0 6350 26
0 6351 29
0 6352 28
0 6353 26
0 6354 28
0 6355 24
0 6356 25
0 6357 27
0 6358 28
0 6359 24
0 6360 25
0 6361 27
0 6362 24
0 6363 27
0 6364 30
0 6365 27
0 6366 24
0 6367 25
0 6368 26
0 6369 28
0 6370 26
0 6371 28
0 6372 28
0 6373 26
0 6374 27
0 6375 24
0 6376 27
0 6377 27
0 6378 28
0 6379 25
0 6380 25
0 6381 26
0 6382 24
0 6383 27
0 6384 30
0 6385 27
0 6386 24
0 6387 25
0 6388 26
0 6389 28
0 6390 26
0 6391 28
0 6392 28
0 6393 26
0 6394 27
0 6395 24
0 6396 25
0 6397 26
0 6398 28
0 6399 24
0 6400 25
0 6401 27
0 6402 24
0 6403 28
0 6404 30
0 6405 28
0 6406 24
0 6407 25
0 6408 26
0 6409 29
0 6410 26
0 6411 29
0 6412 28
0 6413 28
0 6414 27
0 6415 24
0 6416 27
0 6417 27
0 6418 27
0 6419 24
0 6420 24
0 6421 27
0 6422 24
0 6423 27
0 6424 28
0 6425 28
0 6426 25
0 6427 23
0 6428 26
0 6429 29
0 6430 27
0 6431 29
0 6432 30
0 6433 29
0 6434 27
0 6435 24
0 6436 27
0 6437 26
0 6438 28
0 6439 24
0 6440 25
0 6441 27
0 6442 24
0 6443 27
0 6444 31
0 6445 27
0 6446 25
0 6447 25
0 6448 26
0 6449 28
0 6450 26
0 6451 28
0 6452 28
0 6453 26
0 6454 27
0 6455 24
0 6456 26
0 6457 26
0 6458 28
0 6459 24
0 6460 24
0 6461 27
0 6462 24
0 6463 27
0 6464 30
0 6465 27
0 6466 25
0 6467 25
0 6468 26
0 6469 28
0 6470 26
0 6471 28
0 6472 28
0 6473 26
0 6474 27
0 6475 24
0 6476 25
0 6477 26
0 6478 28
0 6479 24
0 6480 25
0 6481 27
0 6482 24
0 6483 27
0 6484 30
0 6485 27
0 6486 24
0 6487 25
0 6488 26
0 6489 29
0 6490 26
0 6491 28
0 6492 28
0 6493 26
0 6494 27
0 6495 24
0 6496 27
0 6497 26
0 6498 28
0 6499 24
0 6500 24
0 6501 27
0 6502 24
0 6503 27
0 6504 30
0 6505 28
0 6506 25
0 6507 25
0 6508 26
0 6509 29
0 6510 27
0 6511 28
0 6512 30
0 6513 29
0 6514 27
0 6515 25
0 6516 27
0 6517 26
0 6518 27
0 6519 24
0 6520 24
0 6521 27
0 6522 24
0 6523 27
0 6524 28
0 6525 28
0 6526 25
0 6527 23
0 6528 26
0 6529 29
0 6530 27
0 6531 28
0 6532 28
0 6533 26
0 6534 27
0 6535 24
0 6536 27
0 6537 26
0 6538 27
0 6539 24
0 6540 24
0 6541 27
0 6542 24
0 6543 27
0 6544 31
0 6545 27
0 6546 25
0 6547 25
0 6548 26
0 6549 28
0 6550 25
0 6551 28
0 6552 28
0 6553 26
0 6554 27
0 6555 24
0 6556 25
0 6557 27
0 6558 28
0 6559 24
0 6560 25
0 6561 27
0 6562 25
0 6563 28
0 6564 30
0 6565 27
0 6566 24
0 6567 25
0 6568 26
0 6569 28
0 6570 26
0 6571 28
0 6572 28
0 6573 26
0 6574 27
0 6575 24
0 6576 26
0 6577 27
0 6578 28
0 6579 24
0 6580 25
0 6581 26
0 6582 24
0 6583 27
0 6584 30
0 6585 28
0 6586 24
0 6587 25
0 6588 26
0 6589 29
0 6590 26
0 6591 28
0 6592 28
0 6593 26
0 6594 28
0 6595 24
0 6596 25
0 6597 26
0 6598 28
0 6599 24
0 6600 24
0 6601 27
0 6602 24
0 6603 27
0 6604 30
0 6605 28
0 6606 25
0 6607 25
0 6608 26
0 6609 29
0 6610 26
0 6611 29
0 6612 28
0 6613 29
0 6614 27
0 6615 25
0 6616 27
0 6617 27
0 6618 27
0 6619 24
0 6620 23
0 6621 27
0 6622 24
0 6623 27
0 6624 28
0 6625 28
0 6626 25
0 6627 25
0 6628 26
0 6629 29
0 6630 26
0 6631 29
0 6632 30
0 6633 29
0 6634 27
0 6635 24
0 6636 26
0 6637 26
0 6638 28
0 6639 24
0 6640 25
0 6641 27
0 6642 24
0 6643 27
0 6644 30
0 6645 27
0 6646 24
0 6647 25
0 6648 26
0 6649 28
0 6650 27
0 6651 28
0 6652 28
0 6653 26
0 6654 28
0 6655 24
0 6656 25
0 6657 27
0 6658 28
0 6659 24
0 6660 25
0 6661 26
0 6662 25
0 6663 27
0 6664 30
0 6665 27
0 6666 24
0 6667 25
0 6668 26
0 6669 28
0 6670 26
0 6671 28
0 6672 28
0 6673 26
0 6674 27
0 6675 24
0 6676 25
0 6677 27
0 6678 28
0 6679 24
0 6680 25
0 6681 27
0 6682 24
0 6683 27
0 6684 30
0 6685 27
0 6686 24
0 6687 25
0 6688 26
0 6689 29
0 6690 26
0 6691 28
0 6692 28
0 6693 26
0 6694 27
0 6695 24
0 6696 27
0 6697 26
0 6698 27
0 6699 24
0 6700 24
0 6701 27
0 6702 24
0 6703 27
0 6704 28
0 6705 28
0 6706 25
0 6707 25
0 6708 26
0 6709 29
0 6710 27
0 6711 29
0 6712 30
0 6713 29
0 6714 27
0 6715 25
0 6716 27
0 6717 27
0 6718 27
0 6719 24
0 6720 25
0 6721 27
0 6722 24
0 6723 27
0 6724 29
0 6725 28
0 6726 25
0 6727 24
0 6728 26
0 6729 29
0 6730 26
0 6731 29
0 6732 28
0 6733 28
0 6734 27
0 6735 24
0 6736 27
0 6737 26
0 6738 28
0 6739 25
0 6740 25
0 6741 27
0 6742 24
0 6743 27
0 6744 31
0 6745 28
0 6746 24
0 6747 25
0 6748 26
0 6749 29
0 6750 27
0 6751 28
0 6752 28
0 6753 26
0 6754 28
0 6755 24
0 6756 25
0 6757 28
0 6758 28
0 6759 24
0 6760 25
0 6761 27
0 6762 24
0 6763 27
0 6764 30
0 6765 28
0 6766 24
0 6767 25
0 6768 26
0 6769 28
0 6770 26
0 6771 28
0 6772 28
0 6773 26
0 6774 27
0 6775 24
0 6776 27
0 6777 27
0 6778 28
0 6779 24
0 6780 24
0 6781 26
0 6782 24
0 6783 27
0 6784 30
0 6785 27
0 6786 25
0 6787 25
0 6788 26
0 6789 28
0 6790 25
0 6791 28
0 6792 28
0 6793 26
0 6794 27
0 6795 24
0 6796 27
0 6797 26
0 6798 28
0 6799 24
0 6800 24
0 6801 27
0 6802 24
0 6803 27
0 6804 30
0 6805 28
0 6806 25
0 6807 25
0 6808 26
0 6809 29
0 6810 27
0 6811 29
0 6812 30
0 6813 29
0 6814 26
0 6815 25
0 6816 27
0 6817 27
0 6818 27
0 6819 24
0 6820 25
0 6821 27
0 6822 24
0 6823 27
0 6824 28
0 6825 28
0 6826 25
0 6827 25
0 6828 26
0 6829 29
0 6830 27
0 6831 29
0 6832 28
0 6833 27
0 6834 27
0 6835 24
0 6836 27
0 6837 26
0 6838 28
0 6839 24
0 6840 24
0 6841 27
0 6842 24
0 6843 27
0 6844 31
0 6845 28
0 6846 25
0 6847 25
0 6848 26
0 6849 28
0 6850 26
0 6851 28
0 6852 28
0 6853 26
0 6854 27
0 6855 24
0 6856 26
0 6857 27
0 6858 28
0 6859 24
0 6860 24
0 6861 26
0 6862 24
0 6863 27
0 6864 30
0 6865 27
0 6866 24
0 6867 25
0 6868 26
0 6869 28
0 6870 26
0 6871 28
0 6872 28
0 6873 26
0 6874 27
0 6875 24
0 6876 25
0 6877 27
0 6878 28
0 6879 24
0 6880 25
0 6881 27
0 6882 24
0 6883 27
0 6884 30
0 6885 28
0 6886 24
0 6887 25
0 6888 26
0 6889 29
0 6890 26
0 6891 29
0 6892 28
0 6893 27
0 6894 27
0 6895 24
0 6896 27
0 6897 26
0 6898 28
0 6899 24
0 6900 24
0 6901 27
0 6902 24
0 6903 27
0 6904 29
0 6905 28
0 6906 25
0 6907 23
0 6908 26
0 6909 29
0 6910 27
0 6911 28
0 6912 30
0 6913 29
0 6914 27
0 6915 24
0 6916 25
0 6917 26
0 6918 28
0 6919 24
0 6920 24
0 6921 27
0 6922 24
0 6923 27
0 6924 30
0 6925 28
0 6926 25
0 6927 25
0 6928 26
0 6929 29
0 6930 27
0 6931 28
0 6932 28
0 6933 26
0 6934 27
0 6935 24
0 6936 27
0 6937 26
0 6938 28
0 6939 24
0 6940 25
0 6941 27
0 6942 24
0 6943 27
0 6944 31
0 6945 28
0 6946 24
0 6947 25
0 6948 25
0 6949 28
0 6950 25
0 6951 28
0 6952 28
0 6953 26
0 6954 27
0 6955 24
0 6956 25
0 6957 26
0 6958 28
0 6959 24
0 6960 24
0 6961 26
0 6962 25
0 6963 27
0 6964 30
0 6965 27
0 6966 24
0 6967 25
0 6968 26
0 6969 28
0 6970 26
0 6971 28
0 6972 28
0 6973 26
0 6974 27
0 6975 24
0 6976 27
0 6977 26
0 6978 28
0 6979 25
0 6980 25
0 6981 26
0 6982 24
0 6983 27
0 6984 31
0 6985 27
0 6986 25
0 6987 25
0 6988 26
0 6989 29
0 6990 26
0 6991 29
0 6992 28
0 6993 27
0 6994 27
0 6995 24
0 6996 25
0 6997 26
0 6998 28
0 6999 24
0 7000 25
0 7001 27
0 7002 24
0 7003 27
0 7004 30
0 7005 28
0 7006 25
0 7007 25
0 7008 26
0 7009 29
0 7010 26
0 7011 28
0 7012 28
0 7013 28
0 7014 27
0 7015 25
0 7016 27
0 7017 27
0 7018 27
0 7019 24
0 7020 24
0 7021 27
0 7022 24
0 7023 27
0 7024 30
0 7025 28
0 7026 25
0 7027 25
0 7028 26
0 7029 29
0 7030 26
0 7031 29
0 7032 28
0 7033 27
0 7034 27
0 7035 24
0 7036 25
0 7037 26
0 7038 28
0 7039 24
0 7040 25
0 7041 27
0 7042 24
0 7043 29
0 7044 30
0 7045 28
0 7046 24
0 7047 25
0 7048 26
0 7049 28
0 7050 26
0 7051 28
0 7052 28
0 7053 26
0 7054 27
0 7055 24
0 7056 25
0 7057 28
0 7058 28
0 7059 25
0 7060 25
0 7061 26
0 7062 24
0 7063 27
0 7064 30
0 7065 27
0 7066 24
0 7067 25
0 7068 26
0 7069 28
0 7070 26
0 7071 28
0 7072 28
0 7073 26
0 7074 28
0 7075 24
0 7076 25
0 7077 28
0 7078 28
0 7079 24
0 7080 25
0 7081 27
0 7082 24
0 7083 27
0 7084 30
0 7085 28
0 7086 25
0 7087 25
0 7088 26
0 7089 29
0 7090 26
0 7091 28
0 7092 28
0 7093 26
0 7094 27
0 7095 24
0 7096 27
0 7097 26
0 7098 27
0 7099 24
0 7100 24
0 7101 27
0 7102 24
0 7103 27
0 7104 28
0 7105 28
0 7106 25
0 7107 25
0 7108 26
0 7109 29
0 7110 26
0 7111 29
0 7112 30
0 7113 29
0 7114 26
0 7115 25
0 7116 27
0 7117 27
0 7118 27
0 7119 24
0 7120 24
0 7121 27
0 7122 24
0 7123 27
0 7124 30
0 7125 28
0 7126 25
0 7127 25
0 7128 26
0 7129 29
0 7130 26
0 7131 28
0 7132 28
0 7133 26
0 7134 27
0 7135 24
0 7136 27
0 7137 26
0 7138 28
0 7139 24
0 7140 24
0 7141 26
0 7142 24
0 7143 27
0 7144 30
0 7145 27
0 7146 25
0 7147 25
0 7148 26
0 7149 28
0 7150 25
0 7151 28
0 7152 28
0 7153 26
0 7154 28
0 7155 24
0 7156 25
0 7157 28
0 7158 28
0 7159 24
0 7160 25
0 7161 27
0 7162 24
0 7163 27
0 7164 30
0 7165 27
0 7166 24
0 7167 25
0 7168 26
0 7169 28
0 7170 26
0 7171 28
0 7172 27
0 7173 26
0 7174 27
0 7175 24
0 7176 25
0 7177 27
0 7178 28
0 7179 24
0 7180 24
0 7181 27
0 7182 24
0 7183 27
0 7184 31
0 7185 28
0 7186 25
0 7187 25
0 7188 26
0 7189 28
0 7190 26
0 7191 29
0 7192 28
0 7193 28
0 7194 27
0 7195 25
0 7196 27
0 7197 26
0 7198 27
0 7199 24
0 7200 24
0 7201 27
0 7202 24
0 7203 27
0 7204 30
0 7205 28
0 7206 25
0 7207 23
0 7208 25
0 7209 29
0 7210 27
0 7211 29
0 7212 30
0 7213 29
0 7214 27
0 7215 24
0 7216 27
0 7217 27
0 7218 28
0 7219 24
0 7220 25
0 7221 27
0 7222 24
0 7223 27
0 7224 30
0 7225 28
0 7226 25
0 7227 25
0 7228 26
0 7229 29
0 7230 26
0 7231 29
0 7232 28
0 7233 26
0 7234 28
0 7235 24
0 7236 25
0 7237 28
0 7238 28
0 7239 24
0 7240 25
0 7241 27
0 7242 24
0 7243 27
0 7244 30
0 7245 27
0 7246 24
0 7247 25
0 7248 26
0 7249 28
0 7250 26
0 7251 28
0 7252 28
0 7253 26
0 7254 27
0 7255 24
0 7256 25
0 7257 26
0 7258 28
0 7259 24
0 7260 25
0 7261 26
0 7262 24
0 7263 27
0 7264 31
0 7265 27
0 7266 24
0 7267 25
0 7268 26
0 7269 28
0 7270 26
0 7271 28
0 7272 28
0 7273 26
0 7274 27
0 7275 24
0 7276 27
0 7277 26
0 7278 28
0 7279 24
0 7280 24
0 7281 27
0 7282 24
0 7283 27
0 7284 31
0 7285 28
0 7286 25
0 7287 25
0 7288 26
0 7289 29
0 7290 26
0 7291 29
0 7292 30
0 7293 29
0 7294 26
0 7295 25
0 7296 27
0 7297 27
0 7298 28
0 7299 24
0 7300 24
0 7301 27
0 7302 24
0 7303 27
0 7304 28
0 7305 28
0 7306 25
0 7307 24
0 7308 26
0 7309 29
0 7310 27
0 7311 29
0 7312 30
0 7313 29
0 7314 27
0 7315 24
0 7316 27
0 7317 26
0 7318 28
0 7319 24
0 7320 24
0 7321 27
0 7322 24
0 7323 27
0 7324 30
0 7325 28
0 7326 25
0 7327 25
0 7328 26
0 7329 29
0 7330 27
0 7331 28
0 7332 28
0 7333 26
0 7334 27
0 7335 24
0 7336 27
0 7337 26
0 7338 28
0 7339 24
0 7340 25
0 7341 27
0 7342 24
0 7343 27
0 7344 31
0 7345 27
0 7346 24
0 7347 25
0 7348 26
0 7349 28
0 7350 26
0 7351 28
0 7352 28
0 7353 26
0 7354 27
0 7355 24
0 7356 25
0 7357 27
0 7358 28
0 7359 24
0 7360 25
0 7361 27
0 7362 25
0 7363 28
0 7364 30
0 7365 27
0 7366 24
0 7367 25
0 7368 26
0 7369 28
0 7370 26
0 7371 28
0 7372 28
0 7373 26
0 7374 28
0 7375 24
0 7376 27
0 7377 27
0 7378 28
0 7379 24
0 7380 25
0 7381 27
0 7382 24
0 7383 27
0 7384 29
0 7385 28
0 7386 25
0 7387 25
0 7388 26
0 7389 29
0 7390 26
0 7391 29
0 7392 30
0 7393 29
0 7394 27
0 7395 24
0 7396 26
0 7397 27
0 7398 28
0 7399 24
0 7400 24
0 7401 27
0 7402 25
0 7403 27
0 7404 28
0 7405 28
0 7406 25
0 7407 23
0 7408 25
0 7409 29
0 7410 26
0 7411 29
0 7412 28
0 7413 27
0 7414 27
0 7415 25
0 7416 27
0 7417 27
0 7418 27
0 7419 24
0 7420 24
0 7421 27
0 7422 24
0 7423 27
0 7424 30
0 7425 28
0 7426 25
0 7427 25
0 7428 26
0 7429 28
0 7430 26
0 7431 28
0 7432 28
0 7433 26
0 7434 27
0 7435 24
0 7436 25
0 7437 26
0 7438 28
0 7439 24
0 7440 25
0 7441 27
0 7442 24
0 7443 27
0 7444 30
0 7445 27
0 7446 24
0 7447 25
0 7448 26
0 7449 28
0 7450 26
0 7451 28
0 7452 28
0 7453 26
0 7454 27
0 7455 24
0 7456 27
0 7457 26
0 7458 28
0 7459 25
0 7460 25
0 7461 26
0 7462 25
0 7463 27
0 7464 30
0 7465 27
0 7466 24
0 7467 25
0 7468 26
0 7469 29
0 7470 26
0 7471 28
0 7472 28
0 7473 26
0 7474 27
0 7475 24
0 7476 25
0 7477 26
0 7478 28
0 7479 24
0 7480 24
0 7481 27
0 7482 24
0 7483 27
0 7484 30
0 7485 28
0 7486 25
0 7487 24
0 7488 26
0 7489 29
0 7490 26
0 7491 28
0 7492 28
0 7493 28
0 7494 27
0 7495 25
0 7496 27
0 7497 27
0 7498 27
0 7499 24
0 7500 24
0 7501 27
0 7502 24
0 7503 27
0 7504 29
0 7505 28
0 7506 25
0 7507 25
0 7508 26
0 7509 29
0 7510 27
0 7511 29
0 7512 30
0 7513 29
0 7514 27
0 7515 24
0 7516 27
0 7517 26
0 7518 27
0 7519 24
0 7520 24
0 7521 27
0 7522 24
0 7523 27
0 7524 30
0 7525 27
0 7526 24
0 7527 25
0 7528 26
0 7529 29
0 7530 27
0 7531 28
0 7532 28
0 7533 26
0 7534 27
0 7535 24
0 7536 25
0 7537 27
0 7538 28
0 7539 24
0 7540 25
0 7541 26
0 7542 25
0 7543 27
0 7544 30
0 7545 27
0 7546 24
0 7547 25
0 7548 25
0 7549 28
0 7550 25
0 7551 28
0 7552 28
0 7553 26
0 7554 28
0 7555 24
0 7556 25
0 7557 27
0 7558 28
0 7559 24
0 7560 25
0 7561 27
0 7562 24
0 7563 27
0 7564 30
0 7565 27
0 7566 24
0 7567 25
0 7568 26
0 7569 29
0 7570 26
0 7571 28
0 7572 28
0 7573 26
0 7574 27
0 7575 24
0 7576 27
0 7577 26
0 7578 28
0 7579 24
0 7580 25
0 7581 27
0 7582 24
0 7583 27
0 7584 29
0 7585 28
0 7586 25
0 7587 25
0 7588 26
0 7589 29
0 7590 26
0 7591 29
0 7592 30
0 7593 29
0 7594 26
0 7595 25
0 7596 27
0 7597 28
0 7598 27
0 7599 24
0 7600 24
0 7601 27
0 7602 24
0 7603 27
0 7604 28
0 7605 28
0 7606 25
0 7607 23
0 7608 26
0 7609 29
0 7610 27
0 7611 29
0 7612 30
0 7613 29
0 7614 27
0 7615 25
0 7616 27
0 7617 26
0 7618 28
0 7619 24
0 7620 24
0 7621 26
0 7622 24
0 7623 27
0 7624 30
0 7625 27
0 7626 25
0 7627 25
0 7628 26
0 7629 28
0 7630 25
0 7631 28
0 7632 28
0 7633 26
0 7634 28
0 7635 24
0 7636 25
0 7637 28
0 7638 28
0 7639 25
0 7640 25
0 7641 27
0 7642 24
0 7643 27
0 7644 30
0 7645 27
0 7646 24
0 7647 25
0 7648 26
0 7649 28
0 7650 26
0 7651 28
0 7652 28
0 7653 26
0 7654 27
0 7655 24
0 7656 25
0 7657 27
0 7658 28
0 7659 24
0 7660 25
0 7661 26
0 7662 24
0 7663 27
0 7664 31
0 7665 28
0 7666 24
0 7667 25
0 7668 26
0 7669 28
0 7670 26
0 7671 29
0 7672 29
0 7673 29
0 7674 27
0 7675 24
0 7676 27
0 7677 27
0 7678 27
0 7679 24
0 7680 24
0 7681 27
0 7682 24
0 7683 28
0 7684 30
0 7685 28
0 7686 25
0 7687 25
0 7688 26
0 7689 29
0 7690 27
0 7691 29
0 7692 30
0 7693 29
0 7694 26
0 7695 25
0 7696 27
0 7697 28
0 7698 27
0 7699 24
0 7700 24
0 7701 27
0 7702 24
0 7703 27
0 7704 28
0 7705 28
0 7706 25
0 7707 23
0 7708 26
0 7709 29
0 7710 26
0 7711 29
0 7712 29
0 7713 28
0 7714 27
0 7715 24
0 7716 25
0 7717 26
0 7718 28
0 7719 24
0 7720 25
0 7721 27
0 7722 24
0 7723 27
0 7724 30
0 7725 28
0 7726 25
0 7727 25
0 7728 26
0 7729 28
0 7730 27
0 7731 28
0 7732 28
0 7733 26
0 7734 27
0 7735 24
0 7736 27
0 7737 26
0 7738 28
0 7739 24
0 7740 25
0 7741 26
0 7742 24
0 7743 27
0 7744 30
0 7745 27
0 7746 25
0 7747 25
0 7748 27
0 7749 28
0 7750 26
0 7751 28
0 7752 28
0 7753 26
0 7754 27
0 7755 24
0 7756 25
0 7757 26
0 7758 28
0 7759 24
0 7760 25
0 7761 27
0 7762 24
0 7763 27
0 7764 30
0 7765 27
0 7766 24
0 7767 25
0 7768 26
0 7769 29
0 7770 26
0 7771 29
0 7772 28
0 7773 27
0 7774 27
0 7775 25
0 7776 27
0 7777 26
0 7778 28
0 7779 24
0 7780 25
0 7781 27
0 7782 24
0 7783 27
0 7784 28
0 7785 28
0 7786 25
0 7787 25
0 7788 26
0 7789 29
0 7790 27
0 7791 29
0 7792 30
0 7793 29
0 7794 27
0 7795 25
0 7796 27
0 7797 27
0 7798 27
0 7799 24
0 7800 24
0 7801 27
0 7802 24
0 7803 27
0 7804 30
0 7805 28
0 7806 25
0 7807 24
0 7808 26
0 7809 29
0 7810 27
0 7811 28
0 7812 28
0 7813 26
0 7814 27
0 7815 24
0 7816 27
0 7817 26
0 7818 28
0 7819 25
0 7820 25
0 7821 27
0 7822 24
0 7823 27
0 7824 30
0 7825 27
0 7826 24
0 7827 25
0 7828 26
0 7829 28
0 7830 26
0 7831 28
0 7832 28
0 7833 26
0 7834 27
0 7835 24
0 7836 25
0 7837 27
0 7838 28
0 7839 24
0 7840 25
0 7841 27
0 7842 24
0 7843 28
0 7844 30
0 7845 27
0 7846 24
0 7847 25
0 7848 26
0 7849 28
0 7850 26
0 7851 28
0 7852 28
0 7853 26
0 7854 27
0 7855 24
0 7856 27
0 7857 27
0 7858 28
0 7859 24
0 7860 24
0 7861 27
0 7862 24
0 7863 27
0 7864 30
0 7865 28
0 7866 25
0 7867 25
0 7868 26
0 7869 29
0 7870 26
0 7871 29
0 7872 29
0 7873 29
0 7874 27
0 7875 24
0 7876 25
0 7877 26
0 7878 28
0 7879 24
0 7880 24
0 7881 27
0 7882 24
0 7883 27
0 7884 28
0 7885 28
0 7886 25
0 7887 23
0 7888 25
0 7889 29
0 7890 26
0 7891 29
0 7892 30
0 7893 29
0 7894 26
0 7895 25
0 7896 27
0 7897 27
0 7898 27
0 7899 24
0 7900 24
0 7901 27
0 7902 24
0 7903 27
0 7904 28
0 7905 28
0 7906 25
0 7907 25
0 7908 26
0 7909 29
0 7910 26
0 7911 29
0 7912 28
0 7913 27
0 7914 27
0 7915 24
0 7916 26
0 7917 26
0 7918 28
0 7919 24
0 7920 25
0 7921 27
0 7922 24
0 7923 27
0 7924 30
0 7925 27
0 7926 25
0 7927 25
0 7928 26
0 7929 29
0 7930 26
0 7931 28
0 7932 28
0 7933 26
0 7934 27
0 7935 24
0 7936 25
0 7937 28
0 7938 28
0 7939 24
0 7940 25
0 7941 26
0 7942 25
0 7943 27
0 7944 30
0 7945 27
0 7946 24
0 7947 25
0 7948 27
0 7949 28
0 7950 26
0 7951 28
0 7952 28
0 7953 26
0 7954 28
0 7955 24
0 7956 25
0 7957 28
0 7958 28
0 7959 24
0 7960 25
0 7961 27
0 7962 24
0 7963 27
0 7964 31
0 7965 28
0 7966 25
0 7967 25
0 7968 26
0 7969 29
0 7970 27
0 7971 28
0 7972 28
0 7973 26
0 7974 27
0 7975 25
0 7976 27
0 7977 27
0 7978 27
0 7979 24
0 7980 24
0 7981 27
0 7982 24
0 7983 27
0 7984 30
0 7985 28
0 7986 25
0 7987 23
0 7988 26
0 7989 29
0 7990 27
0 7991 28
0 7992 30
0 7993 29
0 7994 26
0 7995 25
0 7996 27
0 7997 27
0 7998 27
0 7999 24
0 8000 24
0 8001 27
0 8002 24
0 8003 27
0 8004 30
0 8005 28
0 8006 25
0 8007 25
0 8008 26
0 8009 29
0 8010 26
0 8011 29
0 8012 28
0 8013 26
0 8014 27
0 8015 24
0 8016 27
0 8017 27
0 8018 28
0 8019 24
0 8020 24
0 8021 27
0 8022 24
0 8023 27
0 8024 31
0 8025 27
0 8026 24
0 8027 25
0 8028 26
0 8029 28
0 8030 25
0 8031 28
0 8032 28
0 8033 26
0 8034 28
0 8035 24
0 8036 25
0 8037 28
0 8038 28
0 8039 24
0 8040 25
0 8041 27
0 8042 24
0 8043 27
0 8044 30
0 8045 27
0 8046 24
0 8047 25
0 8048 26
0 8049 28
0 8050 26
0 8051 28
0 8052 28
0 8053 26
0 8054 27
0 8055 24
0 8056 27
0 8057 26
0 8058 28
0 8059 24
0 8060 25
0 8061 27
0 8062 24
0 8063 27
0 8064 30
0 8065 27
0 8066 26
0 8067 25
0 8068 26
0 8069 28
0 8070 26
0 8071 29
0 8072 28
0 8073 29
0 8074 27
0 8075 25
0 8076 27
0 8077 27
0 8078 27
0 8079 24
0 8080 24
0 8081 27
0 8082 24
0 8083 27
0 8084 29
0 8085 28
0 8086 25
0 8087 23
0 8088 26
0 8089 29
0 8090 27
0 8091 29
0 8092 29
0 8093 29
0 8094 27
0 8095 25
0 8096 27
0 8097 27
0 8098 27
0 8099 24
0 8100 24
0 8101 27
0 8102 24
0 8103 27
0 8104 28
0 8105 28
0 8106 25
0 8107 25
0 8108 26
0 8109 29
0 8110 26
0 8111 29
0 8112 28
0 8113 26
0 8114 27
0 8115 24
0 8116 25
0 8117 27
0 8118 28
0 8119 24
0 8120 25
0 8121 27
0 8122 24
0 8123 27
0 8124 30
0 8125 27
0 8126 24
0 8127 25
0 8128 26
0 8129 28
0 8130 26
0 8131 28
0 8132 28
0 8133 26
0 8134 27
0 8135 24
0 8136 27
0 8137 27
0 8138 28
0 8139 24
0 8140 25
0 8141 26
0 8142 24
0 8143 27
0 8144 31
0 8145 28
0 8146 24
0 8147 25
0 8148 26
0 8149 28
0 8150 25
0 8151 28
0 8152 28
0 8153 26
0 8154 27
0 8155 24
0 8156 26
0 8157 26
0 8158 28
0 8159 24
0 8160 24
0 8161 27
0 8162 24
0 8163 27
0 8164 30
0 8165 28
0 8166 25
0 8167 25
0 8168 26
0 8169 29
0 8170 26
0 8171 29
0 8172 28
0 8173 29
0 8174 26
0 8175 25
0 8176 27
0 8177 27
0 8178 27
0 8179 24
0 8180 24
0 8181 27
0 8182 24
0 8183 27
0 8184 28
0 8185 28
0 8186 25
0 8187 23
0 8188 26
0 8189 29
0 8190 27
0 8191 28
0 8192 30
0 8193 29
0 8194 27
0 8195 24
0 8196 25
0 8197 26
0 8198 28
0 8199 24
0 8200 24
0 8201 27
0 8202 24
0 8203 27
0 8204 31
0 8205 28
0 8206 25
0 8207 25
0 8208 26
0 8209 29
0 8210 26
0 8211 28
0 8212 28
0 8213 26
0 8214 27
0 8215 24
0 8216 27
0 8217 26
0 8218 28
0 8219 24
0 8220 25
0 8221 27
0 8222 24
0 8223 27
0 8224 30
0 8225 27
0 8226 25
0 8227 25
0 8228 27
0 8229 28
0 8230 25
0 8231 28
0 8232 28
0 8233 26
0 8234 27
0 8235 24
0 8236 25
0 8237 27
0 8238 28
0 8239 24
0 8240 25
0 8241 27
0 8242 24
0 8243 28
0 8244 30
0 8245 27
0 8246 24
0 8247 25
0 8248 26
0 8249 29
0 8250 27
0 8251 28
0 8252 28
0 8253 26
0 8254 27
0 8255 24
0 8256 27
0 8257 26
0 8258 28
0 8259 24
0 8260 24
0 8261 27
0 8262 24
0 8263 27
0 8264 30
0 8265 28
0 8266 25
0 8267 25
0 8268 26
0 8269 29
0 8270 27
0 8271 29
0 8272 30
0 8273 29
0 8274 27
0 8275 25
0 8276 27
0 8277 27
0 8278 27
0 8279 24
0 8280 24
0 8281 27
0 8282 25
0 8283 27
0 8284 28
0 8285 28
0 8286 26
0 8287 23
0 8288 25
0 8289 29
0 8290 26
0 8291 29
0 8292 28
0 8293 28
0 8294 26
0 8295 25
0 8296 27
0 8297 27
0 8298 27
0 8299 24
0 8300 24
0 8301 27
0 8302 24
0 8303 27
0 8304 30
0 8305 28
0 8306 25
0 8307 25
0 8308 26
0 8309 29
0 8310 26
0 8311 29
0 8312 28
0 8313 27
0 8314 27
0 8315 24
0 8316 25
0 8317 26
0 8318 28
0 8319 24
0 8320 25
0 8321 26
0 8322 25
0 8323 29
0 8324 30
0 8325 27
0 8326 24
0 8327 25
0 8328 26
0 8329 28
0 8330 26
0 8331 28
0 8332 28
0 8333 26
0 8334 27
0 8335 24
0 8336 27
0 8337 27
0 8338 28
0 8339 24
0 8340 25
0 8341 26
0 8342 24
0 8343 27
0 8344 30
0 8345 27
0 8346 24
0 8347 25
0 8348 26
0 8349 28
0 8350 25
0 8351 28
0 8352 28
0 8353 26
0 8354 27
0 8355 24
0 8356 25
0 8357 27
0 8358 28
0 8359 24
0 8360 24
0 8361 27
0 8362 24
0 8363 27
0 8364 31
0 8365 28
0 8366 25
0 8367 25
0 8368 26
0 8369 29
0 8370 27
0 8371 28
0 8372 28
0 8373 27
0 8374 27
0 8375 25
0 8376 27
0 8377 27
0 8378 27
0 8379 24
0 8380 24
0 8381 27
0 8382 24
0 8383 27
0 8384 28
0 8385 28
0 8386 25
0 8387 25
0 8388 26
0 8389 29
0 8390 27
0 8391 29
0 8392 30
0 8393 29
0 8394 27
0 8395 25
0 8396 27
0 8397 27
0 8398 27
0 8399 24
0 8400 24
0 8401 27
0 8402 24
0 8403 27
0 8404 30
0 8405 27
0 8406 25
0 8407 25
0 8408 26
0 8409 29
0 8410 26
0 8411 28
0 8412 28
0 8413 26
0 8414 27
0 8415 24
0 8416 27
0 8417 26
0 8418 28
0 8419 25
0 8420 25
0 8421 26
0 8422 24
0 8423 27
0 8424 30
0 8425 27
0 8426 24
0 8427 25
0 8428 26
0 8429 28
0 8430 26
0 8431 28
0 8432 28
0 8433 26
0 8434 27
0 8435 24
0 8436 25
0 8437 28
0 8438 28
0 8439 24
0 8440 25
0 8441 26
0 8442 24
0 8443 27
0 8444 30
0 8445 27
0 8446 24
0 8447 25
0 8448 26
0 8449 28
0 8450 26
0 8451 28
0 8452 28
0 8453 26
0 8454 27
0 8455 24
0 8456 27
0 8457 26
0 8458 28
0 8459 24
0 8460 25
0 8461 27
0 8462 24
0 8463 27
0 8464 28
0 8465 27
0 8466 25
0 8467 25
0 8468 26
0 8469 29
0 8470 27
0 8471 28
0 8472 30
0 8473 29
0 8474 26
0 8475 25
0 8476 27
0 8477 27
0 8478 27
0 8479 24
0 8480 23
0 8481 27
0 8482 24
0 8483 27
0 8484 30
0 8485 28
0 8486 25
0 8487 25
0 8488 26
0 8489 29
0 8490 26
0 8491 29
0 8492 30
0 8493 29
0 8494 27
0 8495 25
0 8496 27
0 8497 26
0 8498 27
0 8499 24
0 8500 25
0 8501 27
0 8502 24
0 8503 27
0 8504 30
0 8505 28
0 8506 25
0 8507 25
0 8508 26
0 8509 28
0 8510 26
0 8511 28
0 8512 28
0 8513 26
0 8514 28
0 8515 24
0 8516 25
0 8517 28
0 8518 28
0 8519 23
0 8520 25
0 8521 26
0 8522 24
0 8523 27
0 8524 30
0 8525 27
0 8526 24
0 8527 25
0 8528 26
0 8529 28
0 8530 26
0 8531 28
0 8532 28
0 8533 26
0 8534 27
0 8535 24
0 8536 27
0 8537 27
0 8538 28
0 8539 25
0 8540 25
0 8541 26
0 8542 24
0 8543 27
0 8544 30
0 8545 27
0 8546 24
0 8547 25
0 8548 26
0 8549 29
0 8550 26
0 8551 28
0 8552 28
0 8553 28
0 8554 27
0 8555 25
0 8556 27
0 8557 26
0 8558 28
0 8559 24
0 8560 25
0 8561 27
0 8562 24
0 8563 27
0 8564 30
0 8565 28
0 8566 25
0 8567 24
0 8568 26
0 8569 29
0 8570 27
0 8571 29
0 8572 30
0 8573 29
0 8574 27
0 8575 25
0 8576 27
0 8577 27
0 8578 27
0 8579 24
0 8580 25
0 8581 27
0 8582 24
0 8583 27
0 8584 30
0 8585 28
0 8586 25
0 8587 25
0 8588 26
0 8589 29
0 8590 27
0 8591 29
0 8592 29
0 8593 29
0 8594 27
0 8595 24
0 8596 25
0 8597 26
0 8598 28
0 8599 24
0 8600 25
0 8601 27
0 8602 24
0 8603 27
0 8604 31
0 8605 27
0 8606 25
0 8607 25
0 8608 26
0 8609 28
0 8610 26
0 8611 28
0 8612 28
0 8613 26
0 8614 27
0 8615 24
0 8616 25
0 8617 26
0 8618 28
0 8619 24
0 8620 24
0 8621 26
0 8622 24
0 8623 27
0 8624 30
0 8625 27
0 8626 24
0 8627 25
0 8628 26
0 8629 28
0 8630 25
0 8631 28
0 8632 28
0 8633 26
0 8634 27
0 8635 24
0 8636 25
0 8637 26
0 8638 28
0 8639 24
0 8640 25
0 8641 27
0 8642 24
0 8643 28
0 8644 30
0 8645 27
0 8646 24
0 8647 25
0 8648 26
0 8649 29
0 8650 25
0 8651 28
0 8652 28
0 8653 26
0 8654 27
0 8655 24
0 8656 27
0 8657 26
0 8658 28
0 8659 24
0 8660 25
0 8661 27
0 8662 24
0 8663 27
0 8664 30
0 8665 28
0 8666 25
0 8667 25
0 8668 26
0 8669 29
0 8670 27
0 8671 28
0 8672 30
0 8673 29
0 8674 27
0 8675 25
0 8676 27
0 8677 27
0 8678 27
0 8679 24
0 8680 24
0 8681 27
0 8682 24
0 8683 27
0 8684 28
0 8685 28
0 8686 25
0 8687 23
0 8688 26
0 8689 29
0 8690 27
0 8691 29
0 8692 28
0 8693 28
0 8694 27
0 8695 24
0 8696 27
0 8697 26
0 8698 28
0 8699 24
0 8700 25
0 8701 27
0 8702 24
0 8703 27
0 8704 30
0 8705 27
0 8706 25
0 8707 25
0 8708 26
0 8709 28
0 8710 26
0 8711 28
0 8712 28
0 8713 26
0 8714 27
0 8715 24
0 8716 25
0 8717 28
0 8718 28
0 8719 25
0 8720 26
0 8721 26
0 8722 24
0 8723 27
0 8724 30
0 8725 27
0 8726 24
0 8727 25
0 8728 26
0 8729 29
0 8730 27
0 8731 28
0 8732 28
0 8733 26
0 8734 27
0 8735 24
0 8736 27
0 8737 26
0 8738 28
0 8739 24
0 8740 24
0 8741 26
0 8742 24
0 8743 27
0 8744 30
0 8745 28
0 8746 25
0 8747 25
0 8748 26
0 8749 28
0 8750 26
0 8751 28
0 8752 28
0 8753 28
0 8754 27
0 8755 24
0 8756 26
0 8757 26
0 8758 28
0 8759 24
0 8760 24
0 8761 27
0 8762 24
0 8763 27
0 8764 30
0 8765 28
0 8766 25
0 8767 24
0 8768 26
0 8769 29
0 8770 26
0 8771 29
0 8772 28
0 8773 28
0 8774 27
0 8775 25
0 8776 27
0 8777 27
0 8778 27
0 8779 24
0 8780 24
0 8781 27
0 8782 24
0 8783 27
0 8784 30
0 8785 28
0 8786 25
0 8787 25
0 8788 26
0 8789 29
0 8790 26
0 8791 29
0 8792 30
0 8793 28
0 8794 27
0 8795 24
0 8796 25
0 8797 26
0 8798 28
0 8799 24
0 8800 25
0 8801 27
0 8802 24
0 8803 28
0 8804 30
0 8805 27
0 8806 24
0 8807 25
0 8808 26
0 8809 28
0 8810 26
0 8811 28
0 8812 28
0 8813 26
0 8814 27
0 8815 24
0 8816 27
0 8817 27
0 8818 28
0 8819 25
0 8820 25
0 8821 26
0 8822 24
0 8823 27
0 8824 30
0 8825 27
0 8826 24
0 8827 25
0 8828 26
0 8829 28
0 8830 25
0 8831 28
0 8832 28
0 8833 26
0 8834 28
0 8835 24
0 8836 25
0 8837 28
0 8838 28
0 8839 24
0 8840 25
0 8841 27
0 8842 24
0 8843 27
0 8844 30
0 8845 27
0 8846 24
0 8847 25
0 8848 26
0 8849 29
0 8850 27
0 8851 28
0 8852 28
0 8853 27
0 8854 27
0 8855 25
0 8856 27
0 8857 27
0 8858 27
0 8859 24
0 8860 24
0 8861 27
0 8862 24
0 8863 27
0 8864 28
0 8865 28
0 8866 25
0 8867 24
0 8868 26
0 8869 29
0 8870 27
0 8871 29
0 8872 30
0 8873 29
0 8874 26
0 8875 25
0 8876 27
0 8877 27
0 8878 27
0 8879 24
0 8880 24
0 8881 27
0 8882 24
0 8883 27
0 8884 31
0 8885 28
0 8886 25
0 8887 24
0 8888 26
0 8889 29
0 8890 26
0 8891 29
0 8892 28
0 8893 28
0 8894 27
0 8895 24
0 8896 27
0 8897 26
0 8898 28
0 8899 25
0 8900 25
0 8901 26
0 8902 24
0 8903 27
0 8904 30
0 8905 28
0 8906 24
0 8907 25
0 8908 26
0 8909 28
0 8910 26
0 8911 28
0 8912 28
0 8913 26
0 8914 27
0 8915 24
0 8916 25
0 8917 27
0 8918 28
0 8919 24
0 8920 25
0 8921 27
0 8922 24
0 8923 27
0 8924 30
0 8925 27
0 8926 24
0 8927 25
0 8928 26
0 8929 28
0 8930 26
0 8931 28
0 8932 28
0 8933 26
0 8934 27
0 8935 24
0 8936 27
0 8937 26
0 8938 28
0 8939 24
0 8940 24
0 8941 27
0 8942 24
0 8943 27
0 8944 30
0 8945 28
0 8946 25
0 8947 25
0 8948 26
0 8949 29
0 8950 26
0 8951 29
0 8952 29
0 8953 29
0 8954 27
0 8955 25
0 8956 27
0 8957 27
0 8958 27
0 8959 24
0 8960 24
0 8961 27
0 8962 24
0 8963 27
0 8964 30
0 8965 27
0 8966 25
0 8967 25
0 8968 26
0 8969 29
0 8970 26
0 8971 29
0 8972 30
0 8973 29
0 8974 26
0 8975 25
0 8976 27
0 8977 27
0 8978 27
0 8979 24
0 8980 24
0 8981 27
0 8982 24
0 8983 27
0 8984 30
0 8985 28
0 8986 25
0 8987 25
0 8988 26
0 8989 29
0 8990 26
0 8991 29
0 8992 28
0 8993 27
0 8994 28
0 8995 24
0 8996 25
0 8997 28
0 8998 28
0 8999 24
0 9000 25
0 9001 27
0 9002 24
0 9003 27
0 9004 30
0 9005 27
0 9006 24
0 9007 25
0 9008 26
0 9009 28
0 9010 26
0 9011 28
0 9012 28
0 9013 26
0 9014 27
0 9015 24
0 9016 26
0 9017 26
0 9018 28
0 9019 24
0 9020 25
0 9021 27
0 9022 24
0 9023 27
0 9024 30
0 9025 27
0 9026 25
0 9027 25
0 9028 27
0 9029 28
0 9030 26
0 9031 28
0 9032 28
0 9033 26
0 9034 27
0 9035 24
0 9036 26
0 9037 26
0 9038 28
0 9039 24
0 9040 25
0 9041 27
0 9042 24
0 9043 27
0 9044 30
0 9045 28
0 9046 24
0 9047 25
0 9048 26
0 9049 29
0 9050 26
0 9051 29
0 9052 28
0 9053 27
0 9054 27
0 9055 24
0 9056 27
0 9057 26
0 9058 28
0 9059 24
0 9060 24
0 9061 27
0 9062 24
0 9063 27
0 9064 29
0 9065 28
0 9066 26
0 9067 23
0 9068 26
0 9069 29
0 9070 27
0 9071 29
0 9072 30
0 9073 29
0 9074 27
0 9075 24
0 9076 27
0 9077 26
0 9078 27
0 9079 24
0 9080 24
0 9081 27
0 9082 24
0 9083 27
0 9084 30
0 9085 28
0 9086 25
0 9087 25
0 9088 26
0 9089 29
0 9090 26
0 9091 28
0 9092 28
0 9093 26
0 9094 27
0 9095 24
0 9096 27
0 9097 26
0 9098 28
0 9099 24
0 9100 24
0 9101 26
0 9102 24
0 9103 27
0 9104 30
0 9105 27
0 9106 24
0 9107 25
0 9108 26
0 9109 28
0 9110 26
0 9111 28
0 9112 28
0 9113 26
0 9114 27
0 9115 24
0 9116 25
0 9117 27
0 9118 28
0 9119 24
0 9120 25
0 9121 26
0 9122 25
0 9123 28
0 9124 30
0 9125 27
0 9126 24
0 9127 25
0 9128 26
0 9129 28
0 9130 26
0 9131 28
0 9132 28
0 9133 26
0 9134 27
0 9135 24
0 9136 27
0 9137 26
0 9138 28
0 9139 24
0 9140 25
0 9141 27
0 9142 24
0 9143 27
0 9144 30
0 9145 28
0 9146 25
0 9147 25
0 9148 26
0 9149 29
0 9150 26
0 9151 29
0 9152 30
0 9153 29
0 9154 27
0 9155 24
0 9156 25
0 9157 27
0 9158 28
0 9159 24
0 9160 25
0 9161 27
0 9162 24
0 9163 27
0 9164 28
0 9165 28
0 9166 25
0 9167 23
0 9168 26
0 9169 29
0 9170 26
0 9171 29
0 9172 29
0 9173 29
0 9174 27
0 9175 25
0 9176 27
0 9177 27
0 9178 27
0 9179 24
0 9180 24
0 9181 27
0 9182 24
0 9183 27
0 9184 29
0 9185 28
0 9186 25
0 9187 25
0 9188 26
0 9189 29
0 9190 25
0 9191 28
0 9192 28
0 9193 26
0 9194 27
0 9195 24
0 9196 25
0 9197 26
0 9198 28
0 9199 24
0 9200 25
0 9201 27
0 9202 24
0 9203 28
0 9204 30
0 9205 27
0 9206 24
0 9207 25
0 9208 26
0 9209 28
0 9210 26
0 9211 28
0 9212 28
0 9213 26
0 9214 27
0 9215 24
0 9216 27
0 9217 27
0 9218 28
0 9219 24
0 9220 25
0 9221 26
0 9222 25
0 9223 27
0 9224 30
0 9225 28
0 9226 24
0 9227 25
0 9228 26
0 9229 28
0 9230 26
0 9231 28
0 9232 28
0 9233 26
0 9234 27
0 9235 24
0 9236 25
0 9237 26
0 9238 28
0 9239 24
0 9240 24
0 9241 27
0 9242 24
0 9243 27
0 9244 30
0 9245 28
0 9246 25
0 9247 23
0 9248 26
0 9249 29
0 9250 26
0 9251 29
0 9252 28
0 9253 28
0 9254 27
0 9255 25
0 9256 27
0 9257 28
0 9258 27
0 9259 24
0 9260 24
0 9261 27
0 9262 24
0 9263 27
0 9264 28
0 9265 28
0 9266 25
0 9267 23
0 9268 26
0 9269 29
0 9270 27
0 9271 28
0 9272 30
0 9273 29
0 9274 26
0 9275 25
0 9276 27
0 9277 27
0 9278 27
0 9279 24
0 9280 24
0 9281 27
0 9282 24
0 9283 27
0 9284 30
0 9285 28
0 9286 25
0 9287 25
0 9288 26
0 9289 29
0 9290 26
0 9291 28
0 9292 28
0 9293 26
0 9294 27
0 9295 24
0 9296 27
0 9297 27
0 9298 28
0 9299 24
0 9300 25
0 9301 26
0 9302 25
0 9303 27
0 9304 30
0 9305 28
0 9306 25
0 9307 25
0 9308 26
0 9309 28
0 9310 25
0 9311 28
0 9312 28
0 9313 26
0 9314 28
0 9315 24
0 9316 25
0 9317 28
0 9318 28
0 9319 24
0 9320 25
0 9321 27
0 9322 24
0 9323 27
0 9324 30
0 9325 27
0 9326 24
0 9327 25
0 9328 26
0 9329 29
0 9330 27
0 9331 28
0 9332 28
0 9333 26
0 9334 27
0 9335 24
0 9336 27
0 9337 26
0 9338 28
0 9339 24
0 9340 25
0 9341 27
0 9342 24
0 9343 27
0 9344 30
0 9345 28
0 9346 25
0 9347 25
0 9348 26
0 9349 29
0 9350 26
0 9351 29
0 9352 30
0 9353 29
0 9354 26
0 9355 25
0 9356 27
0 9357 27
0 9358 27
0 9359 24
0 9360 24
0 9361 27
0 9362 24
0 9363 27
0 9364 29
0 9365 28
0 9366 25
0 9367 24
0 9368 26
0 9369 29
0 9370 27
0 9371 29
0 9372 30
0 9373 29
0 9374 27
0 9375 25
0 9376 27
0 9377 27
0 9378 28
0 9379 24
0 9380 25
0 9381 27
0 9382 24
0 9383 27
0 9384 30
0 9385 28
0 9386 25
0 9387 25
0 9388 26
0 9389 29
0 9390 26
0 9391 29
0 9392 28
0 9393 26
0 9394 28
0 9395 24
0 9396 25
0 9397 28
0 9398 28
0 9399 24
0 9400 24
0 9401 27
0 9402 24
0 9403 27
0 9404 30
0 9405 28
0 9406 24
0 9407 25
0 9408 26
0 9409 29
0 9410 26
0 9411 28
0 9412 28
0 9413 26
0 9414 27
0 9415 24
0 9416 27
0 9417 26
0 9418 28
0 9419 24
0 9420 25
0 9421 27
0 9422 24
0 9423 27
0 9424 30
0 9425 27
0 9426 25
0 9427 25
0 9428 26
0 9429 29
0 9430 26
0 9431 29
0 9432 28
0 9433 29
0 9434 27
0 9435 24
0 9436 27
0 9437 26
0 9438 27
0 9439 24
0 9440 24
0 9441 27
0 9442 24
0 9443 27
0 9444 30
0 9445 28
0 9446 25
0 9447 25
0 9448 26
0 9449 29
0 9450 26
0 9451 29
0 9452 30
0 9453 29
0 9454 26
0 9455 25
0 9456 27
0 9457 27
0 9458 27
0 9459 24
0 9460 24
0 9461 27
0 9462 24
0 9463 27
0 9464 28
0 9465 28
0 9466 25
0 9467 23
0 9468 26
0 9469 29
0 9470 27
0 9471 29
0 9472 30
0 9473 27
0 9474 28
0 9475 24
0 9476 25
0 9477 28
0 9478 28
0 9479 24
0 9480 25
0 9481 27
0 9482 24
0 9483 27
0 9484 30
0 9485 27
0 9486 25
0 9487 25
0 9488 26
0 9489 28
0 9490 26
0 9491 28
0 9492 28
0 9493 26
0 9494 27
0 9495 24
0 9496 25
0 9497 27
0 9498 28
0 9499 24
0 9500 25
0 9501 26
0 9502 24
0 9503 27
0 9504 30
0 9505 27
0 9506 25
0 9507 25
0 9508 27
0 9509 28
0 9510 26
0 9511 28
0 9512 28
0 9513 26
0 9514 27
0 9515 24
0 9516 25
0 9517 27
0 9518 28
0 9519 24
0 9520 25
0 9521 27
0 9522 24
0 9523 27
0 9524 30
0 9525 27
0 9526 24
0 9527 25
0 9528 26
0 9529 29
0 9530 26
0 9531 29
0 9532 28
0 9533 27
0 9534 27
0 9535 25
0 9536 27
0 9537 27
0 9538 28
0 9539 24
0 9540 25
0 9541 27
0 9542 24
0 9543 27
0 9544 29
0 9545 28
0 9546 25
0 9547 25
0 9548 26
0 9549 29
0 9550 27
0 9551 28
0 9552 30
0 9553 29
0 9554 26
0 9555 25
0 9556 27
0 9557 28
0 9558 27
0 9559 25
0 9560 24
0 9561 27
0 9562 24
0 9563 27
0 9564 29
0 9565 28
0 9566 25
0 9567 23
0 9568 26
0 9569 29
0 9570 27
0 9571 29
0 9572 28
0 9573 27
0 9574 27
0 9575 25
0 9576 27
0 9577 26
0 9578 28
0 9579 24
0 9580 24
0 9581 27
0 9582 24
0 9583 27
0 9584 30
0 9585 28
0 9586 24
0 9587 25
0 9588 26
0 9589 28
0 9590 26
0 9591 28
0 9592 28
0 9593 26
0 9594 28
0 9595 24
0 9596 25
0 9597 28
0 9598 28
0 9599 24
0 9600 25
0 9601 26
0 9602 26
0 9603 29
0 9604 30
0 9605 27
0 9606 24
0 9607 25
0 9608 26
0 9609 28
0 9610 26
0 9611 28
0 9612 28
0 9613 26
0 9614 27
0 9615 24
0 9616 27
0 9617 27
0 9618 28
0 9619 26
0 9620 25
0 9621 26
0 9622 24
0 9623 27
0 9624 31
0 9625 28
0 9626 25
0 9627 25
0 9628 26
0 9629 29
0 9630 26
0 9631 29
0 9632 28
0 9633 27
0 9634 27
0 9635 24
0 9636 25
0 9637 26
0 9638 28
0 9639 24
0 9640 25
0 9641 27
0 9642 24
0 9643 27
0 9644 29
0 9645 28
0 9646 25
0 9647 23
0 9648 26
0 9649 29
0 9650 26
0 9651 29
0 9652 28
0 9653 29
0 9654 27
0 9655 25
0 9656 27
0 9657 28
0 9658 27
0 9659 24
0 9660 24
0 9661 27
0 9662 24
0 9663 27
0 9664 29
0 9665 28
0 9666 25
0 9667 25
0 9668 26
0 9669 29
0 9670 26
0 9671 29
0 9672 29
0 9673 29
0 9674 27
0 9675 24
0 9676 27
0 9677 26
0 9678 28
0 9679 24
0 9680 25
0 9681 27
0 9682 24
0 9683 27
0 9684 30
0 9685 27
0 9686 24
0 9687 25
0 9688 26
0 9689 28
0 9690 26
0 9691 28
0 9692 28
0 9693 26
0 9694 27
0 9695 24
0 9696 25
0 9697 27
0 9698 28
0 9699 24
0 9700 25
0 9701 26
0 9702 25
0 9703 27
0 9704 30
0 9705 27
0 9706 24
0 9707 25
0 9708 26
0 9709 28
0 9710 26
0 9711 28
0 9712 28
0 9713 26
0 9714 28
0 9715 24
0 9716 25
0 9717 27
0 9718 28
0 9719 24
0 9720 25
0 9721 27
0 9722 24
0 9723 27
0 9724 31
0 9725 27
0 9726 25
0 9727 25
0 9728 26
0 9729 29
0 9730 26
0 9731 28
0 9732 28
0 9733 26
0 9734 27
0 9735 24
0 9736 27
0 9737 27
0 9738 28
0 9739 24
0 9740 24
0 9741 27
0 9742 24
0 9743 27
0 9744 29
0 9745 28
0 9746 25
0 9747 25
0 9748 26
0 9749 29
0 9750 27
0 9751 28
0 9752 30
0 9753 29
0 9754 26
0 9755 25
0 9756 27
0 9757 27
0 9758 27
0 9759 24
0 9760 24
0 9761 27
0 9762 24
0 9763 27
0 9764 30
0 9765 28
0 9766 25
0 9767 24
0 9768 26
0 9769 29
0 9770 27
0 9771 29
0 9772 29
0 9773 28
0 9774 27
0 9775 24
0 9776 27
0 9777 26
0 9778 28
0 9779 24
0 9780 25
0 9781 27
0 9782 24
0 9783 27
0 9784 31
0 9785 27
0 9786 25
0 9787 25
0 9788 26
0 9789 28
0 9790 26
0 9791 28
0 9792 28
0 9793 26
0 9794 28
0 9795 24
0 9796 25
0 9797 28
0 9798 28
0 9799 26
0 9800 25
0 9801 27
0 9802 24
0 9803 27
0 9804 30
0 9805 27
0 9806 24
0 9807 25
0 9808 26
0 9809 29
0 9810 26
0 9811 28
0 9812 28
0 9813 26
0 9814 27
0 9815 24
0 9816 27
0 9817 26
0 9818 28
0 9819 24
0 9820 25
0 9821 27
0 9822 24
0 9823 27
0 9824 30
0 9825 28
0 9826 24
0 9827 25
0 9828 26
0 9829 28
0 9830 26
0 9831 28
0 9832 28
0 9833 28
0 9834 27
0 9835 25
0 9836 27
0 9837 27
0 9838 27
0 9839 24
0 9840 25
0 9841 27
0 9842 24
0 9843 27
0 9844 30
0 9845 28
0 9846 25
0 9847 24
0 9848 26
0 9849 29
0 9850 27
0 9851 29
0 9852 30
0 9853 29
0 9854 26
0 9855 25
0 9856 27
0 9857 28
0 9858 28
0 9859 24
0 9860 24
0 9861 26
0 9862 24
0 9863 27
0 9864 30
0 9865 28
0 9866 25
0 9867 25
0 9868 26
0 9869 29
0 9870 26
0 9871 29
0 9872 28
0 9873 27
0 9874 27
0 9875 24
0 9876 25
0 9877 26
0 9878 28
0 9879 24
0 9880 25
0 9881 27
0 9882 24
0 9883 27
0 9884 31
0 9885 28
0 9886 25
0 9887 25
0 9888 26
0 9889 28
0 9890 26
0 9891 28
0 9892 28
0 9893 26
0 9894 28
0 9895 24
0 9896 27
0 9897 26
0 9898 28
0 9899 25
0 9900 25
0 9901 26
0 9902 24
0 9903 27
0 9904 30
0 9905 27
0 9906 24
0 9907 25
0 9908 26
0 9909 28
0 9910 25
0 9911 28
0 9912 28
0 9913 27
0 9914 27
0 9915 24
0 9916 25
0 9917 26
0 9918 28
0 9919 24
0 9920 25
0 9921 27
0 9922 24
0 9923 27
0 9924 30
0 9925 27
0 9926 24
0 9927 25
0 9928 26
0 9929 29
0 9930 26
0 9931 29
0 9932 28
0 9933 27
0 9934 27
0 9935 25
0 9936 27
0 9937 27
0 9938 27
0 9939 24
0 9940 24
0 9941 27
0 9942 24
0 9943 27
0 9944 28
0 9945 28
0 9946 25
0 9947 23
0 9948 26
0 9949 29
0 9950 27
0 9951 28
0 9952 30
0 9953 29
0 9954 27
0 9955 24
0 9956 27
0 9957 27
0 9958 27
0 9959 24
0 9960 24
0 9961 27
0 9962 24
0 9963 27
0 9964 30
0 9965 28
0 9966 25
0 9967 25
0 9968 26
0 9969 29
0 9970 26
0 9971 28
0 9972 28
0 9973 26
0 9974 27
0 9975 24
0 9976 27
0 9977 26
0 9978 28
0 9979 25
0 9980 25
0 9981 27
0 9982 24
0 9983 27
0 9984 31
0 9985 27
0 9986 25
0 9987 25
0 9988 26
0 9989 28
0 9990 26
0 9991 28
0 9992 28
0 9993 26
0 9994 27
0 9995 24
0 9996 25
0 9997 27
0 9998 28
0 9999 24
