0 0 29
0 1 28
0 2 28
0 3 27
0 4 30
0 5 29
0 6 27
0 7 26
0 8 27
0 9 26
0 10 25
0 11 28
0 12 25
0 13 30
0 14 28
0 15 29
0 16 28
0 17 30
0 18 26
0 19 28
0 20 25
0 21 28
0 22 25
0 23 28
0 24 26
0 25 29
0 26 26
0 27 29
0 28 26
0 29 28
0 30 25
0 31 27
0 32 26
0 33 28
0 34 26
0 35 27
0 36 26
0 37 29
0 38 27
0 39 28
0 40 26
0 41 29
0 42 25
0 43 29
0 44 26
0 45 29
0 46 26
0 47 28
0 48 26
0 49 28
0 50 25
0 51 28
0 52 26
0 53 28
0 54 25
0 55 27
0 56 25
0 57 27
0 58 25
0 59 28
0 60 25
0 61 27
0 62 26
0 63 29
0 64 26
0 65 29
0 66 26
0 67 27
0 68 26
0 69 27
0 70 25
0 71 27
0 72 26
0 73 28
0 74 26
0 75 29
0 76 26
0 77 27
0 78 25
0 79 28
0 80 25
0 81 27
0 82 26
0 83 28
0 84 26
0 85 27
0 86 26
0 87 27
0 88 26
0 89 27
0 90 25
0 91 27
0 92 25
0 93 27
0 94 26
0 95 27
0 96 25
0 97 27
0 98 26
0 99 29
0 100 26
0 101 29
0 102 25
0 103 27
0 104 25
0 105 27
0 106 25
0 107 28
0 108 26
0 109 29
0 110 26
0 111 29
0 112 26
0 113 28
0 114 26
0 115 28
0 116 27
0 117 29
0 118 27
0 119 29
0 120 26
0 121 29
0 122 25
0 123 27
0 124 25
0 125 28
0 126 26
0 127 28
0 128 26
0 129 29
0 130 27
0 131 29
0 132 26
0 133 29
0 134 27
0 135 28
0 136 26
0 137 29
0 138 27
0 139 29
0 140 26
0 141 29
0 142 25
0 143 27
0 144 25
0 145 28
0 146 25
0 147 28
0 148 26
0 149 29
0 150 26
0 151 29
0 152 26
0 153 28
0 154 25
0 155 27
0 156 26
0 157 28
0 158 27
0 159 29
0 160 25
0 161 29
0 162 25
0 163 27
0 164 25
0 165 27
0 166 25
0 167 28
0 168 26
0 169 28
0 170 26
0 171 28
0 172 25
0 173 28
0 174 26
0 175 27
0 176 26
0 177 29
0 178 26
0 179 29
0 180 26
0 181 29
0 182 26
0 183 27
0 184 25
0 185 28
0 186 25
0 187 28
0 188 26
0 189 29
0 190 27
0 191 29
0 192 27
0 193 29
0 194 27
0 195 29
0 196 26
0 197 28
0 198 27
0 199 28
0 200 26
0 201 29
0 202 26
0 203 29
0 204 27
0 205 29
0 206 26
0 207 29
0 208 26
0 209 28
0 210 26
0 211 29
0 212 26
0 213 28
0 214 26
0 215 29
0 216 26
0 217 29
0 218 26
0 219 29
0 220 26
0 221 28
0 222 26
0 223 29
0 224 26
0 225 29
0 226 26
0 227 29
0 228 27
0 229 29
0 230 26
0 231 29
0 232 26
0 233 28
0 234 26
0 235 29
0 236 26
0 237 28
0 238 26
0 239 29
0 240 26
0 241 28
0 242 26
0 243 29
0 244 26
0 245 29
0 246 26
0 247 28
0 248 26
0 249 28
0 250 26
0 251 29
0 252 26
0 253 28
0 254 26
0 255 29
0 256 26
0 257 29
0 258 26
0 259 29
0 260 26
0 261 28
0 262 26
0 263 29
0 264 26
0 265 29
0 266 26
0 267 28
0 268 26
0 269 29
0 270 26
0 271 29
0 272 26
0 273 28
0 274 26
0 275 29
0 276 26
0 277 29
0 278 26
0 279 29
0 280 26
0 281 28
0 282 26
0 283 29
0 284 26
0 285 28
0 286 26
0 287 28
0 288 26
0 289 29
0 290 26
0 291 29
0 292 26
0 293 29
0 294 27
0 295 29
0 296 26
0 297 29
0 298 26
0 299 30
0 300 26
0 301 29
0 302 26
0 303 29
0 304 26
0 305 29
0 306 26
0 307 29
0 308 26
0 309 30
0 310 26
0 311 30
0 312 26
0 313 30
0 314 26
0 315 29
0 316 26
0 317 30
0 318 26
0 319 30
0 320 25
0 321 30
0 322 26
0 323 29
0 324 26
0 325 29
0 326 26
0 327 29
0 328 26
0 329 30
0 330 25
0 331 30
0 332 25
0 333 30
0 334 26
0 335 29
0 336 26
0 337 30
0 338 26
0 339 30
0 340 25
0 341 30
0 342 27
0 343 29
0 344 26
0 345 29
0 346 26
0 347 29
0 348 26
0 349 30
0 350 26
0 351 30
0 352 26
0 353 29
0 354 26
0 355 29
0 356 26
0 357 30
0 358 25
0 359 30
0 360 25
0 361 30
0 362 26
0 363 29
0 364 26
0 365 29
0 366 27
0 367 29
0 368 26
0 369 29
0 370 26
0 371 30
0 372 26
0 373 30
0 374 26
0 375 29
0 376 26
0 377 30
0 378 26
0 379 30
0 380 25
0 381 30
0 382 27
0 383 29
0 384 26
0 385 29
0 386 26
0 387 30
0 388 26
0 389 29
0 390 26
0 391 30
0 392 26
0 393 30
0 394 26
0 395 30
0 396 26
0 397 29
0 398 26
0 399 30
0 400 26
0 401 30
0 402 25
0 403 30
0 404 25
0 405 30
0 406 26
0 407 29
0 408 26
0 409 29
0 410 26
0 411 28
0 412 26
0 413 30
0 414 26
0 415 30
0 416 26
0 417 29
0 418 26
0 419 28
0 420 26
0 421 29
0 422 26
0 423 30
0 424 25
0 425 30
0 426 26
0 427 29
0 428 26
0 429 28
0 430 26
0 431 28
0 432 26
0 433 30
0 434 26
0 435 30
0 436 26
0 437 29
0 438 26
0 439 28
0 440 26
0 441 30
0 442 25
0 443 30
0 444 25
0 445 30
0 446 26
0 447 30
0 448 26
0 449 28
0 450 26
0 451 28
0 452 26
0 453 30
0 454 26
0 455 30
0 456 26
0 457 29
0 458 26
0 459 28
0 460 26
0 461 30
0 462 25
0 463 30
0 464 25
0 465 30
0 466 26
0 467 29
0 468 26
0 469 28
0 470 26
0 471 28
0 472 26
0 473 30
0 474 26
0 475 30
0 476 26
0 477 29
0 478 26
0 479 28
0 480 26
0 481 30
0 482 26
0 483 30
0 484 26
0 485 30
0 486 26
0 487 28
0 488 26
0 489 28
0 490 26
0 491 28
0 492 26
0 493 28
0 494 26
0 495 30
0 496 26
0 497 28
0 498 25
0 499 27
0 500 26
0 501 28
0 502 26
0 503 29
0 504 26
0 505 28
0 506 26
0 507 28
0 508 26
0 509 27
0 510 26
0 511 27
0 512 26
0 513 27
0 514 26
0 515 28
0 516 26
0 517 27
0 518 25
0 519 27
0 520 26
0 521 27
0 522 26
0 523 28
0 524 26
0 525 28
0 526 26
0 527 28
0 528 26
0 529 27
0 530 26
0 531 27
0 532 26
0 533 27
0 534 26
0 535 28
0 536 26
0 537 28
0 538 25
0 539 27
0 540 26
0 541 27
0 542 26
0 543 30
0 544 26
0 545 28
0 546 26
0 547 28
0 548 26
0 549 27
0 550 26
0 551 27
0 552 26
0 553 28
0 554 26
0 555 30
0 556 26
0 557 28
0 558 26
0 559 27
0 560 26
0 561 29
0 562 26
0 563 28
0 564 26
0 565 29
0 566 26
0 567 28
0 568 26
0 569 27
0 570 26
0 571 27
0 572 26
0 573 28
0 574 26
0 575 28
0 576 26
0 577 27
0 578 26
0 579 27
0 580 25
0 581 27
0 582 26
0 583 28
0 584 26
0 585 28
0 586 26
0 587 28
0 588 26
0 589 27
0 590 26
0 591 27
0 592 26
0 593 27
0 594 26
0 595 27
0 596 26
0 597 27
0 598 25
0 599 28
0 600 25
0 601 27
0 602 26
0 603 28
0 604 26
0 605 27
0 606 26
0 607 27
0 608 26
0 609 27
0 610 24
0 611 27
0 612 24
0 613 27
0 614 25
0 615 27
0 616 25
0 617 27
0 618 24
0 619 28
0 620 25
0 621 27
0 622 26
0 623 27
0 624 26
0 625 27
0 626 26
0 627 27
0 628 25
0 629 27
0 630 24
0 631 27
0 632 25
0 633 27
0 634 26
0 635 27
0 636 24
0 637 27
0 638 25
0 639 28
0 640 25
0 641 27
0 642 26
0 643 27
0 644 26
0 645 27
0 646 26
0 647 27
0 648 26
0 649 27
0 650 26
0 651 27
0 652 26
0 653 27
0 654 26
0 655 27
0 656 26
0 657 27
0 658 25
0 659 27
0 660 25
0 661 27
0 662 26
0 663 28
0 664 26
0 665 28
0 666 26
0 667 27
0 668 26
0 669 27
0 670 26
0 671 27
0 672 26
0 673 27
0 674 26
0 675 27
0 676 25
0 677 27
0 678 24
0 679 27
0 680 24
0 681 27
0 682 25
0 683 27
0 684 26
0 685 27
0 686 26
0 687 27
0 688 25
0 689 27
0 690 25
0 691 28
0 692 23
0 693 26
0 694 24
0 695 27
0 696 25
0 697 29
0 698 26
0 699 28
0 700 24
0 701 27
0 702 25
0 703 27
0 704 26
0 705 27
0 706 25
0 707 29
0 708 24
0 709 28
0 710 25
0 711 27
0 712 24
0 713 27
0 714 25
0 715 27
0 716 24
0 717 28
0 718 26
0 719 28
0 720 25
0 721 27
0 722 24
0 723 27
0 724 25
0 725 27
0 726 24
0 727 27
0 728 25
0 729 27
0 730 24
0 731 27
0 732 24
0 733 27
0 734 24
0 735 27
0 736 25
0 737 29
0 738 26
0 739 28
0 740 24
0 741 27
0 742 25
0 743 27
0 744 26
0 745 27
0 746 26
0 747 27
0 748 24
0 749 27
0 750 25
0 751 28
0 752 24
0 753 27
0 754 24
0 755 27
0 756 25
0 757 29
0 758 24
0 759 27
0 760 24
0 761 27
0 762 25
0 763 27
0 764 26
0 765 27
0 766 26
0 767 27
0 768 24
0 769 27
0 770 24
0 771 28
0 772 24
0 773 27
0 774 24
0 775 27
0 776 24
0 777 28
0 778 26
0 779 28
0 780 24
0 781 27
0 782 24
0 783 27
0 784 25
0 785 27
0 786 25
0 787 27
0 788 24
0 789 28
0 790 26
0 791 28
0 792 25
0 793 27
0 794 24
0 795 27
0 796 26
0 797 28
0 798 26
0 799 28
0 800 25
0 801 27
0 802 25
0 803 28
0 804 24
0 805 27
0 806 24
0 807 28
0 808 25
0 809 28
0 810 26
0 811 28
0 812 26
0 813 27
0 814 24
0 815 27
0 816 26
0 817 27
0 818 25
0 819 26
0 820 25
0 821 27
0 822 25
0 823 28
0 824 24
0 825 27
0 826 24
0 827 28
0 828 24
0 829 28
0 830 26
0 831 27
0 832 25
0 833 27
0 834 25
0 835 27
0 836 26
0 837 28
0 838 26
0 839 28
0 840 24
0 841 27
0 842 24
0 843 27
0 844 25
0 845 27
0 846 25
0 847 27
0 848 24
0 849 27
0 850 25
0 851 27
0 852 24
0 853 27
0 854 25
0 855 27
0 856 24
0 857 28
0 858 26
0 859 28
0 860 24
0 861 27
0 862 25
0 863 27
0 864 25
0 865 27
0 866 24
0 867 28
0 868 24
0 869 28
0 870 26
0 871 28
0 872 25
0 873 27
0 874 24
0 875 27
0 876 26
0 877 28
0 878 26
0 879 28
0 880 25
0 881 27
0 882 25
0 883 28
0 884 24
0 885 27
0 886 24
0 887 28
0 888 26
0 889 27
0 890 26
0 891 27
0 892 26
0 893 28
0 894 26
0 895 27
0 896 26
0 897 27
0 898 25
0 899 27
0 900 26
0 901 27
0 902 26
0 903 27
0 904 24
0 905 28
0 906 26
0 907 27
0 908 26
0 909 27
0 910 26
0 911 27
0 912 26
0 913 28
0 914 26
0 915 28
0 916 26
0 917 27
0 918 25
0 919 27
0 920 26
0 921 27
0 922 25
0 923 27
0 924 24
0 925 27
0 926 26
0 927 28
0 928 26
0 929 27
0 930 26
0 931 27
0 932 26
0 933 28
0 934 26
0 935 27
0 936 26
0 937 27
0 938 26
0 939 28
0 940 25
0 941 27
0 942 24
0 943 27
0 944 24
0 945 27
0 946 25
0 947 28
0 948 24
0 949 28
0 950 26
0 951 28
0 952 24
0 953 27
0 954 24
0 955 27
0 956 26
0 957 28
0 958 26
0 959 28
0 960 25
0 961 27
0 962 25
0 963 28
0 964 24
0 965 27
0 966 25
0 967 28
0 968 26
0 969 28
0 970 26
0 971 27
0 972 26
0 973 28
0 974 25
0 975 27
0 976 26
0 977 27
0 978 25
0 979 28
0 980 25
0 981 28
0 982 24
0 983 27
0 984 24
0 985 28
0 986 26
0 987 27
0 988 26
0 989 28
0 990 26
0 991 27
0 992 26
0 993 28
0 994 26
0 995 28
0 996 26
0 997 28
0 998 25
0 999 27
0 1000 26
0 1001 28
0 1002 26
0 1003 28
0 1004 26
0 1005 28
0 1006 26
0 1007 27
0 1008 26
0 1009 28
0 1010 26
0 1011 28
0 1012 26
0 1013 28
0 1014 26
0 1015 28
0 1016 26
0 1017 27
0 1018 25
0 1019 27
0 1020 26
0 1021 27
0 1022 25
0 1023 27
0 1024 24
0 1025 28
0 1026 26
0 1027 28
0 1028 26
0 1029 27
0 1030 26
0 1031 27
0 1032 26
0 1033 28
0 1034 26
0 1035 27
0 1036 26
0 1037 27
0 1038 25
0 1039 27
0 1040 26
0 1041 27
0 1042 27
0 1043 27
0 1044 24
0 1045 27
0 1046 24
0 1047 27
0 1048 26
0 1049 28
0 1050 26
0 1051 27
0 1052 26
0 1053 27
0 1054 24
0 1055 27
0 1056 26
0 1057 27
0 1058 25
0 1059 27
0 1060 25
0 1061 27
0 1062 25
0 1063 27
0 1064 24
0 1065 27
0 1066 25
0 1067 27
0 1068 26
0 1069 27
0 1070 26
0 1071 27
0 1072 26
0 1073 28
0 1074 26
0 1075 28
0 1076 26
0 1077 28
0 1078 25
0 1079 27
0 1080 26
0 1081 28
0 1082 26
0 1083 27
0 1084 26
0 1085 28
0 1086 26
0 1087 27
0 1088 26
0 1089 28
0 1090 25
0 1091 27
0 1092 26
0 1093 27
0 1094 26
0 1095 28
0 1096 26
0 1097 28
0 1098 25
0 1099 27
0 1100 26
0 1101 28
0 1102 26
0 1103 28
0 1104 26
0 1105 28
0 1106 26
0 1107 28
0 1108 26
0 1109 27
0 1110 26
0 1111 27
0 1112 26
0 1113 27
0 1114 26
0 1115 28
0 1116 26
0 1117 28
0 1118 25
0 1119 27
0 1120 26
0 1121 29
0 1122 26
0 1123 28
0 1124 26
0 1125 28
0 1126 26
0 1127 27
0 1128 26
0 1129 28
0 1130 26
0 1131 28
0 1132 26
0 1133 28
0 1134 26
0 1135 27
0 1136 26
0 1137 27
0 1138 25
0 1139 27
0 1140 26
0 1141 27
0 1142 24
0 1143 27
0 1144 25
0 1145 27
0 1146 25
0 1147 28
0 1148 26
0 1149 27
0 1150 26
0 1151 27
0 1152 26
0 1153 28
0 1154 26
0 1155 28
0 1156 26
0 1157 27
0 1158 25
0 1159 28
0 1160 26
0 1161 28
0 1162 26
0 1163 27
0 1164 26
0 1165 28
0 1166 26
0 1167 27
0 1168 26
0 1169 28
0 1170 26
0 1171 28
0 1172 26
0 1173 27
0 1174 26
0 1175 28
0 1176 26
0 1177 28
0 1178 25
0 1179 27
0 1180 26
0 1181 28
0 1182 26
0 1183 28
0 1184 26
0 1185 28
0 1186 26
0 1187 28
0 1188 26
0 1189 27
0 1190 25
0 1191 27
0 1192 26
0 1193 28
0 1194 26
0 1195 27
0 1196 25
0 1197 28
0 1198 25
0 1199 27
0 1200 26
0 1201 28
0 1202 26
0 1203 28
0 1204 26
0 1205 27
0 1206 26
0 1207 27
0 1208 26
0 1209 27
0 1210 26
0 1211 27
0 1212 26
0 1213 28
0 1214 26
0 1215 28
0 1216 26
0 1217 27
0 1218 25
0 1219 26
0 1220 26
0 1221 28
0 1222 26
0 1223 27
0 1224 26
0 1225 28
0 1226 26
0 1227 27
0 1228 26
0 1229 28
0 1230 26
0 1231 28
0 1232 26
0 1233 28
0 1234 26
0 1235 28
0 1236 26
0 1237 27
0 1238 26
0 1239 27
0 1240 25
0 1241 27
0 1242 24
0 1243 27
0 1244 24
0 1245 27
0 1246 24
0 1247 28
0 1248 26
0 1249 27
0 1250 26
0 1251 27
0 1252 26
0 1253 28
0 1254 26
0 1255 27
0 1256 26
0 1257 27
0 1258 25
0 1259 27
0 1260 26
0 1261 27
0 1262 25
0 1263 27
0 1264 24
0 1265 28
0 1266 26
0 1267 27
0 1268 26
0 1269 28
0 1270 26
0 1271 28
0 1272 26
0 1273 27
0 1274 26
0 1275 28
0 1276 26
0 1277 28
0 1278 25
0 1279 27
0 1280 26
0 1281 28
0 1282 26
0 1283 28
0 1284 26
0 1285 28
0 1286 26
0 1287 28
0 1288 26
0 1289 27
0 1290 25
0 1291 27
0 1292 26
0 1293 27
0 1294 26
0 1295 27
0 1296 26
0 1297 27
0 1298 25
0 1299 26
0 1300 26
0 1301 28
0 1302 26
0 1303 28
0 1304 26
0 1305 28
0 1306 26
0 1307 28
0 1308 26
0 1309 27
0 1310 25
0 1311 27
0 1312 26
0 1313 28
0 1314 26
0 1315 27
0 1316 26
0 1317 28
0 1318 25
0 1319 27
0 1320 26
0 1321 28
0 1322 26
0 1323 28
0 1324 25
0 1325 28
0 1326 26
0 1327 27
0 1328 26
0 1329 28
0 1330 26
0 1331 28
0 1332 26
0 1333 27
0 1334 26
0 1335 28
0 1336 26
0 1337 27
0 1338 25
0 1339 28
0 1340 25
0 1341 27
0 1342 24
0 1343 27
0 1344 24
0 1345 27
0 1346 26
0 1347 27
0 1348 26
0 1349 27
0 1350 26
0 1351 27
0 1352 26
0 1353 28
0 1354 26
0 1355 27
0 1356 26
0 1357 27
0 1358 25
0 1359 27
0 1360 26
0 1361 27
0 1362 26
0 1363 27
0 1364 26
0 1365 28
0 1366 26
0 1367 27
0 1368 26
0 1369 28
0 1370 26
0 1371 27
0 1372 26
0 1373 27
0 1374 26
0 1375 28
0 1376 26
0 1377 28
0 1378 25
0 1379 27
0 1380 26
0 1381 27
0 1382 26
0 1383 28
0 1384 26
0 1385 27
0 1386 26
0 1387 28
0 1388 26
0 1389 28
0 1390 26
0 1391 27
0 1392 26
0 1393 28
0 1394 26
0 1395 28
0 1396 26
0 1397 27
0 1398 25
0 1399 26
0 1400 26
0 1401 28
0 1402 26
0 1403 27
0 1404 26
0 1405 27
0 1406 26
0 1407 27
0 1408 26
0 1409 27
0 1410 25
0 1411 27
0 1412 26
0 1413 28
0 1414 26
0 1415 27
0 1416 26
0 1417 28
0 1418 25
0 1419 27
0 1420 26
0 1421 28
0 1422 26
0 1423 27
0 1424 26
0 1425 28
0 1426 26
0 1427 27
0 1428 26
0 1429 28
0 1430 26
0 1431 27
0 1432 26
0 1433 28
0 1434 26
0 1435 27
0 1436 26
0 1437 27
0 1438 25
0 1439 27
0 1440 26
0 1441 27
0 1442 26
0 1443 27
0 1444 25
0 1445 27
0 1446 26
0 1447 28
0 1448 26
0 1449 27
0 1450 26
0 1451 27
0 1452 26
0 1453 28
0 1454 26
0 1455 27
0 1456 26
0 1457 27
0 1458 25
0 1459 27
0 1460 26
0 1461 27
0 1462 24
0 1463 27
0 1464 24
0 1465 28
0 1466 26
0 1467 27
0 1468 26
0 1469 28
0 1470 26
0 1471 28
0 1472 26
0 1473 28
0 1474 26
0 1475 27
0 1476 25
0 1477 27
0 1478 25
0 1479 27
0 1480 26
0 1481 28
0 1482 26
0 1483 28
0 1484 26
0 1485 27
0 1486 26
0 1487 28
0 1488 26
0 1489 27
0 1490 25
0 1491 27
0 1492 26
0 1493 27
0 1494 26
0 1495 28
0 1496 26
0 1497 28
0 1498 25
0 1499 27
0 1500 26
0 1501 28
0 1502 26
0 1503 28
0 1504 26
0 1505 28
0 1506 26
0 1507 28
0 1508 26
0 1509 27
0 1510 26
0 1511 27
0 1512 26
0 1513 27
0 1514 26
0 1515 27
0 1516 26
0 1517 27
0 1518 25
0 1519 26
0 1520 26
0 1521 27
0 1522 26
0 1523 28
0 1524 26
0 1525 28
0 1526 26
0 1527 28
0 1528 26
0 1529 27
0 1530 26
0 1531 27
0 1532 26
0 1533 28
0 1534 26
0 1535 27
0 1536 26
0 1537 27
0 1538 25
0 1539 27
0 1540 26
0 1541 27
0 1542 25
0 1543 27
0 1544 25
0 1545 27
0 1546 25
0 1547 27
0 1548 26
0 1549 27
0 1550 26
0 1551 27
0 1552 26
0 1553 28
0 1554 26
0 1555 27
0 1556 26
0 1557 27
0 1558 26
0 1559 27
0 1560 26
0 1561 27
0 1562 26
0 1563 27
0 1564 25
0 1565 28
0 1566 26
0 1567 27
0 1568 26
0 1569 28
0 1570 26
0 1571 27
0 1572 26
0 1573 28
0 1574 26
0 1575 28
0 1576 26
0 1577 28
0 1578 25
0 1579 27
0 1580 26
0 1581 28
0 1582 26
0 1583 28
0 1584 26
0 1585 28
0 1586 26
0 1587 28
0 1588 26
0 1589 27
0 1590 26
0 1591 27
0 1592 26
0 1593 28
0 1594 26
0 1595 28
0 1596 26
0 1597 28
0 1598 25
0 1599 27
0 1600 26
0 1601 28
0 1602 26
0 1603 27
0 1604 26
0 1605 28
0 1606 26
0 1607 27
0 1608 26
0 1609 28
0 1610 26
0 1611 28
0 1612 26
0 1613 27
0 1614 26
0 1615 27
0 1616 26
0 1617 27
0 1618 25
0 1619 27
0 1620 26
0 1621 27
0 1622 25
0 1623 27
0 1624 25
0 1625 27
0 1626 24
0 1627 28
0 1628 26
0 1629 27
0 1630 26
0 1631 28
0 1632 26
0 1633 27
0 1634 26
0 1635 27
0 1636 26
0 1637 27
0 1638 26
0 1639 27
0 1640 25
0 1641 27
0 1642 24
0 1643 28
0 1644 24
0 1645 27
0 1646 24
0 1647 27
0 1648 25
0 1649 28
0 1650 26
0 1651 27
0 1652 26
0 1653 28
0 1654 26
0 1655 27
0 1656 26
0 1657 27
0 1658 25
0 1659 27
0 1660 26
0 1661 27
0 1662 25
0 1663 27
0 1664 24
0 1665 27
0 1666 26
0 1667 27
0 1668 26
0 1669 27
0 1670 26
0 1671 28
0 1672 26
0 1673 27
0 1674 26
0 1675 27
0 1676 26
0 1677 27
0 1678 25
0 1679 27
0 1680 26
0 1681 28
0 1682 26
0 1683 28
0 1684 26
0 1685 28
0 1686 26
0 1687 27
0 1688 26
0 1689 28
0 1690 26
0 1691 28
0 1692 26
0 1693 27
0 1694 26
0 1695 28
0 1696 26
0 1697 28
0 1698 25
0 1699 27
0 1700 26
0 1701 28
0 1702 26
0 1703 27
0 1704 26
0 1705 28
0 1706 26
0 1707 27
0 1708 26
0 1709 27
0 1710 26
0 1711 28
0 1712 26
0 1713 27
0 1714 26
0 1715 27
0 1716 26
0 1717 27
0 1718 26
0 1719 27
0 1720 25
0 1721 27
0 1722 25
0 1723 28
0 1724 24
0 1725 27
0 1726 24
0 1727 28
0 1728 25
0 1729 28
0 1730 26
0 1731 27
0 1732 25
0 1733 27
0 1734 24
0 1735 27
0 1736 26
0 1737 28
0 1738 26
0 1739 27
0 1740 25
0 1741 27
0 1742 24
0 1743 27
0 1744 24
0 1745 27
0 1746 24
0 1747 28
0 1748 26
0 1749 28
0 1750 26
0 1751 28
0 1752 25
0 1753 27
0 1754 25
0 1755 27
0 1756 26
0 1757 27
0 1758 26
0 1759 27
0 1760 26
0 1761 27
0 1762 26
0 1763 27
0 1764 24
0 1765 27
0 1766 26
0 1767 28
0 1768 26
0 1769 27
0 1770 26
0 1771 28
0 1772 26
0 1773 28
0 1774 26
0 1775 27
0 1776 26
0 1777 27
0 1778 25
0 1779 27
0 1780 25
0 1781 28
0 1782 25
0 1783 27
0 1784 24
0 1785 27
0 1786 26
0 1787 27
0 1788 26
0 1789 27
0 1790 26
0 1791 28
0 1792 26
0 1793 27
0 1794 26
0 1795 27
0 1796 26
0 1797 27
0 1798 25
0 1799 27
0 1800 26
0 1801 27
0 1802 25
0 1803 27
0 1804 24
0 1805 28
0 1806 26
0 1807 27
0 1808 26
0 1809 28
0 1810 26
0 1811 27
0 1812 26
0 1813 28
0 1814 25
0 1815 27
0 1816 26
0 1817 27
0 1818 25
0 1819 27
0 1820 25
0 1821 27
0 1822 24
0 1823 27
0 1824 24
0 1825 27
0 1826 24
0 1827 28
0 1828 25
0 1829 28
0 1830 26
0 1831 27
0 1832 25
0 1833 27
0 1834 25
0 1835 27
0 1836 24
0 1837 28
0 1838 26
0 1839 28
0 1840 25
0 1841 27
0 1842 24
0 1843 27
0 1844 24
0 1845 27
0 1846 25
0 1847 28
0 1848 24
0 1849 28
0 1850 26
0 1851 28
0 1852 25
0 1853 28
0 1854 25
0 1855 27
0 1856 26
0 1857 27
0 1858 25
0 1859 27
0 1860 26
0 1861 27
0 1862 24
0 1863 27
0 1864 24
0 1865 27
0 1866 25
0 1867 27
0 1868 26
0 1869 27
0 1870 26
0 1871 27
0 1872 26
0 1873 28
0 1874 26
0 1875 27
0 1876 26
0 1877 27
0 1878 26
0 1879 27
0 1880 25
0 1881 27
0 1882 24
0 1883 27
0 1884 24
0 1885 27
0 1886 26
0 1887 28
0 1888 26
0 1889 27
0 1890 26
0 1891 27
0 1892 26
0 1893 28
0 1894 26
0 1895 27
0 1896 26
0 1897 27
0 1898 25
0 1899 26
0 1900 25
0 1901 27
0 1902 25
0 1903 28
0 1904 24
0 1905 27
0 1906 24
0 1907 28
0 1908 26
0 1909 28
0 1910 26
0 1911 28
0 1912 25
0 1913 27
0 1914 24
0 1915 28
0 1916 26
0 1917 28
0 1918 26
0 1919 28
0 1920 25
0 1921 27
0 1922 25
0 1923 28
0 1924 24
0 1925 26
0 1926 24
0 1927 27
0 1928 24
0 1929 27
0 1930 24
0 1931 27
0 1932 24
0 1933 27
0 1934 24
0 1935 27
0 1936 25
0 1937 28
0 1938 26
0 1939 28
0 1940 25
0 1941 27
0 1942 24
0 1943 27
0 1944 25
0 1945 27
0 1946 24
0 1947 27
0 1948 24
0 1949 28
0 1950 24
0 1951 27
0 1952 24
0 1953 27
0 1954 24
0 1955 27
0 1956 26
0 1957 28
0 1958 26
0 1959 28
0 1960 25
0 1961 27
0 1962 24
0 1963 27
0 1964 24
0 1965 27
0 1966 24
0 1967 27
0 1968 25
0 1969 28
0 1970 26
0 1971 27
0 1972 26
0 1973 28
0 1974 26
0 1975 27
0 1976 26
0 1977 27
0 1978 25
0 1979 27
0 1980 26
0 1981 27
0 1982 24
0 1983 27
0 1984 24
0 1985 27
0 1986 25
0 1987 27
0 1988 26
0 1989 28
0 1990 26
0 1991 28
0 1992 26
0 1993 27
0 1994 26
0 1995 27
0 1996 26
0 1997 27
0 1998 26
0 1999 28
0 2000 25
0 2001 27
0 2002 24
0 2003 27
0 2004 24
0 2005 27
0 2006 24
0 2007 27
0 2008 24
0 2009 28
0 2010 25
0 2011 27
0 2012 25
0 2013 27
0 2014 25
0 2015 27
0 2016 25
0 2017 28
0 2018 26
0 2019 27
0 2020 25
0 2021 27
0 2022 24
0 2023 27
0 2024 26
0 2025 27
0 2026 26
0 2027 27
0 2028 24
0 2029 27
0 2030 25
0 2031 27
0 2032 24
0 2033 27
0 2034 24
0 2035 27
0 2036 24
0 2037 28
0 2038 24
0 2039 28
0 2040 24
0 2041 27
0 2042 25
0 2043 27
0 2044 25
0 2045 27
0 2046 24
0 2047 27
0 2048 24
0 2049 27
0 2050 25
0 2051 27
0 2052 25
0 2053 27
0 2054 24
0 2055 27
0 2056 25
0 2057 27
0 2058 26
0 2059 28
0 2060 25
0 2061 27
0 2062 24
0 2063 27
0 2064 24
0 2065 27
0 2066 24
0 2067 28
0 2068 25
0 2069 28
0 2070 26
0 2071 27
0 2072 25
0 2073 27
0 2074 24
0 2075 27
0 2076 26
0 2077 28
0 2078 26
0 2079 28
0 2080 25
0 2081 27
0 2082 25
0 2083 27
0 2084 24
0 2085 27
0 2086 24
0 2087 27
0 2088 24
0 2089 27
0 2090 24
0 2091 27
0 2092 24
0 2093 27
0 2094 24
0 2095 27
0 2096 25
0 2097 28
0 2098 26
0 2099 27
0 2100 24
0 2101 27
0 2102 25
0 2103 27
0 2104 26
0 2105 27
0 2106 24
0 2107 27
0 2108 24
0 2109 27
0 2110 24
0 2111 27
0 2112 24
0 2113 27
0 2114 25
0 2115 27
0 2116 24
0 2117 28
0 2118 25
0 2119 28
0 2120 25
0 2121 27
0 2122 25
0 2123 27
0 2124 26
0 2125 27
0 2126 26
0 2127 27
0 2128 26
0 2129 27
0 2130 24
0 2131 27
0 2132 24
0 2133 27
0 2134 25
0 2135 27
0 2136 24
0 2137 27
0 2138 25
0 2139 27
0 2140 25
0 2141 27
0 2142 26
0 2143 27
0 2144 26
0 2145 27
0 2146 25
0 2147 27
0 2148 24
0 2149 27
0 2150 24
0 2151 27
0 2152 24
0 2153 27
0 2154 25
0 2155 27
0 2156 24
0 2157 28
0 2158 25
0 2159 28
0 2160 24
0 2161 27
0 2162 24
0 2163 27
0 2164 25
0 2165 27
0 2166 25
0 2167 27
0 2168 24
0 2169 27
0 2170 24
0 2171 27
0 2172 24
0 2173 27
0 2174 24
0 2175 27
0 2176 24
0 2177 28
0 2178 26
0 2179 27
0 2180 25
0 2181 27
0 2182 24
0 2183 27
0 2184 25
0 2185 27
0 2186 24
0 2187 27
0 2188 24
0 2189 28
0 2190 24
0 2191 27
0 2192 24
0 2193 27
0 2194 24
0 2195 27
0 2196 24
0 2197 28
0 2198 24
0 2199 28
0 2200 24
0 2201 28
0 2202 25
0 2203 27
0 2204 26
0 2205 27
0 2206 26
0 2207 27
0 2208 24
0 2209 27
0 2210 24
0 2211 27
0 2212 25
0 2213 27
0 2214 24
0 2215 27
0 2216 24
0 2217 27
0 2218 24
0 2219 27
0 2220 26
0 2221 27
0 2222 26
0 2223 27
0 2224 26
0 2225 27
0 2226 26
0 2227 27
0 2228 26
0 2229 27
0 2230 24
0 2231 27
0 2232 25
0 2233 27
0 2234 26
0 2235 27
0 2236 24
0 2237 27
0 2238 24
0 2239 28
0 2240 25
0 2241 27
0 2242 26
0 2243 27
0 2244 26
0 2245 27
0 2246 26
0 2247 27
0 2248 24
0 2249 27
0 2250 25
0 2251 28
0 2252 24
0 2253 26
0 2254 24
0 2255 27
0 2256 25
0 2257 29
0 2258 25
0 2259 28
0 2260 24
0 2261 27
0 2262 25
0 2263 27
0 2264 26
0 2265 27
0 2266 25
0 2267 27
0 2268 24
0 2269 27
0 2270 24
0 2271 27
0 2272 25
0 2273 27
0 2274 25
0 2275 27
0 2276 25
0 2277 28
0 2278 25
0 2279 28
0 2280 24
0 2281 27
0 2282 24
0 2283 27
0 2284 25
0 2285 27
0 2286 24
0 2287 27
0 2288 24
0 2289 28
0 2290 24
0 2291 27
0 2292 24
0 2293 27
0 2294 24
0 2295 27
0 2296 24
0 2297 28
0 2298 25
0 2299 27
0 2300 24
0 2301 27
0 2302 25
0 2303 27
0 2304 26
0 2305 27
0 2306 25
0 2307 27
0 2308 24
0 2309 27
0 2310 25
0 2311 27
0 2312 25
0 2313 27
0 2314 26
0 2315 27
0 2316 24
0 2317 27
0 2318 24
0 2319 28
0 2320 25
0 2321 27
0 2322 26
0 2323 27
0 2324 26
0 2325 27
0 2326 26
0 2327 27
0 2328 26
0 2329 27
0 2330 26
0 2331 27
0 2332 26
0 2333 27
0 2334 26
0 2335 27
0 2336 26
0 2337 27
0 2338 24
0 2339 28
0 2340 24
0 2341 27
0 2342 26
0 2343 27
0 2344 26
0 2345 27
0 2346 26
0 2347 27
0 2348 26
0 2349 27
0 2350 24
0 2351 27
0 2352 25
0 2353 27
0 2354 25
0 2355 27
0 2356 25
0 2357 27
0 2358 24
0 2359 27
0 2360 24
0 2361 27
0 2362 26
0 2363 27
0 2364 26
0 2365 27
0 2366 26
0 2367 27
0 2368 24
0 2369 27
0 2370 24
0 2371 27
0 2372 23
0 2373 26
0 2374 24
0 2375 27
0 2376 24
0 2377 28
0 2378 25
0 2379 28
0 2380 25
0 2381 28
0 2382 25
0 2383 27
0 2384 26
0 2385 27
0 2386 26
0 2387 27
0 2388 24
0 2389 27
0 2390 24
0 2391 27
0 2392 25
0 2393 27
0 2394 26
0 2395 27
0 2396 25
0 2397 27
0 2398 25
0 2399 28
0 2400 25
0 2401 27
0 2402 26
0 2403 27
0 2404 26
0 2405 27
0 2406 26
0 2407 27
0 2408 26
0 2409 27
0 2410 26
0 2411 27
0 2412 26
0 2413 27
0 2414 26
0 2415 28
0 2416 26
0 2417 27
0 2418 24
0 2419 27
0 2420 26
0 2421 27
0 2422 26
0 2423 28
0 2424 26
0 2425 28
0 2426 26
0 2427 27
0 2428 26
0 2429 27
0 2430 26
0 2431 27
0 2432 26
0 2433 27
0 2434 26
0 2435 27
0 2436 25
0 2437 27
0 2438 24
0 2439 28
0 2440 25
0 2441 27
0 2442 26
0 2443 28
0 2444 26
0 2445 27
0 2446 26
0 2447 27
0 2448 26
0 2449 27
0 2450 24
0 2451 27
0 2452 25
0 2453 27
0 2454 26
0 2455 27
0 2456 25
0 2457 27
0 2458 24
0 2459 27
0 2460 25
0 2461 27
0 2462 26
0 2463 27
0 2464 26
0 2465 27
0 2466 26
0 2467 27
0 2468 24
0 2469 27
0 2470 24
0 2471 27
0 2472 25
0 2473 27
0 2474 25
0 2475 27
0 2476 24
0 2477 27
0 2478 24
0 2479 27
0 2480 25
0 2481 27
0 2482 26
0 2483 27
0 2484 26
0 2485 27
0 2486 26
0 2487 27
0 2488 26
0 2489 27
0 2490 24
0 2491 27
0 2492 25
0 2493 27
0 2494 26
0 2495 27
0 2496 26
0 2497 27
0 2498 24
0 2499 27
0 2500 25
0 2501 27
0 2502 26
0 2503 28
0 2504 26
0 2505 28
0 2506 26
0 2507 27
0 2508 26
0 2509 27
0 2510 26
0 2511 27
0 2512 26
0 2513 27
0 2514 26
0 2515 28
0 2516 26
0 2517 27
0 2518 25
0 2519 27
0 2520 26
0 2521 28
0 2522 26
0 2523 28
0 2524 26
0 2525 28
0 2526 26
0 2527 28
0 2528 26
0 2529 27
0 2530 26
0 2531 27
0 2532 26
0 2533 27
0 2534 26
0 2535 28
0 2536 26
0 2537 27
0 2538 25
0 2539 27
0 2540 25
0 2541 27
0 2542 26
0 2543 28
0 2544 26
0 2545 28
0 2546 26
0 2547 27
0 2548 26
0 2549 27
0 2550 26
0 2551 27
0 2552 26
0 2553 27
0 2554 26
0 2555 27
0 2556 26
0 2557 27
0 2558 24
0 2559 27
0 2560 26
0 2561 27
0 2562 26
0 2563 27
0 2564 26
0 2565 27
0 2566 26
0 2567 27
0 2568 26
0 2569 27
0 2570 24
0 2571 27
0 2572 25
0 2573 27
0 2574 26
0 2575 27
0 2576 26
0 2577 27
0 2578 25
0 2579 27
0 2580 25
0 2581 27
0 2582 26
0 2583 28
0 2584 26
0 2585 28
0 2586 26
0 2587 27
0 2588 26
0 2589 27
0 2590 26
0 2591 27
0 2592 26
0 2593 27
0 2594 26
0 2595 28
0 2596 26
0 2597 27
0 2598 25
0 2599 27
0 2600 26
0 2601 27
0 2602 26
0 2603 28
0 2604 26
0 2605 28
0 2606 26
0 2607 28
0 2608 26
0 2609 27
0 2610 26
0 2611 27
0 2612 26
0 2613 27
0 2614 26
0 2615 28
0 2616 26
0 2617 28
0 2618 25
0 2619 27
0 2620 26
0 2621 28
0 2622 26
0 2623 30
0 2624 26
0 2625 29
0 2626 26
0 2627 28
0 2628 26
0 2629 27
0 2630 26
0 2631 27
0 2632 26
0 2633 27
0 2634 26
0 2635 28
0 2636 26
0 2637 28
0 2638 25
0 2639 27
0 2640 26
0 2641 27
0 2642 26
0 2643 28
0 2644 26
0 2645 28
0 2646 26
0 2647 28
0 2648 26
0 2649 27
0 2650 26
0 2651 27
0 2652 26
0 2653 27
0 2654 26
0 2655 28
0 2656 26
0 2657 27
0 2658 25
0 2659 28
0 2660 25
0 2661 27
0 2662 26
0 2663 28
0 2664 26
0 2665 28
0 2666 26
0 2667 27
0 2668 26
0 2669 27
0 2670 26
0 2671 27
0 2672 26
0 2673 27
0 2674 26
0 2675 28
0 2676 26
0 2677 27
0 2678 25
0 2679 27
0 2680 26
0 2681 27
0 2682 26
0 2683 28
0 2684 26
0 2685 28
0 2686 26
0 2687 28
0 2688 26
0 2689 27
0 2690 26
0 2691 27
0 2692 26
0 2693 27
0 2694 26
0 2695 28
0 2696 26
0 2697 27
0 2698 25
0 2699 27
0 2700 26
0 2701 27
0 2702 26
0 2703 30
0 2704 26
0 2705 29
0 2706 26
0 2707 28
0 2708 26
0 2709 27
0 2710 26
0 2711 28
0 2712 26
0 2713 28
0 2714 26
0 2715 30
0 2716 26
0 2717 28
0 2718 26
0 2719 27
0 2720 26
0 2721 29
0 2722 26
0 2723 28
0 2724 26
0 2725 28
0 2726 26
0 2727 28
0 2728 26
0 2729 28
0 2730 26
0 2731 28
0 2732 26
0 2733 28
0 2734 26
0 2735 28
0 2736 26
0 2737 27
0 2738 25
0 2739 27
0 2740 26
0 2741 27
0 2742 26
0 2743 28
0 2744 26
0 2745 28
0 2746 26
0 2747 28
0 2748 26
0 2749 27
0 2750 26
0 2751 27
0 2752 26
0 2753 27
0 2754 26
0 2755 28
0 2756 26
0 2757 27
0 2758 25
0 2759 27
0 2760 26
0 2761 27
0 2762 26
0 2763 28
0 2764 26
0 2765 28
0 2766 26
0 2767 28
0 2768 26
0 2769 27
0 2770 26
0 2771 27
0 2772 26
0 2773 27
0 2774 26
0 2775 28
0 2776 26
0 2777 27
0 2778 26
0 2779 27
0 2780 26
0 2781 27
0 2782 26
0 2783 28
0 2784 26
0 2785 28
0 2786 26
0 2787 28
0 2788 26
0 2789 27
0 2790 26
0 2791 27
0 2792 26
0 2793 28
0 2794 26
0 2795 28
0 2796 26
0 2797 28
0 2798 26
0 2799 27
0 2800 26
0 2801 29
0 2802 26
0 2803 29
0 2804 26
0 2805 30
0 2806 26
0 2807 28
0 2808 26
0 2809 28
0 2810 26
0 2811 28
0 2812 26
0 2813 28
0 2814 26
0 2815 30
0 2816 26
0 2817 28
0 2818 25
0 2819 27
0 2820 26
0 2821 27
0 2822 26
0 2823 30
0 2824 26
0 2825 29
0 2826 26
0 2827 28
0 2828 26
0 2829 28
0 2830 26
0 2831 28
0 2832 26
0 2833 28
0 2834 26
0 2835 28
0 2836 26
0 2837 27
0 2838 25
0 2839 27
0 2840 26
0 2841 29
0 2842 26
0 2843 28
0 2844 26
0 2845 28
0 2846 26
0 2847 28
0 2848 26
0 2849 27
0 2850 26
0 2851 27
0 2852 26
0 2853 27
0 2854 26
0 2855 28
0 2856 26
0 2857 27
0 2858 25
0 2859 27
0 2860 26
0 2861 27
0 2862 26
0 2863 28
0 2864 26
0 2865 28
0 2866 26
0 2867 28
0 2868 26
0 2869 27
0 2870 26
0 2871 27
0 2872 26
0 2873 27
0 2874 26
0 2875 28
0 2876 26
0 2877 27
0 2878 25
0 2879 27
0 2880 26
0 2881 27
0 2882 26
0 2883 28
0 2884 26
0 2885 28
0 2886 26
0 2887 28
0 2888 26
0 2889 28
0 2890 26
0 2891 28
0 2892 26
0 2893 28
0 2894 26
0 2895 30
0 2896 26
0 2897 28
0 2898 25
0 2899 27
0 2900 26
0 2901 29
0 2902 26
0 2903 30
0 2904 26
0 2905 30
0 2906 26
0 2907 28
0 2908 26
0 2909 28
0 2910 26
0 2911 28
0 2912 26
0 2913 30
0 2914 26
0 2915 29
0 2916 26
0 2917 28
0 2918 26
0 2919 27
0 2920 26
0 2921 29
0 2922 26
0 2923 30
0 2924 26
0 2925 30
0 2926 26
0 2927 28
0 2928 26
0 2929 28
0 2930 26
0 2931 28
0 2932 26
0 2933 28
0 2934 26
0 2935 30
0 2936 26
0 2937 28
0 2938 25
0 2939 27
0 2940 26
0 2941 28
0 2942 26
0 2943 30
0 2944 26
0 2945 28
0 2946 26
0 2947 28
0 2948 26
0 2949 27
0 2950 26
0 2951 27
0 2952 26
0 2953 27
0 2954 26
0 2955 28
0 2956 26
0 2957 27
0 2958 26
0 2959 27
0 2960 26
0 2961 27
0 2962 26
0 2963 28
0 2964 26
0 2965 28
0 2966 26
0 2967 28
0 2968 26
0 2969 27
0 2970 26
0 2971 28
0 2972 26
0 2973 28
0 2974 26
0 2975 28
0 2976 26
0 2977 28
0 2978 25
0 2979 27
0 2980 26
0 2981 27
0 2982 26
0 2983 30
0 2984 26
0 2985 30
0 2986 26
0 2987 28
0 2988 26
0 2989 28
0 2990 26
0 2991 28
0 2992 26
0 2993 28
0 2994 26
0 2995 30
0 2996 26
0 2997 29
0 2998 26
0 2999 28
0 3000 26
0 3001 30
0 3002 26
0 3003 30
0 3004 25
0 3005 30
0 3006 26
0 3007 29
0 3008 26
0 3009 28
0 3010 26
0 3011 28
0 3012 26
0 3013 29
0 3014 26
0 3015 30
0 3016 26
0 3017 29
0 3018 26
0 3019 28
0 3020 26
0 3021 29
0 3022 26
0 3023 30
0 3024 26
0 3025 30
0 3026 26
0 3027 29
0 3028 26
0 3029 28
0 3030 26
0 3031 28
0 3032 26
0 3033 28
0 3034 26
0 3035 30
0 3036 26
0 3037 28
0 3038 26
0 3039 27
0 3040 26
0 3041 29
0 3042 26
0 3043 28
0 3044 26
0 3045 28
0 3046 26
0 3047 28
0 3048 26
0 3049 28
0 3050 26
0 3051 28
0 3052 26
0 3053 28
0 3054 26
0 3055 28
0 3056 26
0 3057 28
0 3058 25
0 3059 27
0 3060 26
0 3061 27
0 3062 26
0 3063 30
0 3064 26
0 3065 29
0 3066 26
0 3067 28
0 3068 26
0 3069 28
0 3070 26
0 3071 28
0 3072 26
0 3073 28
0 3074 26
0 3075 28
0 3076 26
0 3077 27
0 3078 26
0 3079 27
0 3080 26
0 3081 29
0 3082 26
0 3083 30
0 3084 26
0 3085 30
0 3086 26
0 3087 28
0 3088 26
0 3089 28
0 3090 26
0 3091 28
0 3092 26
0 3093 30
0 3094 26
0 3095 30
0 3096 26
0 3097 29
0 3098 26
0 3099 28
0 3100 26
0 3101 30
0 3102 25
0 3103 30
0 3104 26
0 3105 30
0 3106 26
0 3107 29
0 3108 26
0 3109 28
0 3110 26
0 3111 30
0 3112 26
0 3113 30
0 3114 26
0 3115 30
0 3116 26
0 3117 30
0 3118 26
0 3119 28
0 3120 26
0 3121 30
0 3122 25
0 3123 30
0 3124 25
0 3125 30
0 3126 26
0 3127 29
0 3128 26
0 3129 28
0 3130 26
0 3131 28
0 3132 26
0 3133 28
0 3134 26
0 3135 30
0 3136 26
0 3137 28
0 3138 26
0 3139 27
0 3140 26
0 3141 29
0 3142 26
0 3143 30
0 3144 26
0 3145 30
0 3146 26
0 3147 28
0 3148 26
0 3149 28
0 3150 26
0 3151 28
0 3152 26
0 3153 28
0 3154 26
0 3155 30
0 3156 26
0 3157 28
0 3158 26
0 3159 27
0 3160 26
0 3161 29
0 3162 26
0 3163 30
0 3164 26
0 3165 30
0 3166 26
0 3167 28
0 3168 26
0 3169 28
0 3170 26
0 3171 28
0 3172 26
0 3173 28
0 3174 26
0 3175 30
0 3176 26
0 3177 28
0 3178 26
0 3179 27
0 3180 26
0 3181 30
0 3182 26
0 3183 30
0 3184 25
0 3185 30
0 3186 26
0 3187 28
0 3188 26
0 3189 28
0 3190 26
0 3191 28
0 3192 26
0 3193 30
0 3194 26
0 3195 30
0 3196 26
0 3197 29
0 3198 26
0 3199 28
0 3200 26
0 3201 30
0 3202 26
0 3203 30
0 3204 26
0 3205 30
0 3206 25
0 3207 30
0 3208 26
0 3209 29
0 3210 26
0 3211 29
0 3212 26
0 3213 30
0 3214 26
0 3215 30
0 3216 26
0 3217 29
0 3218 26
0 3219 28
0 3220 26
0 3221 30
0 3222 25
0 3223 30
0 3224 25
0 3225 30
0 3226 26
0 3227 29
0 3228 26
0 3229 28
0 3230 26
0 3231 28
0 3232 26
0 3233 29
0 3234 26
0 3235 30
0 3236 26
0 3237 28
0 3238 26
0 3239 27
0 3240 26
0 3241 29
0 3242 26
0 3243 30
0 3244 26
0 3245 30
0 3246 26
0 3247 29
0 3248 26
0 3249 28
0 3250 26
0 3251 28
0 3252 26
0 3253 28
0 3254 26
0 3255 30
0 3256 26
0 3257 28
0 3258 26
0 3259 28
0 3260 26
0 3261 30
0 3262 26
0 3263 30
0 3264 26
0 3265 30
0 3266 26
0 3267 28
0 3268 26
0 3269 28
0 3270 26
0 3271 28
0 3272 26
0 3273 30
0 3274 26
0 3275 30
0 3276 26
0 3277 28
0 3278 26
0 3279 28
0 3280 26
0 3281 29
0 3282 26
0 3283 30
0 3284 25
0 3285 30
0 3286 25
0 3287 30
0 3288 26
0 3289 29
0 3290 26
0 3291 30
0 3292 26
0 3293 30
0 3294 26
0 3295 30
0 3296 26
0 3297 29
0 3298 26
0 3299 28
0 3300 26
0 3301 30
0 3302 25
0 3303 29
0 3304 26
0 3305 29
0 3306 26
0 3307 30
0 3308 26
0 3309 30
0 3310 26
0 3311 30
0 3312 26
0 3313 30
0 3314 26
0 3315 30
0 3316 26
0 3317 29
0 3318 26
0 3319 28
0 3320 26
0 3321 30
0 3322 25
0 3323 30
0 3324 25
0 3325 30
0 3326 26
0 3327 29
0 3328 26
0 3329 28
0 3330 26
0 3331 28
0 3332 26
0 3333 28
0 3334 26
0 3335 30
0 3336 26
0 3337 28
0 3338 26
0 3339 28
0 3340 26
0 3341 29
0 3342 26
0 3343 30
0 3344 26
0 3345 30
0 3346 26
0 3347 28
0 3348 26
0 3349 28
0 3350 26
0 3351 28
0 3352 26
0 3353 30
0 3354 26
0 3355 30
0 3356 26
0 3357 28
0 3358 26
0 3359 28
0 3360 26
0 3361 30
0 3362 26
0 3363 30
0 3364 26
0 3365 29
0 3366 26
0 3367 29
0 3368 26
0 3369 28
0 3370 26
0 3371 28
0 3372 26
0 3373 30
0 3374 26
0 3375 30
0 3376 26
0 3377 29
0 3378 26
0 3379 28
0 3380 26
0 3381 30
0 3382 25
0 3383 30
0 3384 26
0 3385 30
0 3386 25
0 3387 30
0 3388 26
0 3389 29
0 3390 26
0 3391 30
0 3392 26
0 3393 30
0 3394 26
0 3395 30
0 3396 26
0 3397 29
0 3398 26
0 3399 29
0 3400 26
0 3401 30
0 3402 25
0 3403 29
0 3404 26
0 3405 29
0 3406 26
0 3407 30
0 3408 26
0 3409 30
0 3410 26
0 3411 30
0 3412 26
0 3413 30
0 3414 26
0 3415 30
0 3416 26
0 3417 29
0 3418 26
0 3419 28
0 3420 26
0 3421 30
0 3422 25
0 3423 29
0 3424 26
0 3425 30
0 3426 26
0 3427 29
0 3428 26
0 3429 28
0 3430 26
0 3431 28
0 3432 26
0 3433 30
0 3434 26
0 3435 30
0 3436 26
0 3437 29
0 3438 26
0 3439 28
0 3440 26
0 3441 30
0 3442 26
0 3443 30
0 3444 26
0 3445 30
0 3446 26
0 3447 30
0 3448 26
0 3449 28
0 3450 26
0 3451 28
0 3452 26
0 3453 30
0 3454 26
0 3455 30
0 3456 26
0 3457 28
0 3458 25
0 3459 27
0 3460 26
0 3461 29
0 3462 26
0 3463 30
0 3464 25
0 3465 30
0 3466 26
0 3467 29
0 3468 26
0 3469 28
0 3470 26
0 3471 28
0 3472 26
0 3473 30
0 3474 26
0 3475 30
0 3476 26
0 3477 29
0 3478 26
0 3479 28
0 3480 26
0 3481 30
0 3482 25
0 3483 29
0 3484 26
0 3485 30
0 3486 26
0 3487 30
0 3488 25
0 3489 30
0 3490 26
0 3491 29
0 3492 26
0 3493 30
0 3494 25
0 3495 30
0 3496 26
0 3497 30
0 3498 26
0 3499 30
0 3500 26
0 3501 30
0 3502 26
0 3503 29
0 3504 26
0 3505 29
0 3506 26
0 3507 30
0 3508 26
0 3509 30
0 3510 26
0 3511 30
0 3512 26
0 3513 30
0 3514 25
0 3515 30
0 3516 26
0 3517 30
0 3518 26
0 3519 29
0 3520 26
0 3521 30
0 3522 25
0 3523 30
0 3524 26
0 3525 30
0 3526 26
0 3527 30
0 3528 26
0 3529 28
0 3530 26
0 3531 28
0 3532 26
0 3533 30
0 3534 26
0 3535 30
0 3536 26
0 3537 28
0 3538 26
0 3539 28
0 3540 26
0 3541 30
0 3542 26
0 3543 30
0 3544 26
0 3545 30
0 3546 26
0 3547 29
0 3548 26
0 3549 28
0 3550 26
0 3551 28
0 3552 26
0 3553 30
0 3554 26
0 3555 30
0 3556 26
0 3557 28
0 3558 26
0 3559 28
0 3560 26
0 3561 30
0 3562 26
0 3563 30
0 3564 26
0 3565 30
0 3566 26
0 3567 30
0 3568 26
0 3569 29
0 3570 26
0 3571 28
0 3572 26
0 3573 30
0 3574 25
0 3575 30
0 3576 26
0 3577 29
0 3578 26
0 3579 28
0 3580 26
0 3581 30
0 3582 25
0 3583 30
0 3584 26
0 3585 30
0 3586 25
0 3587 29
0 3588 26
0 3589 30
0 3590 26
0 3591 30
0 3592 26
0 3593 30
0 3594 25
0 3595 30
0 3596 26
0 3597 30
0 3598 26
0 3599 29
0 3600 26
0 3601 30
0 3602 25
0 3603 29
0 3604 26
0 3605 29
0 3606 26
0 3607 30
0 3608 26
0 3609 30
0 3610 26
0 3611 30
0 3612 26
0 3613 30
0 3614 25
0 3615 30
0 3616 26
0 3617 29
0 3618 26
0 3619 28
0 3620 26
0 3621 30
0 3622 25
0 3623 30
0 3624 26
0 3625 30
0 3626 26
0 3627 30
0 3628 26
0 3629 29
0 3630 26
0 3631 28
0 3632 26
0 3633 30
0 3634 26
0 3635 30
0 3636 26
0 3637 28
0 3638 26
0 3639 28
0 3640 26
0 3641 30
0 3642 26
0 3643 30
0 3644 25
0 3645 30
0 3646 26
0 3647 29
0 3648 26
0 3649 28
0 3650 26
0 3651 28
0 3652 26
0 3653 29
0 3654 26
0 3655 30
0 3656 26
0 3657 29
0 3658 26
0 3659 28
0 3660 26
0 3661 30
0 3662 25
0 3663 30
0 3664 26
0 3665 30
0 3666 26
0 3667 30
0 3668 26
0 3669 29
0 3670 26
0 3671 29
0 3672 26
0 3673 30
0 3674 26
0 3675 30
0 3676 26
0 3677 30
0 3678 26
0 3679 30
0 3680 26
0 3681 30
0 3682 25
0 3683 30
0 3684 26
0 3685 30
0 3686 26
0 3687 30
0 3688 25
0 3689 30
0 3690 26
0 3691 30
0 3692 25
0 3693 30
0 3694 26
0 3695 29
0 3696 26
0 3697 30
0 3698 26
0 3699 30
0 3700 26
0 3701 30
0 3702 26
0 3703 29
0 3704 26
0 3705 29
0 3706 26
0 3707 29
0 3708 26
0 3709 30
0 3710 26
0 3711 30
0 3712 25
0 3713 30
0 3714 26
0 3715 30
0 3716 26
0 3717 29
0 3718 26
0 3719 28
0 3720 26
0 3721 30
0 3722 25
0 3723 29
0 3724 26
0 3725 30
0 3726 26
0 3727 30
0 3728 26
0 3729 30
0 3730 26
0 3731 28
0 3732 26
0 3733 30
0 3734 26
0 3735 30
0 3736 26
0 3737 29
0 3738 26
0 3739 28
0 3740 26
0 3741 30
0 3742 25
0 3743 30
0 3744 25
0 3745 30
0 3746 26
0 3747 29
0 3748 26
0 3749 28
0 3750 26
0 3751 28
0 3752 26
0 3753 30
0 3754 26
0 3755 30
0 3756 26
0 3757 29
0 3758 26
0 3759 28
0 3760 26
0 3761 30
0 3762 25
0 3763 30
0 3764 25
0 3765 30
0 3766 26
0 3767 30
0 3768 26
0 3769 30
0 3770 26
0 3771 30
0 3772 26
0 3773 30
0 3774 26
0 3775 30
0 3776 26
0 3777 30
0 3778 26
0 3779 28
0 3780 26
0 3781 30
0 3782 25
0 3783 29
0 3784 27
0 3785 29
0 3786 26
0 3787 29
0 3788 26
0 3789 30
0 3790 25
0 3791 30
0 3792 25
0 3793 30
0 3794 26
0 3795 29
0 3796 25
0 3797 30
0 3798 26
0 3799 30
0 3800 25
0 3801 30
0 3802 26
0 3803 29
0 3804 26
0 3805 29
0 3806 26
0 3807 29
0 3808 26
0 3809 30
0 3810 26
0 3811 29
0 3812 26
0 3813 30
0 3814 25
0 3815 30
0 3816 26
0 3817 29
0 3818 26
0 3819 30
0 3820 26
0 3821 30
0 3822 26
0 3823 30
0 3824 26
0 3825 30
0 3826 25
0 3827 29
0 3828 26
0 3829 28
0 3830 26
0 3831 30
0 3832 26
0 3833 30
0 3834 26
0 3835 30
0 3836 26
0 3837 29
0 3838 26
0 3839 28
0 3840 26
0 3841 30
0 3842 26
0 3843 30
0 3844 26
0 3845 30
0 3846 26
0 3847 30
0 3848 26
0 3849 29
0 3850 26
0 3851 28
0 3852 26
0 3853 30
0 3854 26
0 3855 30
0 3856 26
0 3857 29
0 3858 26
0 3859 28
0 3860 26
0 3861 30
0 3862 25
0 3863 30
0 3864 26
0 3865 29
0 3866 26
0 3867 30
0 3868 26
0 3869 30
0 3870 26
0 3871 30
0 3872 26
0 3873 30
0 3874 26
0 3875 30
0 3876 26
0 3877 30
0 3878 26
0 3879 29
0 3880 25
0 3881 30
0 3882 27
0 3883 29
0 3884 26
0 3885 29
0 3886 26
0 3887 29
0 3888 26
0 3889 30
0 3890 25
0 3891 30
0 3892 25
0 3893 30
0 3894 26
0 3895 29
0 3896 26
0 3897 30
0 3898 26
0 3899 30
0 3900 25
0 3901 30
0 3902 26
0 3903 29
0 3904 26
0 3905 29
0 3906 26
0 3907 30
0 3908 26
0 3909 30
0 3910 26
0 3911 30
0 3912 26
0 3913 30
0 3914 26
0 3915 30
0 3916 26
0 3917 29
0 3918 26
0 3919 29
0 3920 26
0 3921 30
0 3922 25
0 3923 30
0 3924 26
0 3925 30
0 3926 26
0 3927 30
0 3928 26
0 3929 29
0 3930 26
0 3931 28
0 3932 26
0 3933 30
0 3934 26
0 3935 30
0 3936 26
0 3937 29
0 3938 26
0 3939 28
0 3940 26
0 3941 30
0 3942 25
0 3943 30
0 3944 26
0 3945 30
0 3946 26
0 3947 29
0 3948 26
0 3949 29
0 3950 26
0 3951 30
0 3952 26
0 3953 30
0 3954 26
0 3955 30
0 3956 26
0 3957 29
0 3958 26
0 3959 28
0 3960 26
0 3961 30
0 3962 25
0 3963 29
0 3964 26
0 3965 29
0 3966 26
0 3967 30
0 3968 26
0 3969 30
0 3970 26
0 3971 28
0 3972 26
0 3973 30
0 3974 26
0 3975 30
0 3976 26
0 3977 29
0 3978 26
0 3979 28
0 3980 26
0 3981 30
0 3982 26
0 3983 29
0 3984 26
0 3985 29
0 3986 26
0 3987 29
0 3988 26
0 3989 30
0 3990 26
0 3991 30
0 3992 25
0 3993 30
0 3994 26
0 3995 29
0 3996 25
0 3997 30
0 3998 26
0 3999 29
0 4000 25
0 4001 30
0 4002 25
0 4003 29
0 4004 26
0 4005 29
0 4006 26
0 4007 30
0 4008 26
0 4009 30
0 4010 26
0 4011 30
0 4012 26
0 4013 30
0 4014 26
0 4015 30
0 4016 26
0 4017 29
0 4018 26
0 4019 28
0 4020 26
0 4021 30
0 4022 25
0 4023 30
0 4024 26
0 4025 30
0 4026 25
0 4027 30
0 4028 26
0 4029 29
0 4030 26
0 4031 29
0 4032 26
0 4033 30
0 4034 26
0 4035 30
0 4036 26
0 4037 29
0 4038 26
0 4039 28
0 4040 26
0 4041 30
0 4042 25
0 4043 30
0 4044 25
0 4045 30
0 4046 26
0 4047 30
0 4048 26
0 4049 29
0 4050 26
0 4051 28
0 4052 26
0 4053 30
0 4054 26
0 4055 30
0 4056 26
0 4057 29
0 4058 26
0 4059 28
0 4060 26
0 4061 30
0 4062 26
0 4063 29
0 4064 26
0 4065 29
0 4066 26
0 4067 30
0 4068 26
0 4069 30
0 4070 26
0 4071 30
0 4072 25
0 4073 30
0 4074 25
0 4075 29
0 4076 26
0 4077 30
0 4078 26
0 4079 30
0 4080 25
0 4081 30
0 4082 27
0 4083 29
0 4084 26
0 4085 29
0 4086 26
0 4087 29
0 4088 26
0 4089 30
0 4090 26
0 4091 30
0 4092 26
0 4093 30
0 4094 26
0 4095 29
0 4096 26
0 4097 30
0 4098 26
0 4099 28
0 4100 26
0 4101 30
0 4102 25
0 4103 29
0 4104 26
0 4105 29
0 4106 26
0 4107 29
0 4108 26
0 4109 30
0 4110 26
0 4111 30
0 4112 26
0 4113 30
0 4114 25
0 4115 30
0 4116 26
0 4117 29
0 4118 26
0 4119 29
0 4120 26
0 4121 30
0 4122 25
0 4123 30
0 4124 26
0 4125 30
0 4126 26
0 4127 30
0 4128 26
0 4129 30
0 4130 26
0 4131 28
0 4132 26
0 4133 30
0 4134 26
0 4135 30
0 4136 26
0 4137 29
0 4138 26
0 4139 28
0 4140 26
0 4141 30
0 4142 25
0 4143 29
0 4144 26
0 4145 30
0 4146 26
0 4147 30
0 4148 26
0 4149 30
0 4150 26
0 4151 29
0 4152 26
0 4153 30
0 4154 26
0 4155 30
0 4156 26
0 4157 30
0 4158 26
0 4159 30
0 4160 26
0 4161 30
0 4162 25
0 4163 29
0 4164 26
0 4165 29
0 4166 26
0 4167 29
0 4168 26
0 4169 30
0 4170 25
0 4171 30
0 4172 25
0 4173 30
0 4174 26
0 4175 29
0 4176 26
0 4177 30
0 4178 26
0 4179 29
0 4180 26
0 4181 30
0 4182 26
0 4183 29
0 4184 26
0 4185 29
0 4186 27
0 4187 29
0 4188 26
0 4189 30
0 4190 26
0 4191 30
0 4192 26
0 4193 30
0 4194 26
0 4195 29
0 4196 26
0 4197 30
0 4198 26
0 4199 30
0 4200 25
0 4201 30
0 4202 26
0 4203 29
0 4204 26
0 4205 29
0 4206 26
0 4207 30
0 4208 26
0 4209 30
0 4210 26
0 4211 30
0 4212 26
0 4213 30
0 4214 25
0 4215 30
0 4216 26
0 4217 29
0 4218 26
0 4219 29
0 4220 26
0 4221 30
0 4222 26
0 4223 30
0 4224 26
0 4225 30
0 4226 26
0 4227 29
0 4228 26
0 4229 28
0 4230 26
0 4231 30
0 4232 26
0 4233 30
0 4234 26
0 4235 30
0 4236 26
0 4237 29
0 4238 26
0 4239 28
0 4240 26
0 4241 30
0 4242 25
0 4243 29
0 4244 26
0 4245 29
0 4246 26
0 4247 30
0 4248 26
0 4249 30
0 4250 26
0 4251 30
0 4252 26
0 4253 30
0 4254 25
0 4255 30
0 4256 26
0 4257 30
0 4258 26
0 4259 28
0 4260 26
0 4261 30
0 4262 26
0 4263 29
0 4264 26
0 4265 29
0 4266 26
0 4267 29
0 4268 26
0 4269 30
0 4270 26
0 4271 30
0 4272 25
0 4273 30
0 4274 26
0 4275 29
0 4276 25
0 4277 30
0 4278 26
0 4279 30
0 4280 25
0 4281 30
0 4282 26
0 4283 29
0 4284 26
0 4285 29
0 4286 27
0 4287 29
0 4288 26
0 4289 30
0 4290 25
0 4291 30
0 4292 25
0 4293 30
0 4294 26
0 4295 29
0 4296 26
0 4297 30
0 4298 26
0 4299 30
0 4300 26
0 4301 30
0 4302 26
0 4303 29
0 4304 26
0 4305 29
0 4306 26
0 4307 30
0 4308 26
0 4309 30
0 4310 26
0 4311 30
0 4312 26
0 4313 30
0 4314 25
0 4315 30
0 4316 26
0 4317 30
0 4318 26
0 4319 28
0 4320 26
0 4321 30
0 4322 25
0 4323 30
0 4324 25
0 4325 30
0 4326 26
0 4327 30
0 4328 26
0 4329 30
0 4330 26
0 4331 28
0 4332 26
0 4333 30
0 4334 26
0 4335 30
0 4336 26
0 4337 29
0 4338 26
0 4339 28
0 4340 26
0 4341 30
0 4342 25
0 4343 30
0 4344 26
0 4345 30
0 4346 26
0 4347 30
0 4348 26
0 4349 30
0 4350 26
0 4351 30
0 4352 26
0 4353 30
0 4354 26
0 4355 30
0 4356 26
0 4357 29
0 4358 26
0 4359 29
0 4360 26
0 4361 30
0 4362 26
0 4363 29
0 4364 26
0 4365 29
0 4366 26
0 4367 29
0 4368 26
0 4369 30
0 4370 25
0 4371 30
0 4372 25
0 4373 30
0 4374 26
0 4375 29
0 4376 26
0 4377 29
0 4378 26
0 4379 30
0 4380 25
0 4381 30
0 4382 27
0 4383 29
0 4384 26
0 4385 29
0 4386 26
0 4387 29
0 4388 26
0 4389 30
0 4390 25
0 4391 30
0 4392 25
0 4393 30
0 4394 26
0 4395 29
0 4396 25
0 4397 30
0 4398 26
0 4399 30
0 4400 25
0 4401 30
0 4402 26
0 4403 29
0 4404 26
0 4405 29
0 4406 26
0 4407 30
0 4408 26
0 4409 30
0 4410 26
0 4411 30
0 4412 26
0 4413 30
0 4414 25
0 4415 30
0 4416 26
0 4417 30
0 4418 26
0 4419 28
0 4420 26
0 4421 30
0 4422 25
0 4423 29
0 4424 26
0 4425 30
0 4426 26
0 4427 30
0 4428 26
0 4429 30
0 4430 26
0 4431 30
0 4432 26
0 4433 30
0 4434 26
0 4435 30
0 4436 26
0 4437 30
0 4438 26
0 4439 28
0 4440 26
0 4441 30
0 4442 25
0 4443 30
0 4444 26
0 4445 30
0 4446 26
0 4447 30
0 4448 26
0 4449 30
0 4450 26
0 4451 29
0 4452 26
0 4453 30
0 4454 25
0 4455 30
0 4456 25
0 4457 30
0 4458 26
0 4459 29
0 4460 26
0 4461 30
0 4462 27
0 4463 29
0 4464 26
0 4465 29
0 4466 26
0 4467 29
0 4468 26
0 4469 30
0 4470 25
0 4471 30
0 4472 26
0 4473 29
0 4474 26
0 4475 29
0 4476 26
0 4477 29
0 4478 25
0 4479 30
0 4480 26
0 4481 30
0 4482 27
0 4483 29
0 4484 26
0 4485 29
0 4486 26
0 4487 29
0 4488 26
0 4489 30
0 4490 26
0 4491 30
0 4492 25
0 4493 30
0 4494 26
0 4495 29
0 4496 26
0 4497 30
0 4498 26
0 4499 28
0 4500 26
0 4501 30
0 4502 26
0 4503 29
0 4504 25
0 4505 29
0 4506 26
0 4507 29
0 4508 25
0 4509 30
0 4510 26
0 4511 30
0 4512 26
0 4513 30
0 4514 26
0 4515 30
0 4516 26
0 4517 29
0 4518 26
0 4519 28
0 4520 26
0 4521 30
0 4522 25
0 4523 29
0 4524 26
0 4525 30
0 4526 26
0 4527 30
0 4528 26
0 4529 29
0 4530 26
0 4531 29
0 4532 26
0 4533 30
0 4534 26
0 4535 30
0 4536 26
0 4537 29
0 4538 26
0 4539 28
0 4540 26
0 4541 30
0 4542 25
0 4543 29
0 4544 26
0 4545 29
0 4546 26
0 4547 30
0 4548 26
0 4549 30
0 4550 26
0 4551 30
0 4552 26
0 4553 30
0 4554 26
0 4555 29
0 4556 26
0 4557 30
0 4558 26
0 4559 30
0 4560 25
0 4561 30
0 4562 26
0 4563 29
0 4564 26
0 4565 29
0 4566 26
0 4567 29
0 4568 26
0 4569 29
0 4570 26
0 4571 30
0 4572 26
0 4573 29
0 4574 26
0 4575 29
0 4576 26
0 4577 30
0 4578 26
0 4579 30
0 4580 25
0 4581 30
0 4582 27
0 4583 29
0 4584 26
0 4585 29
0 4586 26
0 4587 29
0 4588 26
0 4589 30
0 4590 25
0 4591 30
0 4592 26
0 4593 30
0 4594 26
0 4595 29
0 4596 26
0 4597 30
0 4598 26
0 4599 29
0 4600 25
0 4601 30
0 4602 25
0 4603 29
0 4604 26
0 4605 29
0 4606 26
0 4607 30
0 4608 25
0 4609 30
0 4610 26
0 4611 28
0 4612 26
0 4613 30
0 4614 26
0 4615 30
0 4616 26
0 4617 29
0 4618 26
0 4619 28
0 4620 26
0 4621 30
0 4622 25
0 4623 30
0 4624 26
0 4625 30
0 4626 25
0 4627 30
0 4628 26
0 4629 29
0 4630 26
0 4631 30
0 4632 26
0 4633 30
0 4634 26
0 4635 30
0 4636 26
0 4637 29
0 4638 26
0 4639 28
0 4640 26
0 4641 30
0 4642 25
0 4643 30
0 4644 26
0 4645 30
0 4646 26
0 4647 30
0 4648 26
0 4649 30
0 4650 26
0 4651 30
0 4652 26
0 4653 30
0 4654 25
0 4655 29
0 4656 26
0 4657 30
0 4658 26
0 4659 30
0 4660 26
0 4661 30
0 4662 27
0 4663 29
0 4664 25
0 4665 29
0 4666 26
0 4667 29
0 4668 26
0 4669 30
0 4670 26
0 4671 30
0 4672 26
0 4673 29
0 4674 26
0 4675 29
0 4676 25
0 4677 30
0 4678 26
0 4679 30
0 4680 25
0 4681 30
0 4682 27
0 4683 29
0 4684 25
0 4685 29
0 4686 26
0 4687 29
0 4688 26
0 4689 30
0 4690 25
0 4691 30
0 4692 25
0 4693 30
0 4694 25
0 4695 29
0 4696 25
0 4697 30
0 4698 26
0 4699 28
0 4700 26
0 4701 30
0 4702 26
0 4703 29
0 4704 26
0 4705 29
0 4706 26
0 4707 30
0 4708 26
0 4709 29
0 4710 26
0 4711 30
0 4712 26
0 4713 30
0 4714 25
0 4715 30
0 4716 26
0 4717 29
0 4718 26
0 4719 30
0 4720 26
0 4721 30
0 4722 25
0 4723 30
0 4724 25
0 4725 30
0 4726 25
0 4727 30
0 4728 26
0 4729 30
0 4730 26
0 4731 30
0 4732 26
0 4733 30
0 4734 26
0 4735 30
0 4736 26
0 4737 30
0 4738 26
0 4739 28
0 4740 26
0 4741 30
0 4742 25
0 4743 30
0 4744 26
0 4745 29
0 4746 26
0 4747 30
0 4748 25
0 4749 30
0 4750 26
0 4751 30
0 4752 25
0 4753 30
0 4754 26
0 4755 29
0 4756 26
0 4757 30
0 4758 26
0 4759 30
0 4760 25
0 4761 30
0 4762 27
0 4763 29
0 4764 26
0 4765 29
0 4766 26
0 4767 29
0 4768 26
0 4769 30
0 4770 26
0 4771 30
0 4772 26
0 4773 29
0 4774 26
0 4775 29
0 4776 26
0 4777 29
0 4778 26
0 4779 30
0 4780 25
0 4781 30
0 4782 26
0 4783 29
0 4784 27
0 4785 29
0 4786 26
0 4787 29
0 4788 26
0 4789 30
0 4790 26
0 4791 30
0 4792 25
0 4793 30
0 4794 26
0 4795 29
0 4796 26
0 4797 30
0 4798 26
0 4799 30
0 4800 25
0 4801 30
0 4802 25
0 4803 30
0 4804 25
0 4805 30
0 4806 26
0 4807 30
0 4808 26
0 4809 30
0 4810 26
0 4811 29
0 4812 26
0 4813 30
0 4814 26
0 4815 30
0 4816 26
0 4817 29
0 4818 26
0 4819 28
0 4820 26
0 4821 30
0 4822 25
0 4823 30
0 4824 26
0 4825 30
0 4826 26
0 4827 30
0 4828 26
0 4829 30
0 4830 26
0 4831 30
0 4832 26
0 4833 30
0 4834 26
0 4835 30
0 4836 26
0 4837 29
0 4838 26
0 4839 29
0 4840 26
0 4841 30
0 4842 26
0 4843 29
0 4844 26
0 4845 29
0 4846 26
0 4847 30
0 4848 26
0 4849 30
0 4850 26
0 4851 30
0 4852 26
0 4853 30
0 4854 26
0 4855 29
0 4856 25
0 4857 30
0 4858 26
0 4859 30
0 4860 25
0 4861 30
0 4862 26
0 4863 29
0 4864 26
0 4865 29
0 4866 26
0 4867 29
0 4868 26
0 4869 30
0 4870 25
0 4871 30
0 4872 26
0 4873 29
0 4874 26
0 4875 29
0 4876 26
0 4877 29
0 4878 26
0 4879 30
0 4880 25
0 4881 30
0 4882 27
0 4883 29
0 4884 26
0 4885 29
0 4886 26
0 4887 29
0 4888 26
0 4889 30
0 4890 25
0 4891 30
0 4892 25
0 4893 30
0 4894 25
0 4895 29
0 4896 25
0 4897 29
0 4898 26
0 4899 28
0 4900 26
0 4901 30
0 4902 25
0 4903 29
0 4904 26
0 4905 29
0 4906 26
0 4907 30
0 4908 26
0 4909 29
0 4910 26
0 4911 30
0 4912 26
0 4913 30
0 4914 26
0 4915 30
0 4916 26
0 4917 30
0 4918 26
0 4919 28
0 4920 26
0 4921 30
0 4922 25
0 4923 30
0 4924 26
0 4925 30
0 4926 26
0 4927 30
0 4928 26
0 4929 30
0 4930 26
0 4931 28
0 4932 26
0 4933 30
0 4934 26
0 4935 30
0 4936 26
0 4937 29
0 4938 26
0 4939 28
0 4940 26
0 4941 30
0 4942 26
0 4943 29
0 4944 26
0 4945 29
0 4946 26
0 4947 30
0 4948 26
0 4949 30
0 4950 26
0 4951 30
0 4952 25
0 4953 30
0 4954 26
0 4955 29
0 4956 25
0 4957 30
0 4958 26
0 4959 30
0 4960 25
0 4961 30
0 4962 27
0 4963 29
0 4964 26
0 4965 29
0 4966 26
0 4967 29
0 4968 26
0 4969 30
0 4970 26
0 4971 30
0 4972 26
0 4973 30
0 4974 26
0 4975 29
0 4976 26
0 4977 30
0 4978 26
0 4979 30
0 4980 26
0 4981 30
0 4982 26
0 4983 29
0 4984 27
0 4985 29
0 4986 26
0 4987 30
0 4988 25
0 4989 30
0 4990 26
0 4991 30
0 4992 26
0 4993 30
0 4994 26
0 4995 30
0 4996 26
0 4997 29
0 4998 26
0 4999 28
0 5000 26
0 5001 30
0 5002 25
0 5003 30
0 5004 26
0 5005 30
0 5006 25
0 5007 30
0 5008 26
0 5009 29
0 5010 26
0 5011 29
0 5012 26
0 5013 30
0 5014 26
0 5015 30
0 5016 26
0 5017 29
0 5018 26
0 5019 28
0 5020 26
0 5021 30
0 5022 25
0 5023 29
0 5024 26
0 5025 29
0 5026 25
0 5027 29
0 5028 26
0 5029 29
0 5030 26
0 5031 30
0 5032 26
0 5033 30
0 5034 26
0 5035 30
0 5036 26
0 5037 30
0 5038 26
0 5039 29
0 5040 26
0 5041 30
0 5042 25
0 5043 29
0 5044 26
0 5045 29
0 5046 26
0 5047 30
0 5048 26
0 5049 30
0 5050 25
0 5051 30
0 5052 25
0 5053 30
0 5054 26
0 5055 29
0 5056 26
0 5057 30
0 5058 26
0 5059 30
0 5060 26
0 5061 30
0 5062 27
0 5063 29
0 5064 26
0 5065 29
0 5066 27
0 5067 29
0 5068 26
0 5069 30
0 5070 26
0 5071 30
0 5072 26
0 5073 30
0 5074 26
0 5075 29
0 5076 26
0 5077 30
0 5078 26
0 5079 30
0 5080 25
0 5081 30
0 5082 26
0 5083 29
0 5084 26
0 5085 29
0 5086 26
0 5087 29
0 5088 26
0 5089 30
0 5090 26
0 5091 30
0 5092 26
0 5093 30
0 5094 26
0 5095 30
0 5096 26
0 5097 30
0 5098 26
0 5099 28
0 5100 26
0 5101 30
0 5102 25
0 5103 29
0 5104 26
0 5105 29
0 5106 26
0 5107 30
0 5108 26
0 5109 30
0 5110 26
0 5111 29
0 5112 26
0 5113 30
0 5114 26
0 5115 30
0 5116 26
0 5117 29
0 5118 26
0 5119 30
0 5120 26
0 5121 30
0 5122 25
0 5123 30
0 5124 26
0 5125 30
0 5126 26
0 5127 30
0 5128 26
0 5129 29
0 5130 26
0 5131 29
0 5132 26
0 5133 30
0 5134 26
0 5135 30
0 5136 26
0 5137 29
0 5138 26
0 5139 28
0 5140 26
0 5141 30
0 5142 25
0 5143 29
0 5144 26
0 5145 29
0 5146 26
0 5147 30
0 5148 26
0 5149 30
0 5150 26
0 5151 30
0 5152 25
0 5153 30
0 5154 26
0 5155 29
0 5156 26
0 5157 30
0 5158 26
0 5159 30
0 5160 26
0 5161 30
0 5162 27
0 5163 29
0 5164 26
0 5165 29
0 5166 26
0 5167 29
0 5168 26
0 5169 30
0 5170 26
0 5171 30
0 5172 25
0 5173 30
0 5174 26
0 5175 29
0 5176 26
0 5177 30
0 5178 26
0 5179 29
0 5180 26
0 5181 30
0 5182 26
0 5183 29
0 5184 26
0 5185 29
0 5186 26
0 5187 30
0 5188 26
0 5189 29
0 5190 26
0 5191 30
0 5192 26
0 5193 30
0 5194 26
0 5195 30
0 5196 26
0 5197 29
0 5198 26
0 5199 28
0 5200 26
0 5201 30
0 5202 25
0 5203 30
0 5204 25
0 5205 30
0 5206 25
0 5207 30
0 5208 26
0 5209 29
0 5210 26
0 5211 28
0 5212 26
0 5213 30
0 5214 26
0 5215 30
0 5216 26
0 5217 29
0 5218 26
0 5219 28
0 5220 26
0 5221 30
0 5222 25
0 5223 30
0 5224 26
0 5225 29
0 5226 26
0 5227 30
0 5228 26
0 5229 30
0 5230 26
0 5231 30
0 5232 26
0 5233 30
0 5234 26
0 5235 30
0 5236 26
0 5237 29
0 5238 26
0 5239 29
0 5240 26
0 5241 30
0 5242 26
0 5243 29
0 5244 26
0 5245 29
0 5246 26
0 5247 29
0 5248 26
0 5249 30
0 5250 26
0 5251 29
0 5252 26
0 5253 30
0 5254 25
0 5255 29
0 5256 25
0 5257 30
0 5258 26
0 5259 30
0 5260 25
0 5261 30
0 5262 26
0 5263 29
0 5264 26
0 5265 29
0 5266 26
0 5267 29
0 5268 26
0 5269 30
0 5270 25
0 5271 30
0 5272 26
0 5273 30
0 5274 26
0 5275 29
0 5276 25
0 5277 30
0 5278 26
0 5279 30
0 5280 25
0 5281 30
0 5282 25
0 5283 29
0 5284 26
0 5285 30
0 5286 26
0 5287 30
0 5288 25
0 5289 30
0 5290 26
0 5291 29
0 5292 26
0 5293 30
0 5294 26
0 5295 30
0 5296 26
0 5297 29
0 5298 26
0 5299 28
0 5300 26
0 5301 30
0 5302 25
0 5303 30
0 5304 26
0 5305 30
0 5306 25
0 5307 30
0 5308 26
0 5309 29
0 5310 26
0 5311 30
0 5312 26
0 5313 30
0 5314 26
0 5315 30
0 5316 26
0 5317 29
0 5318 26
0 5319 28
0 5320 26
0 5321 30
0 5322 25
0 5323 29
0 5324 26
0 5325 29
0 5326 26
0 5327 30
0 5328 26
0 5329 30
0 5330 26
0 5331 29
0 5332 26
0 5333 30
0 5334 26
0 5335 30
0 5336 26
0 5337 30
0 5338 26
0 5339 30
0 5340 26
0 5341 30
0 5342 26
0 5343 29
0 5344 27
0 5345 29
0 5346 26
0 5347 29
0 5348 26
0 5349 30
0 5350 25
0 5351 30
0 5352 25
0 5353 30
0 5354 26
0 5355 29
0 5356 26
0 5357 30
0 5358 26
0 5359 30
0 5360 25
0 5361 30
0 5362 26
0 5363 29
0 5364 25
0 5365 29
0 5366 27
0 5367 29
0 5368 26
0 5369 29
0 5370 26
0 5371 30
0 5372 26
0 5373 29
0 5374 26
0 5375 29
0 5376 26
0 5377 30
0 5378 26
0 5379 28
0 5380 26
0 5381 30
0 5382 25
0 5383 30
0 5384 26
0 5385 29
0 5386 26
0 5387 30
0 5388 26
0 5389 30
0 5390 26
0 5391 30
0 5392 26
0 5393 30
0 5394 26
0 5395 30
0 5396 26
0 5397 29
0 5398 26
0 5399 28
0 5400 26
0 5401 30
0 5402 25
0 5403 30
0 5404 26
0 5405 30
0 5406 25
0 5407 30
0 5408 26
0 5409 30
0 5410 26
0 5411 28
0 5412 26
0 5413 30
0 5414 26
0 5415 30
0 5416 26
0 5417 29
0 5418 26
0 5419 28
0 5420 26
0 5421 30
0 5422 25
0 5423 29
0 5424 26
0 5425 29
0 5426 26
0 5427 30
0 5428 25
0 5429 30
0 5430 26
0 5431 30
0 5432 26
0 5433 30
0 5434 25
0 5435 29
0 5436 26
0 5437 30
0 5438 26
0 5439 29
0 5440 25
0 5441 30
0 5442 25
0 5443 29
0 5444 26
0 5445 29
0 5446 26
0 5447 29
0 5448 26
0 5449 30
0 5450 25
0 5451 30
0 5452 25
0 5453 30
0 5454 26
0 5455 29
0 5456 26
0 5457 29
0 5458 26
0 5459 30
0 5460 26
0 5461 30
0 5462 27
0 5463 29
0 5464 26
0 5465 29
0 5466 26
0 5467 29
0 5468 26
0 5469 30
0 5470 25
0 5471 30
0 5472 25
0 5473 30
0 5474 26
0 5475 30
0 5476 26
0 5477 30
0 5478 26
0 5479 30
0 5480 25
0 5481 30
0 5482 26
0 5483 29
0 5484 26
0 5485 29
0 5486 26
0 5487 30
0 5488 25
0 5489 30
0 5490 26
0 5491 29
0 5492 26
0 5493 30
0 5494 26
0 5495 30
0 5496 26
0 5497 29
0 5498 26
0 5499 28
0 5500 26
0 5501 30
0 5502 25
0 5503 29
0 5504 26
0 5505 30
0 5506 25
0 5507 29
0 5508 26
0 5509 28
0 5510 26
0 5511 30
0 5512 26
0 5513 30
0 5514 26
0 5515 30
0 5516 26
0 5517 29
0 5518 26
0 5519 28
0 5520 26
0 5521 30
0 5522 25
0 5523 29
0 5524 26
0 5525 30
0 5526 26
0 5527 30
0 5528 25
0 5529 30
0 5530 26
0 5531 30
0 5532 26
0 5533 30
0 5534 25
0 5535 29
0 5536 25
0 5537 30
0 5538 26
0 5539 28
0 5540 26
0 5541 30
0 5542 27
0 5543 29
0 5544 26
0 5545 29
0 5546 26
0 5547 29
0 5548 26
0 5549 30
0 5550 26
0 5551 30
0 5552 26
0 5553 29
0 5554 26
0 5555 29
0 5556 26
0 5557 30
0 5558 26
0 5559 30
0 5560 25
0 5561 30
0 5562 27
0 5563 29
0 5564 25
0 5565 29
0 5566 26
0 5567 29
0 5568 26
0 5569 30
0 5570 26
0 5571 30
0 5572 26
0 5573 30
0 5574 25
0 5575 30
0 5576 25
0 5577 29
0 5578 26
0 5579 28
0 5580 26
0 5581 30
0 5582 25
0 5583 29
0 5584 26
0 5585 29
0 5586 26
0 5587 30
0 5588 26
0 5589 30
0 5590 26
0 5591 30
0 5592 26
0 5593 30
0 5594 26
0 5595 30
0 5596 26
0 5597 29
0 5598 26
0 5599 28
0 5600 26
0 5601 30
0 5602 25
0 5603 30
0 5604 25
0 5605 30
0 5606 26
0 5607 30
0 5608 26
0 5609 29
0 5610 26
0 5611 29
0 5612 26
0 5613 30
0 5614 26
0 5615 30
0 5616 26
0 5617 29
0 5618 26
0 5619 28
0 5620 26
0 5621 30
0 5622 25
0 5623 29
0 5624 26
0 5625 29
0 5626 26
0 5627 30
0 5628 25
0 5629 30
0 5630 26
0 5631 30
0 5632 25
0 5633 30
0 5634 26
0 5635 30
0 5636 26
0 5637 30
0 5638 26
0 5639 30
0 5640 26
0 5641 30
0 5642 26
0 5643 29
0 5644 26
0 5645 29
0 5646 26
0 5647 29
0 5648 26
0 5649 30
0 5650 25
0 5651 30
0 5652 25
0 5653 30
0 5654 26
0 5655 29
0 5656 26
0 5657 30
0 5658 26
0 5659 30
0 5660 25
0 5661 30
0 5662 27
0 5663 29
0 5664 27
0 5665 29
0 5666 26
0 5667 30
0 5668 26
0 5669 30
0 5670 26
0 5671 30
0 5672 25
0 5673 30
0 5674 26
0 5675 29
0 5676 26
0 5677 30
0 5678 26
0 5679 29
0 5680 26
0 5681 30
0 5682 25
0 5683 29
0 5684 26
0 5685 29
0 5686 26
0 5687 30
0 5688 26
0 5689 30
0 5690 26
0 5691 29
0 5692 26
0 5693 30
0 5694 26
0 5695 30
0 5696 26
0 5697 29
0 5698 26
0 5699 28
0 5700 26
0 5701 30
0 5702 25
0 5703 30
0 5704 26
0 5705 30
0 5706 26
0 5707 30
0 5708 26
0 5709 29
0 5710 26
0 5711 29
0 5712 26
0 5713 30
0 5714 26
0 5715 30
0 5716 26
0 5717 29
0 5718 26
0 5719 28
0 5720 26
0 5721 30
0 5722 25
0 5723 29
0 5724 26
0 5725 29
0 5726 26
0 5727 30
0 5728 25
0 5729 30
0 5730 26
0 5731 29
0 5732 26
0 5733 30
0 5734 25
0 5735 30
0 5736 26
0 5737 30
0 5738 26
0 5739 30
0 5740 26
0 5741 30
0 5742 26
0 5743 29
0 5744 26
0 5745 29
0 5746 26
0 5747 29
0 5748 26
0 5749 30
0 5750 25
0 5751 30
0 5752 26
0 5753 30
0 5754 26
0 5755 29
0 5756 26
0 5757 30
0 5758 25
0 5759 30
0 5760 25
0 5761 30
0 5762 25
0 5763 29
0 5764 26
0 5765 29
0 5766 26
0 5767 30
0 5768 25
0 5769 30
0 5770 26
0 5771 30
0 5772 26
0 5773 30
0 5774 25
0 5775 30
0 5776 26
0 5777 29
0 5778 26
0 5779 28
0 5780 26
0 5781 30
0 5782 25
0 5783 29
0 5784 26
0 5785 29
0 5786 26
0 5787 30
0 5788 26
0 5789 29
0 5790 26
0 5791 30
0 5792 26
0 5793 30
0 5794 26
0 5795 30
0 5796 26
0 5797 29
0 5798 26
0 5799 28
0 5800 26
0 5801 30
0 5802 25
0 5803 29
0 5804 26
0 5805 30
0 5806 26
0 5807 30
0 5808 26
0 5809 30
0 5810 26
0 5811 29
0 5812 26
0 5813 30
0 5814 26
0 5815 30
0 5816 26
0 5817 30
0 5818 26
0 5819 28
0 5820 26
0 5821 30
0 5822 26
0 5823 29
0 5824 26
0 5825 29
0 5826 26
0 5827 30
0 5828 26
0 5829 30
0 5830 26
0 5831 30
0 5832 25
0 5833 30
0 5834 26
0 5835 29
0 5836 25
0 5837 30
0 5838 26
0 5839 30
0 5840 25
0 5841 30
0 5842 27
0 5843 29
0 5844 26
0 5845 29
0 5846 26
0 5847 29
0 5848 26
0 5849 30
0 5850 26
0 5851 30
0 5852 26
0 5853 29
0 5854 26
0 5855 29
0 5856 26
0 5857 30
0 5858 26
0 5859 29
0 5860 26
0 5861 30
0 5862 26
0 5863 29
0 5864 26
0 5865 29
0 5866 26
0 5867 30
0 5868 26
0 5869 30
0 5870 26
0 5871 30
0 5872 25
0 5873 30
0 5874 26
0 5875 30
0 5876 26
0 5877 30
0 5878 26
0 5879 29
0 5880 26
0 5881 30
0 5882 25
0 5883 30
0 5884 25
0 5885 30
0 5886 25
0 5887 30
0 5888 26
0 5889 30
0 5890 26
0 5891 28
0 5892 26
0 5893 30
0 5894 26
0 5895 30
0 5896 26
0 5897 29
0 5898 26
0 5899 28
0 5900 26
0 5901 30
0 5902 25
0 5903 30
0 5904 26
0 5905 30
0 5906 25
0 5907 30
0 5908 26
0 5909 29
0 5910 26
0 5911 30
0 5912 26
0 5913 30
0 5914 25
0 5915 30
0 5916 26
0 5917 30
0 5918 26
0 5919 30
0 5920 25
0 5921 30
0 5922 26
0 5923 29
0 5924 26
0 5925 29
0 5926 26
0 5927 30
0 5928 26
0 5929 30
0 5930 26
0 5931 30
0 5932 25
0 5933 30
0 5934 26
0 5935 29
0 5936 26
0 5937 30
0 5938 26
0 5939 29
0 5940 26
0 5941 30
0 5942 27
0 5943 29
0 5944 26
0 5945 29
0 5946 27
0 5947 29
0 5948 26
0 5949 30
0 5950 26
0 5951 30
0 5952 26
0 5953 30
0 5954 26
0 5955 29
0 5956 25
0 5957 30
0 5958 26
0 5959 30
0 5960 25
0 5961 30
0 5962 26
0 5963 29
0 5964 26
0 5965 29
0 5966 26
0 5967 29
0 5968 26
0 5969 30
0 5970 26
0 5971 30
0 5972 26
0 5973 30
0 5974 26
0 5975 30
0 5976 26
0 5977 29
0 5978 26
0 5979 28
0 5980 26
0 5981 30
0 5982 25
0 5983 30
0 5984 26
0 5985 30
0 5986 26
0 5987 29
0 5988 26
0 5989 29
0 5990 26
0 5991 30
0 5992 26
0 5993 30
0 5994 26
0 5995 30
0 5996 26
0 5997 29
0 5998 26
0 5999 28
0 6000 26
0 6001 30
0 6002 25
0 6003 30
0 6004 26
0 6005 30
0 6006 25
0 6007 30
0 6008 26
0 6009 29
0 6010 26
0 6011 29
0 6012 26
0 6013 30
0 6014 25
0 6015 30
0 6016 26
0 6017 29
0 6018 26
0 6019 28
0 6020 26
0 6021 30
0 6022 26
0 6023 29
0 6024 26
0 6025 29
0 6026 26
0 6027 30
0 6028 26
0 6029 30
0 6030 26
0 6031 30
0 6032 25
0 6033 30
0 6034 26
0 6035 29
0 6036 26
0 6037 30
0 6038 26
0 6039 30
0 6040 25
0 6041 30
0 6042 27
0 6043 29
0 6044 26
0 6045 29
0 6046 27
0 6047 29
0 6048 26
0 6049 30
0 6050 26
0 6051 30
0 6052 25
0 6053 30
0 6054 26
0 6055 29
0 6056 26
0 6057 30
0 6058 26
0 6059 30
0 6060 26
0 6061 30
0 6062 26
0 6063 29
0 6064 26
0 6065 29
0 6066 26
0 6067 30
0 6068 26
0 6069 30
0 6070 26
0 6071 30
0 6072 26
0 6073 30
0 6074 26
0 6075 30
0 6076 26
0 6077 29
0 6078 26
0 6079 28
0 6080 26
0 6081 30
0 6082 26
0 6083 30
0 6084 26
0 6085 30
0 6086 26
0 6087 30
0 6088 26
0 6089 29
0 6090 26
0 6091 28
0 6092 26
0 6093 30
0 6094 26
0 6095 30
0 6096 26
0 6097 29
0 6098 26
0 6099 28
0 6100 26
0 6101 30
0 6102 25
0 6103 30
0 6104 26
0 6105 30
0 6106 25
0 6107 29
0 6108 26
0 6109 29
0 6110 26
0 6111 29
0 6112 26
0 6113 30
0 6114 26
0 6115 30
0 6116 26
0 6117 29
0 6118 26
0 6119 29
0 6120 26
0 6121 30
0 6122 25
0 6123 29
0 6124 26
0 6125 29
0 6126 26
0 6127 30
0 6128 25
0 6129 30
0 6130 26
0 6131 30
0 6132 26
0 6133 30
0 6134 26
0 6135 29
0 6136 26
0 6137 30
0 6138 26
0 6139 30
0 6140 25
0 6141 30
0 6142 26
0 6143 29
0 6144 26
0 6145 29
0 6146 26
0 6147 30
0 6148 25
0 6149 30
0 6150 26
0 6151 30
0 6152 25
0 6153 30
0 6154 26
0 6155 29
0 6156 26
0 6157 30
0 6158 26
0 6159 30
0 6160 25
0 6161 30
0 6162 26
0 6163 29
0 6164 26
0 6165 29
0 6166 26
0 6167 30
0 6168 26
0 6169 30
0 6170 26
0 6171 30
0 6172 26
0 6173 30
0 6174 26
0 6175 30
0 6176 26
0 6177 29
0 6178 26
0 6179 28
0 6180 26
0 6181 30
0 6182 25
0 6183 29
0 6184 26
0 6185 29
0 6186 26
0 6187 30
0 6188 26
0 6189 30
0 6190 26
0 6191 29
0 6192 26
0 6193 30
0 6194 26
0 6195 30
0 6196 26
0 6197 29
0 6198 26
0 6199 28
0 6200 26
0 6201 30
0 6202 25
0 6203 30
0 6204 26
0 6205 30
0 6206 25
0 6207 30
0 6208 26
0 6209 29
0 6210 26
0 6211 28
0 6212 26
0 6213 30
0 6214 26
0 6215 30
0 6216 26
0 6217 30
0 6218 26
0 6219 29
0 6220 26
0 6221 30
0 6222 26
0 6223 29
0 6224 25
0 6225 29
0 6226 26
0 6227 30
0 6228 26
0 6229 30
0 6230 26
0 6231 30
0 6232 25
0 6233 30
0 6234 26
0 6235 29
0 6236 26
0 6237 30
0 6238 26
0 6239 30
0 6240 25
0 6241 30
0 6242 26
0 6243 29
0 6244 26
0 6245 29
0 6246 26
0 6247 29
0 6248 26
0 6249 30
0 6250 25
0 6251 30
0 6252 25
0 6253 30
0 6254 25
0 6255 30
0 6256 25
0 6257 29
0 6258 26
0 6259 28
0 6260 26
0 6261 30
0 6262 25
0 6263 29
0 6264 26
0 6265 29
0 6266 26
0 6267 30
0 6268 26
0 6269 29
0 6270 26
0 6271 30
0 6272 26
0 6273 30
0 6274 26
0 6275 30
0 6276 26
0 6277 28
0 6278 26
0 6279 28
0 6280 26
0 6281 30
0 6282 25
0 6283 30
0 6284 26
0 6285 30
0 6286 26
0 6287 30
0 6288 26
0 6289 28
0 6290 26
0 6291 28
0 6292 26
0 6293 30
0 6294 26
0 6295 30
0 6296 26
0 6297 29
0 6298 26
0 6299 28
0 6300 26
0 6301 30
0 6302 25
0 6303 30
0 6304 26
0 6305 30
0 6306 25
0 6307 30
0 6308 26
0 6309 29
0 6310 26
0 6311 29
0 6312 26
0 6313 30
0 6314 25
0 6315 30
0 6316 26
0 6317 30
0 6318 26
0 6319 29
0 6320 26
0 6321 30
0 6322 25
0 6323 29
0 6324 26
0 6325 29
0 6326 26
0 6327 29
0 6328 26
0 6329 30
0 6330 25
0 6331 30
0 6332 25
0 6333 30
0 6334 26
0 6335 29
0 6336 26
0 6337 30
0 6338 26
0 6339 28
0 6340 26
0 6341 30
0 6342 26
0 6343 29
0 6344 26
0 6345 29
0 6346 26
0 6347 30
0 6348 26
0 6349 30
0 6350 26
0 6351 30
0 6352 25
0 6353 30
0 6354 25
0 6355 29
0 6356 26
0 6357 30
0 6358 26
0 6359 28
0 6360 26
0 6361 30
0 6362 25
0 6363 29
0 6364 26
0 6365 30
0 6366 26
0 6367 30
0 6368 26
0 6369 30
0 6370 26
0 6371 28
0 6372 26
0 6373 30
0 6374 26
0 6375 30
0 6376 26
0 6377 29
0 6378 26
0 6379 28
0 6380 26
0 6381 30
0 6382 25
0 6383 30
0 6384 25
0 6385 30
0 6386 26
0 6387 29
0 6388 26
0 6389 29
0 6390 26
0 6391 29
0 6392 26
0 6393 30
0 6394 26
0 6395 30
0 6396 26
0 6397 29
0 6398 26
0 6399 28
0 6400 26
0 6401 30
0 6402 26
0 6403 30
0 6404 26
0 6405 30
0 6406 26
0 6407 29
0 6408 26
0 6409 29
0 6410 26
0 6411 29
0 6412 26
0 6413 30
0 6414 26
0 6415 30
0 6416 26
0 6417 29
0 6418 26
0 6419 28
0 6420 26
0 6421 30
0 6422 26
0 6423 29
0 6424 27
0 6425 29
0 6426 26
0 6427 30
0 6428 26
0 6429 30
0 6430 25
0 6431 30
0 6432 26
0 6433 30
0 6434 25
0 6435 29
0 6436 26
0 6437 30
0 6438 26
0 6439 29
0 6440 26
0 6441 30
0 6442 27
0 6443 29
0 6444 26
0 6445 29
0 6446 26
0 6447 29
0 6448 26
0 6449 30
0 6450 26
0 6451 30
0 6452 26
0 6453 30
0 6454 25
0 6455 30
0 6456 26
0 6457 30
0 6458 26
0 6459 28
0 6460 26
0 6461 30
0 6462 26
0 6463 29
0 6464 26
0 6465 29
0 6466 25
0 6467 29
0 6468 26
0 6469 28
0 6470 26
0 6471 28
0 6472 26
0 6473 30
0 6474 26
0 6475 30
0 6476 26
0 6477 29
0 6478 26
0 6479 28
0 6480 26
0 6481 30
0 6482 26
0 6483 30
0 6484 25
0 6485 30
0 6486 26
0 6487 30
0 6488 26
0 6489 30
0 6490 26
0 6491 28
0 6492 26
0 6493 30
0 6494 26
0 6495 30
0 6496 26
0 6497 29
0 6498 26
0 6499 28
0 6500 26
0 6501 30
0 6502 25
0 6503 30
0 6504 25
0 6505 30
0 6506 25
0 6507 30
0 6508 26
0 6509 29
0 6510 26
0 6511 30
0 6512 26
0 6513 30
0 6514 26
0 6515 30
0 6516 26
0 6517 29
0 6518 26
0 6519 29
0 6520 26
0 6521 30
0 6522 25
0 6523 29
0 6524 26
0 6525 29
0 6526 26
0 6527 29
0 6528 26
0 6529 30
0 6530 26
0 6531 30
0 6532 26
0 6533 30
0 6534 25
0 6535 30
0 6536 25
0 6537 30
0 6538 26
0 6539 30
0 6540 26
0 6541 30
0 6542 26
0 6543 29
0 6544 26
0 6545 29
0 6546 26
0 6547 30
0 6548 25
0 6549 30
0 6550 26
0 6551 30
0 6552 25
0 6553 30
0 6554 26
0 6555 29
0 6556 26
0 6557 29
0 6558 26
0 6559 30
0 6560 26
0 6561 30
0 6562 25
0 6563 30
0 6564 25
0 6565 30
0 6566 25
0 6567 30
0 6568 26
0 6569 29
0 6570 26
0 6571 28
0 6572 26
0 6573 30
0 6574 26
0 6575 30
0 6576 26
0 6577 29
0 6578 26
0 6579 28
0 6580 26
0 6581 30
0 6582 25
0 6583 30
0 6584 26
0 6585 30
0 6586 26
0 6587 30
0 6588 26
0 6589 29
0 6590 26
0 6591 30
0 6592 26
0 6593 30
0 6594 26
0 6595 30
0 6596 26
0 6597 29
0 6598 26
0 6599 28
0 6600 26
0 6601 30
0 6602 25
0 6603 30
0 6604 26
0 6605 30
0 6606 26
0 6607 30
0 6608 26
0 6609 30
0 6610 26
0 6611 30
0 6612 26
0 6613 30
0 6614 25
0 6615 30
0 6616 25
0 6617 30
0 6618 26
0 6619 29
0 6620 26
0 6621 30
0 6622 27
0 6623 29
0 6624 26
0 6625 29
0 6626 26
0 6627 29
0 6628 26
0 6629 30
0 6630 26
0 6631 30
0 6632 25
0 6633 30
0 6634 26
0 6635 29
0 6636 26
0 6637 30
0 6638 26
0 6639 30
0 6640 25
0 6641 30
0 6642 26
0 6643 29
0 6644 26
0 6645 29
0 6646 26
0 6647 30
0 6648 25
0 6649 30
0 6650 26
0 6651 30
0 6652 26
0 6653 30
0 6654 26
0 6655 30
0 6656 26
0 6657 29
0 6658 26
0 6659 28
0 6660 26
0 6661 29
0 6662 26
0 6663 30
0 6664 26
0 6665 30
0 6666 25
0 6667 29
0 6668 26
0 6669 28
0 6670 26
0 6671 28
0 6672 26
0 6673 30
0 6674 26
0 6675 30
0 6676 26
0 6677 29
0 6678 26
0 6679 28
0 6680 26
0 6681 30
0 6682 25
0 6683 30
0 6684 25
0 6685 30
0 6686 26
0 6687 30
0 6688 26
0 6689 29
0 6690 26
0 6691 28
0 6692 26
0 6693 30
0 6694 26
0 6695 30
0 6696 26
0 6697 29
0 6698 26
0 6699 28
0 6700 26
0 6701 30
0 6702 25
0 6703 30
0 6704 26
0 6705 29
0 6706 26
0 6707 30
0 6708 26
0 6709 30
0 6710 26
0 6711 30
0 6712 26
0 6713 30
0 6714 25
0 6715 30
0 6716 26
0 6717 30
0 6718 26
0 6719 30
0 6720 25
0 6721 30
0 6722 25
0 6723 29
0 6724 26
0 6725 29
0 6726 26
0 6727 30
0 6728 26
0 6729 30
0 6730 25
0 6731 30
0 6732 25
0 6733 30
0 6734 26
0 6735 29
0 6736 25
0 6737 30
0 6738 26
0 6739 30
0 6740 26
0 6741 30
0 6742 26
0 6743 29
0 6744 26
0 6745 29
0 6746 26
0 6747 30
0 6748 25
0 6749 30
0 6750 26
0 6751 30
0 6752 26
0 6753 30
0 6754 26
0 6755 30
0 6756 26
0 6757 29
0 6758 26
0 6759 28
0 6760 26
0 6761 30
0 6762 25
0 6763 30
0 6764 26
0 6765 30
0 6766 25
0 6767 30
0 6768 26
0 6769 29
0 6770 26
0 6771 28
0 6772 26
0 6773 30
0 6774 26
0 6775 30
0 6776 26
0 6777 29
0 6778 26
0 6779 28
0 6780 26
0 6781 30
0 6782 25
0 6783 30
0 6784 26
0 6785 30
0 6786 26
0 6787 29
0 6788 26
0 6789 28
0 6790 26
0 6791 28
0 6792 26
0 6793 30
0 6794 26
0 6795 30
0 6796 26
0 6797 29
0 6798 26
0 6799 28
0 6800 26
0 6801 30
0 6802 25
0 6803 29
0 6804 26
0 6805 29
0 6806 26
0 6807 30
0 6808 26
0 6809 30
0 6810 26
0 6811 30
0 6812 26
0 6813 30
0 6814 26
0 6815 29
0 6816 25
0 6817 30
0 6818 26
0 6819 30
0 6820 26
0 6821 30
0 6822 26
0 6823 29
0 6824 26
0 6825 29
0 6826 26
0 6827 29
0 6828 26
0 6829 30
0 6830 25
0 6831 30
0 6832 26
0 6833 30
0 6834 26
0 6835 29
0 6836 26
0 6837 30
0 6838 26
0 6839 29
0 6840 26
0 6841 30
0 6842 26
0 6843 29
0 6844 26
0 6845 29
0 6846 26
0 6847 30
0 6848 26
0 6849 30
0 6850 26
0 6851 29
0 6852 26
0 6853 30
0 6854 26
0 6855 30
0 6856 26
0 6857 29
0 6858 26
0 6859 28
0 6860 26
0 6861 30
0 6862 25
0 6863 30
0 6864 26
0 6865 30
0 6866 26
0 6867 29
0 6868 26
0 6869 28
0 6870 26
0 6871 28
0 6872 26
0 6873 30
0 6874 26
0 6875 30
0 6876 26
0 6877 28
0 6878 26
0 6879 28
0 6880 26
0 6881 30
0 6882 26
0 6883 30
0 6884 26
0 6885 30
0 6886 25
0 6887 30
0 6888 26
0 6889 29
0 6890 26
0 6891 28
0 6892 26
0 6893 30
0 6894 26
0 6895 30
0 6896 26
0 6897 29
0 6898 26
0 6899 28
0 6900 26
0 6901 30
0 6902 25
0 6903 29
0 6904 26
0 6905 29
0 6906 26
0 6907 30
0 6908 25
0 6909 30
0 6910 26
0 6911 30
0 6912 25
0 6913 30
0 6914 25
0 6915 30
0 6916 26
0 6917 29
0 6918 26
0 6919 30
0 6920 25
0 6921 30
0 6922 26
0 6923 29
0 6924 26
0 6925 29
0 6926 26
0 6927 29
0 6928 26
0 6929 30
0 6930 25
0 6931 30
0 6932 25
0 6933 30
0 6934 26
0 6935 29
0 6936 26
0 6937 30
0 6938 26
0 6939 30
0 6940 25
0 6941 30
0 6942 26
0 6943 29
0 6944 26
0 6945 29
0 6946 26
0 6947 30
0 6948 26
0 6949 29
0 6950 26
0 6951 30
0 6952 26
0 6953 30
0 6954 26
0 6955 30
0 6956 26
0 6957 29
0 6958 26
0 6959 28
0 6960 26
0 6961 30
0 6962 25
0 6963 30
0 6964 25
0 6965 30
0 6966 26
0 6967 30
0 6968 26
0 6969 30
0 6970 26
0 6971 29
0 6972 26
0 6973 30
0 6974 26
0 6975 30
0 6976 26
0 6977 29
0 6978 26
0 6979 28
0 6980 26
0 6981 30
0 6982 25
0 6983 30
0 6984 26
0 6985 30
0 6986 25
0 6987 30
0 6988 26
0 6989 29
0 6990 26
0 6991 30
0 6992 26
0 6993 30
0 6994 26
0 6995 30
0 6996 26
0 6997 29
0 6998 26
0 6999 29
0 7000 26
0 7001 30
0 7002 26
0 7003 29
0 7004 26
0 7005 29
0 7006 26
0 7007 29
0 7008 26
0 7009 30
0 7010 26
0 7011 30
0 7012 25
0 7013 30
0 7014 25
0 7015 30
0 7016 25
0 7017 30
0 7018 26
0 7019 29
0 7020 26
0 7021 30
0 7022 27
0 7023 29
0 7024 26
0 7025 29
0 7026 26
0 7027 29
0 7028 26
0 7029 30
0 7030 25
0 7031 30
0 7032 25
0 7033 30
0 7034 26
0 7035 29
0 7036 25
0 7037 30
0 7038 26
0 7039 30
0 7040 25
0 7041 30
0 7042 25
0 7043 29
0 7044 26
0 7045 30
0 7046 26
0 7047 30
0 7048 26
0 7049 30
0 7050 26
0 7051 30
0 7052 26
0 7053 30
0 7054 26
0 7055 30
0 7056 26
0 7057 29
0 7058 26
0 7059 28
0 7060 26
0 7061 30
0 7062 25
0 7063 30
0 7064 25
0 7065 30
0 7066 25
0 7067 29
0 7068 26
0 7069 28
0 7070 26
0 7071 29
0 7072 26
0 7073 30
0 7074 26
0 7075 30
0 7076 26
0 7077 28
0 7078 26
0 7079 28
0 7080 26
0 7081 30
0 7082 25
0 7083 30
0 7084 26
0 7085 30
0 7086 26
0 7087 30
0 7088 26
0 7089 30
0 7090 26
0 7091 29
0 7092 26
0 7093 30
0 7094 26
0 7095 30
0 7096 26
0 7097 29
0 7098 26
0 7099 29
0 7100 26
0 7101 30
0 7102 26
0 7103 29
0 7104 26
0 7105 29
0 7106 26
0 7107 30
0 7108 26
0 7109 30
0 7110 26
0 7111 30
0 7112 25
0 7113 30
0 7114 26
0 7115 29
0 7116 25
0 7117 30
0 7118 26
0 7119 30
0 7120 25
0 7121 30
0 7122 26
0 7123 29
0 7124 26
0 7125 29
0 7126 26
0 7127 29
0 7128 26
0 7129 30
0 7130 25
0 7131 30
0 7132 25
0 7133 30
0 7134 26
0 7135 29
0 7136 25
0 7137 30
0 7138 26
0 7139 29
0 7140 26
0 7141 30
0 7142 26
0 7143 29
0 7144 26
0 7145 29
0 7146 26
0 7147 30
0 7148 26
0 7149 30
0 7150 26
0 7151 30
0 7152 26
0 7153 30
0 7154 26
0 7155 30
0 7156 26
0 7157 29
0 7158 26
0 7159 28
0 7160 26
0 7161 30
0 7162 25
0 7163 30
0 7164 26
0 7165 30
0 7166 25
0 7167 30
0 7168 26
0 7169 29
0 7170 26
0 7171 28
0 7172 26
0 7173 30
0 7174 26
0 7175 30
0 7176 26
0 7177 29
0 7178 26
0 7179 28
0 7180 26
0 7181 30
0 7182 25
0 7183 30
0 7184 25
0 7185 30
0 7186 25
0 7187 29
0 7188 26
0 7189 29
0 7190 26
0 7191 30
0 7192 26
0 7193 30
0 7194 26
0 7195 30
0 7196 26
0 7197 30
0 7198 26
0 7199 28
0 7200 26
0 7201 30
0 7202 25
0 7203 29
0 7204 26
0 7205 29
0 7206 26
0 7207 30
0 7208 26
0 7209 30
0 7210 26
0 7211 30
0 7212 26
0 7213 30
0 7214 26
0 7215 29
0 7216 26
0 7217 30
0 7218 26
0 7219 30
0 7220 25
0 7221 30
0 7222 27
0 7223 29
0 7224 26
0 7225 29
0 7226 26
0 7227 29
0 7228 26
0 7229 30
0 7230 25
0 7231 30
0 7232 25
0 7233 30
0 7234 26
0 7235 30
0 7236 26
0 7237 30
0 7238 26
0 7239 30
0 7240 25
0 7241 30
0 7242 26
0 7243 30
0 7244 26
0 7245 30
0 7246 26
0 7247 30
0 7248 26
0 7249 30
0 7250 26
0 7251 30
0 7252 26
0 7253 30
0 7254 26
0 7255 30
0 7256 26
0 7257 29
0 7258 26
0 7259 28
0 7260 26
0 7261 30
0 7262 25
0 7263 29
0 7264 26
0 7265 30
0 7266 26
0 7267 30
0 7268 26
0 7269 29
0 7270 26
0 7271 29
0 7272 26
0 7273 30
0 7274 26
0 7275 30
0 7276 26
0 7277 29
0 7278 26
0 7279 29
0 7280 26
0 7281 30
0 7282 25
0 7283 30
0 7284 25
0 7285 30
0 7286 26
0 7287 30
0 7288 26
0 7289 30
0 7290 26
0 7291 30
0 7292 26
0 7293 30
0 7294 25
0 7295 30
0 7296 26
0 7297 30
0 7298 26
0 7299 28
0 7300 26
0 7301 30
0 7302 25
0 7303 29
0 7304 26
0 7305 29
0 7306 26
0 7307 30
0 7308 25
0 7309 30
0 7310 26
0 7311 30
0 7312 25
0 7313 30
0 7314 26
0 7315 29
0 7316 26
0 7317 30
0 7318 26
0 7319 30
0 7320 25
0 7321 30
0 7322 26
0 7323 29
0 7324 26
0 7325 29
0 7326 26
0 7327 29
0 7328 26
0 7329 30
0 7330 25
0 7331 30
0 7332 26
0 7333 30
0 7334 25
0 7335 29
0 7336 25
0 7337 30
0 7338 26
0 7339 29
0 7340 26
0 7341 30
0 7342 26
0 7343 29
0 7344 26
0 7345 29
0 7346 26
0 7347 30
0 7348 26
0 7349 29
0 7350 26
0 7351 29
0 7352 26
0 7353 30
0 7354 26
0 7355 30
0 7356 26
0 7357 29
0 7358 26
0 7359 28
0 7360 26
0 7361 30
0 7362 25
0 7363 30
0 7364 26
0 7365 30
0 7366 26
0 7367 30
0 7368 26
0 7369 29
0 7370 26
0 7371 28
0 7372 26
0 7373 30
0 7374 26
0 7375 30
0 7376 26
0 7377 29
0 7378 26
0 7379 28
0 7380 26
0 7381 30
0 7382 25
0 7383 29
0 7384 26
0 7385 29
0 7386 26
0 7387 30
0 7388 26
0 7389 30
0 7390 26
0 7391 30
0 7392 26
0 7393 30
0 7394 26
0 7395 30
0 7396 26
0 7397 29
0 7398 26
0 7399 30
0 7400 26
0 7401 30
0 7402 26
0 7403 29
0 7404 26
0 7405 29
0 7406 26
0 7407 29
0 7408 26
0 7409 30
0 7410 25
0 7411 30
0 7412 26
0 7413 30
0 7414 26
0 7415 29
0 7416 26
0 7417 30
0 7418 26
0 7419 29
0 7420 26
0 7421 30
0 7422 26
0 7423 29
0 7424 25
0 7425 29
0 7426 26
0 7427 30
0 7428 26
0 7429 30
0 7430 26
0 7431 30
0 7432 25
0 7433 30
0 7434 25
0 7435 30
0 7436 26
0 7437 30
0 7438 26
0 7439 28
0 7440 26
0 7441 30
0 7442 25
0 7443 30
0 7444 26
0 7445 30
0 7446 26
0 7447 30
0 7448 26
0 7449 30
0 7450 26
0 7451 29
0 7452 26
0 7453 30
0 7454 26
0 7455 30
0 7456 26
0 7457 29
0 7458 26
0 7459 28
0 7460 26
0 7461 30
0 7462 25
0 7463 30
0 7464 26
0 7465 30
0 7466 25
0 7467 30
0 7468 26
0 7469 29
0 7470 26
0 7471 29
0 7472 26
0 7473 30
0 7474 26
0 7475 30
0 7476 26
0 7477 29
0 7478 26
0 7479 28
0 7480 26
0 7481 30
0 7482 25
0 7483 30
0 7484 26
0 7485 29
0 7486 26
0 7487 30
0 7488 26
0 7489 30
0 7490 26
0 7491 29
0 7492 26
0 7493 30
0 7494 25
0 7495 30
0 7496 26
0 7497 30
0 7498 26
0 7499 30
0 7500 26
0 7501 30
0 7502 26
0 7503 29
0 7504 27
0 7505 29
0 7506 26
0 7507 29
0 7508 26
0 7509 30
0 7510 25
0 7511 30
0 7512 26
0 7513 30
0 7514 26
0 7515 29
0 7516 25
0 7517 30
0 7518 26
0 7519 30
0 7520 25
0 7521 30
0 7522 26
0 7523 29
0 7524 26
0 7525 29
0 7526 26
0 7527 29
0 7528 26
0 7529 30
0 7530 26
0 7531 30
0 7532 26
0 7533 30
0 7534 25
0 7535 30
0 7536 26
0 7537 29
0 7538 26
0 7539 28
0 7540 26
0 7541 30
0 7542 26
0 7543 30
0 7544 26
0 7545 29
0 7546 26
0 7547 30
0 7548 26
0 7549 29
0 7550 26
0 7551 29
0 7552 26
0 7553 30
0 7554 26
0 7555 30
0 7556 26
0 7557 28
0 7558 26
0 7559 28
0 7560 26
0 7561 30
0 7562 26
0 7563 30
0 7564 25
0 7565 30
0 7566 25
0 7567 30
0 7568 26
0 7569 29
0 7570 26
0 7571 28
0 7572 26
0 7573 30
0 7574 26
0 7575 30
0 7576 26
0 7577 29
0 7578 26
0 7579 28
0 7580 26
0 7581 30
0 7582 25
0 7583 30
0 7584 26
0 7585 29
0 7586 26
0 7587 30
0 7588 26
0 7589 30
0 7590 26
0 7591 30
0 7592 26
0 7593 30
0 7594 25
0 7595 30
0 7596 26
0 7597 30
0 7598 26
0 7599 29
0 7600 25
0 7601 30
0 7602 26
0 7603 29
0 7604 26
0 7605 29
0 7606 26
0 7607 29
0 7608 26
0 7609 30
0 7610 25
0 7611 30
0 7612 25
0 7613 30
0 7614 26
0 7615 29
0 7616 26
0 7617 29
0 7618 26
0 7619 30
0 7620 26
0 7621 30
0 7622 26
0 7623 29
0 7624 26
0 7625 29
0 7626 26
0 7627 29
0 7628 26
0 7629 30
0 7630 26
0 7631 30
0 7632 26
0 7633 30
0 7634 25
0 7635 30
0 7636 26
0 7637 29
0 7638 26
0 7639 30
0 7640 25
0 7641 30
0 7642 26
0 7643 30
0 7644 26
0 7645 30
0 7646 26
0 7647 30
0 7648 26
0 7649 30
0 7650 26
0 7651 29
0 7652 26
0 7653 30
0 7654 26
0 7655 30
0 7656 26
0 7657 29
0 7658 26
0 7659 28
0 7660 26
0 7661 30
0 7662 25
0 7663 29
0 7664 26
0 7665 29
0 7666 25
0 7667 29
0 7668 26
0 7669 29
0 7670 26
0 7671 30
0 7672 26
0 7673 30
0 7674 26
0 7675 30
0 7676 26
0 7677 30
0 7678 26
0 7679 29
0 7680 26
0 7681 30
0 7682 25
0 7683 30
0 7684 25
0 7685 30
0 7686 25
0 7687 30
0 7688 26
0 7689 30
0 7690 26
0 7691 30
0 7692 26
0 7693 30
0 7694 25
0 7695 29
0 7696 25
0 7697 30
0 7698 26
0 7699 29
0 7700 26
0 7701 30
0 7702 27
0 7703 29
0 7704 26
0 7705 29
0 7706 27
0 7707 29
0 7708 26
0 7709 30
0 7710 26
0 7711 30
0 7712 26
0 7713 29
0 7714 26
0 7715 29
0 7716 25
0 7717 30
0 7718 26
0 7719 30
0 7720 25
0 7721 30
0 7722 27
0 7723 29
0 7724 26
0 7725 29
0 7726 26
0 7727 29
0 7728 26
0 7729 30
0 7730 26
0 7731 30
0 7732 26
0 7733 30
0 7734 26
0 7735 30
0 7736 26
0 7737 29
0 7738 26
0 7739 28
0 7740 26
0 7741 30
0 7742 25
0 7743 29
0 7744 26
0 7745 30
0 7746 26
0 7747 29
0 7748 26
0 7749 28
0 7750 26
0 7751 28
0 7752 26
0 7753 30
0 7754 26
0 7755 30
0 7756 26
0 7757 29
0 7758 26
0 7759 28
0 7760 26
0 7761 30
0 7762 25
0 7763 30
0 7764 25
0 7765 30
0 7766 25
0 7767 30
0 7768 26
0 7769 29
0 7770 26
0 7771 29
0 7772 26
0 7773 30
0 7774 26
0 7775 30
0 7776 26
0 7777 29
0 7778 26
0 7779 28
0 7780 26
0 7781 30
0 7782 25
0 7783 29
0 7784 26
0 7785 29
0 7786 26
0 7787 30
0 7788 25
0 7789 30
0 7790 26
0 7791 30
0 7792 25
0 7793 30
0 7794 25
0 7795 29
0 7796 26
0 7797 30
0 7798 26
0 7799 30
0 7800 25
0 7801 30
0 7802 26
0 7803 29
0 7804 27
0 7805 29
0 7806 26
0 7807 29
0 7808 26
0 7809 30
0 7810 25
0 7811 30
0 7812 26
0 7813 30
0 7814 26
0 7815 29
0 7816 26
0 7817 30
0 7818 26
0 7819 30
0 7820 25
0 7821 30
0 7822 26
0 7823 29
0 7824 26
0 7825 29
0 7826 26
0 7827 30
0 7828 26
0 7829 30
0 7830 26
0 7831 30
0 7832 26
0 7833 30
0 7834 25
0 7835 30
0 7836 26
0 7837 29
0 7838 26
0 7839 29
0 7840 26
0 7841 30
0 7842 25
0 7843 30
0 7844 25
0 7845 30
0 7846 26
0 7847 30
0 7848 26
0 7849 30
0 7850 26
0 7851 29
0 7852 26
0 7853 30
0 7854 26
0 7855 30
0 7856 26
0 7857 29
0 7858 26
0 7859 28
0 7860 26
0 7861 30
0 7862 25
0 7863 30
0 7864 26
0 7865 30
0 7866 26
0 7867 30
0 7868 26
0 7869 30
0 7870 26
0 7871 30
0 7872 26
0 7873 30
0 7874 26
0 7875 30
0 7876 26
0 7877 29
0 7878 26
0 7879 28
0 7880 26
0 7881 30
0 7882 25
0 7883 29
0 7884 26
0 7885 29
0 7886 26
0 7887 29
0 7888 26
0 7889 30
0 7890 26
0 7891 30
0 7892 26
0 7893 30
0 7894 26
0 7895 29
0 7896 26
0 7897 30
0 7898 26
0 7899 30
0 7900 25
0 7901 30
0 7902 27
0 7903 29
0 7904 26
0 7905 29
0 7906 26
0 7907 29
0 7908 26
0 7909 30
0 7910 25
0 7911 30
0 7912 26
0 7913 30
0 7914 26
0 7915 29
0 7916 26
0 7917 30
0 7918 25
0 7919 29
0 7920 25
0 7921 30
0 7922 25
0 7923 29
0 7924 26
0 7925 29
0 7926 26
0 7927 30
0 7928 26
0 7929 30
0 7930 25
0 7931 30
0 7932 26
0 7933 30
0 7934 25
0 7935 30
0 7936 26
0 7937 29
0 7938 26
0 7939 28
0 7940 26
0 7941 30
0 7942 25
0 7943 30
0 7944 26
0 7945 30
0 7946 25
0 7947 29
0 7948 26
0 7949 28
0 7950 26
0 7951 29
0 7952 26
0 7953 30
0 7954 26
0 7955 30
0 7956 26
0 7957 29
0 7958 26
0 7959 28
0 7960 26
0 7961 30
0 7962 25
0 7963 29
0 7964 26
0 7965 30
0 7966 26
0 7967 30
0 7968 26
0 7969 30
0 7970 26
0 7971 29
0 7972 26
0 7973 30
0 7974 26
0 7975 30
0 7976 26
0 7977 29
0 7978 26
0 7979 28
0 7980 26
0 7981 30
0 7982 26
0 7983 29
0 7984 26
0 7985 29
0 7986 26
0 7987 30
0 7988 25
0 7989 30
0 7990 26
0 7991 30
0 7992 26
0 7993 30
0 7994 26
0 7995 29
0 7996 26
0 7997 30
0 7998 26
0 7999 30
0 8000 25
0 8001 30
0 8002 26
0 8003 29
0 8004 26
0 8005 29
0 8006 26
0 8007 29
0 8008 26
0 8009 30
0 8010 26
0 8011 30
0 8012 26
0 8013 30
0 8014 26
0 8015 29
0 8016 26
0 8017 30
0 8018 26
0 8019 28
0 8020 26
0 8021 30
0 8022 25
0 8023 29
0 8024 26
0 8025 29
0 8026 26
0 8027 30
0 8028 26
0 8029 30
0 8030 26
0 8031 30
0 8032 26
0 8033 30
0 8034 26
0 8035 30
0 8036 26
0 8037 29
0 8038 26
0 8039 28
0 8040 26
0 8041 30
0 8042 25
0 8043 30
0 8044 26
0 8045 30
0 8046 26
0 8047 30
0 8048 26
0 8049 29
0 8050 26
0 8051 29
0 8052 26
0 8053 30
0 8054 26
0 8055 30
0 8056 26
0 8057 29
0 8058 26
0 8059 28
0 8060 26
0 8061 30
0 8062 25
0 8063 29
0 8064 26
0 8065 30
0 8066 25
0 8067 29
0 8068 26
0 8069 29
0 8070 26
0 8071 30
0 8072 26
0 8073 30
0 8074 26
0 8075 30
0 8076 26
0 8077 30
0 8078 26
0 8079 30
0 8080 25
0 8081 30
0 8082 25
0 8083 30
0 8084 26
0 8085 29
0 8086 26
0 8087 30
0 8088 26
0 8089 30
0 8090 26
0 8091 30
0 8092 25
0 8093 30
0 8094 26
0 8095 29
0 8096 26
0 8097 29
0 8098 26
0 8099 28
0 8100 26
0 8101 30
0 8102 26
0 8103 29
0 8104 26
0 8105 29
0 8106 26
0 8107 29
0 8108 26
0 8109 30
0 8110 25
0 8111 30
0 8112 25
0 8113 30
0 8114 25
0 8115 29
0 8116 26
0 8117 30
0 8118 26
0 8119 30
0 8120 25
0 8121 30
0 8122 26
0 8123 29
0 8124 26
0 8125 29
0 8126 26
0 8127 30
0 8128 25
0 8129 29
0 8130 26
0 8131 28
0 8132 26
0 8133 30
0 8134 26
0 8135 30
0 8136 26
0 8137 29
0 8138 26
0 8139 28
0 8140 26
0 8141 30
0 8142 25
0 8143 30
0 8144 26
0 8145 30
0 8146 25
0 8147 29
0 8148 26
0 8149 28
0 8150 26
0 8151 30
0 8152 26
0 8153 30
0 8154 26
0 8155 30
0 8156 26
0 8157 29
0 8158 26
0 8159 28
0 8160 26
0 8161 30
0 8162 25
0 8163 30
0 8164 25
0 8165 30
0 8166 25
0 8167 30
0 8168 26
0 8169 29
0 8170 26
0 8171 30
0 8172 26
0 8173 30
0 8174 25
0 8175 30
0 8176 26
0 8177 29
0 8178 26
0 8179 30
0 8180 26
0 8181 30
0 8182 26
0 8183 29
0 8184 26
0 8185 29
0 8186 26
0 8187 30
0 8188 25
0 8189 30
0 8190 26
0 8191 30
0 8192 26
0 8193 30
0 8194 25
0 8195 30
0 8196 26
0 8197 30
0 8198 26
0 8199 30
0 8200 25
0 8201 30
0 8202 27
0 8203 29
0 8204 26
0 8205 29
0 8206 26
0 8207 29
0 8208 26
0 8209 30
0 8210 25
0 8211 30
0 8212 25
0 8213 30
0 8214 26
0 8215 30
0 8216 25
0 8217 30
0 8218 26
0 8219 30
0 8220 26
0 8221 30
0 8222 26
0 8223 29
0 8224 26
0 8225 29
0 8226 26
0 8227 30
0 8228 26
0 8229 30
0 8230 26
0 8231 30
0 8232 26
0 8233 30
0 8234 26
0 8235 30
0 8236 26
0 8237 29
0 8238 26
0 8239 28
0 8240 26
0 8241 30
0 8242 25
0 8243 30
0 8244 26
0 8245 30
0 8246 25
0 8247 30
0 8248 26
0 8249 29
0 8250 26
0 8251 29
0 8252 26
0 8253 30
0 8254 26
0 8255 30
0 8256 26
0 8257 29
0 8258 26
0 8259 28
0 8260 26
0 8261 30
0 8262 25
0 8263 30
0 8264 26
0 8265 29
0 8266 26
0 8267 30
0 8268 26
0 8269 30
0 8270 26
0 8271 30
0 8272 26
0 8273 30
0 8274 25
0 8275 30
0 8276 26
0 8277 30
0 8278 26
0 8279 29
0 8280 25
0 8281 30
0 8282 26
0 8283 29
0 8284 25
0 8285 29
0 8286 26
0 8287 29
0 8288 26
0 8289 30
0 8290 25
0 8291 30
0 8292 26
0 8293 30
0 8294 26
0 8295 29
0 8296 26
0 8297 30
0 8298 26
0 8299 30
0 8300 25
0 8301 30
0 8302 27
0 8303 29
0 8304 27
0 8305 29
0 8306 26
0 8307 29
0 8308 26
0 8309 30
0 8310 26
0 8311 30
0 8312 25
0 8313 30
0 8314 26
0 8315 29
0 8316 25
0 8317 30
0 8318 26
0 8319 29
0 8320 26
0 8321 30
0 8322 25
0 8323 30
0 8324 26
0 8325 30
0 8326 25
0 8327 30
0 8328 26
0 8329 30
0 8330 26
0 8331 29
0 8332 26
0 8333 30
0 8334 26
0 8335 30
0 8336 26
0 8337 29
0 8338 26
0 8339 28
0 8340 26
0 8341 30
0 8342 25
0 8343 30
0 8344 25
0 8345 30
0 8346 26
0 8347 30
0 8348 26
0 8349 29
0 8350 26
0 8351 29
0 8352 26
0 8353 30
0 8354 26
0 8355 30
0 8356 26
0 8357 29
0 8358 26
0 8359 29
0 8360 26
0 8361 30
0 8362 25
0 8363 30
0 8364 25
0 8365 30
0 8366 25
0 8367 30
0 8368 26
0 8369 30
0 8370 26
0 8371 29
0 8372 26
0 8373 30
0 8374 25
0 8375 30
0 8376 26
0 8377 30
0 8378 26
0 8379 29
0 8380 26
0 8381 30
0 8382 26
0 8383 29
0 8384 26
0 8385 29
0 8386 26
0 8387 30
0 8388 26
0 8389 30
0 8390 26
0 8391 30
0 8392 26
0 8393 30
0 8394 26
0 8395 29
0 8396 26
0 8397 30
0 8398 26
0 8399 30
0 8400 25
0 8401 30
0 8402 27
0 8403 29
0 8404 26
0 8405 29
0 8406 26
0 8407 30
0 8408 26
0 8409 30
0 8410 25
0 8411 30
0 8412 26
0 8413 30
0 8414 25
0 8415 30
0 8416 26
0 8417 29
0 8418 26
0 8419 28
0 8420 26
0 8421 30
0 8422 25
0 8423 29
0 8424 26
0 8425 29
0 8426 26
0 8427 30
0 8428 26
0 8429 29
0 8430 26
0 8431 29
0 8432 26
0 8433 30
0 8434 26
0 8435 30
0 8436 26
0 8437 29
0 8438 26
0 8439 29
0 8440 26
0 8441 30
0 8442 25
0 8443 30
0 8444 25
0 8445 30
0 8446 25
0 8447 30
0 8448 26
0 8449 29
0 8450 26
0 8451 28
0 8452 26
0 8453 29
0 8454 26
0 8455 30
0 8456 26
0 8457 29
0 8458 26
0 8459 28
0 8460 26
0 8461 30
0 8462 25
0 8463 30
0 8464 26
0 8465 29
0 8466 26
0 8467 30
0 8468 26
0 8469 30
0 8470 26
0 8471 30
0 8472 26
0 8473 30
0 8474 25
0 8475 29
0 8476 26
0 8477 30
0 8478 26
0 8479 30
0 8480 26
0 8481 30
0 8482 25
0 8483 29
0 8484 26
0 8485 29
0 8486 26
0 8487 29
0 8488 26
0 8489 30
0 8490 26
0 8491 30
0 8492 25
0 8493 30
0 8494 26
0 8495 29
0 8496 26
0 8497 30
0 8498 26
0 8499 30
0 8500 26
0 8501 30
0 8502 26
0 8503 29
0 8504 25
0 8505 29
0 8506 26
0 8507 29
0 8508 26
0 8509 30
0 8510 26
0 8511 30
0 8512 25
0 8513 30
0 8514 25
0 8515 30
0 8516 26
0 8517 30
0 8518 26
0 8519 28
0 8520 26
0 8521 30
0 8522 25
0 8523 29
0 8524 26
0 8525 30
0 8526 25
0 8527 30
0 8528 26
0 8529 29
0 8530 26
0 8531 28
0 8532 26
0 8533 30
0 8534 26
0 8535 30
0 8536 26
0 8537 29
0 8538 26
0 8539 28
0 8540 26
0 8541 30
0 8542 25
0 8543 30
0 8544 26
0 8545 30
0 8546 26
0 8547 30
0 8548 26
0 8549 29
0 8550 26
0 8551 28
0 8552 26
0 8553 30
0 8554 26
0 8555 30
0 8556 26
0 8557 29
0 8558 26
0 8559 28
0 8560 26
0 8561 30
0 8562 25
0 8563 29
0 8564 26
0 8565 29
0 8566 26
0 8567 30
0 8568 25
0 8569 30
0 8570 26
0 8571 30
0 8572 26
0 8573 30
0 8574 25
0 8575 30
0 8576 26
0 8577 30
0 8578 26
0 8579 28
0 8580 26
0 8581 30
0 8582 26
0 8583 29
0 8584 26
0 8585 29
0 8586 26
0 8587 29
0 8588 26
0 8589 30
0 8590 25
0 8591 30
0 8592 26
0 8593 30
0 8594 26
0 8595 29
0 8596 25
0 8597 30
0 8598 26
0 8599 29
0 8600 25
0 8601 30
0 8602 26
0 8603 29
0 8604 26
0 8605 29
0 8606 26
0 8607 29
0 8608 26
0 8609 30
0 8610 26
0 8611 29
0 8612 26
0 8613 30
0 8614 25
0 8615 30
0 8616 26
0 8617 30
0 8618 26
0 8619 28
0 8620 26
0 8621 30
0 8622 26
0 8623 29
0 8624 26
0 8625 29
0 8626 26
0 8627 29
0 8628 26
0 8629 29
0 8630 26
0 8631 30
0 8632 26
0 8633 30
0 8634 26
0 8635 30
0 8636 26
0 8637 29
0 8638 26
0 8639 28
0 8640 26
0 8641 30
0 8642 26
0 8643 30
0 8644 25
0 8645 30
0 8646 26
0 8647 30
0 8648 26
0 8649 29
0 8650 26
0 8651 28
0 8652 26
0 8653 30
0 8654 26
0 8655 30
0 8656 26
0 8657 29
0 8658 26
0 8659 28
0 8660 26
0 8661 30
0 8662 25
0 8663 29
0 8664 26
0 8665 29
0 8666 26
0 8667 30
0 8668 25
0 8669 30
0 8670 26
0 8671 30
0 8672 26
0 8673 30
0 8674 25
0 8675 30
0 8676 26
0 8677 30
0 8678 26
0 8679 30
0 8680 25
0 8681 30
0 8682 26
0 8683 29
0 8684 26
0 8685 29
0 8686 26
0 8687 29
0 8688 26
0 8689 30
0 8690 25
0 8691 30
0 8692 25
0 8693 30
0 8694 26
0 8695 29
0 8696 26
0 8697 30
0 8698 26
0 8699 30
0 8700 25
0 8701 30
0 8702 26
0 8703 29
0 8704 26
0 8705 29
0 8706 26
0 8707 29
0 8708 26
0 8709 30
0 8710 26
0 8711 30
0 8712 26
0 8713 30
0 8714 25
0 8715 30
0 8716 26
0 8717 29
0 8718 26
0 8719 28
0 8720 26
0 8721 30
0 8722 25
0 8723 30
0 8724 25
0 8725 30
0 8726 25
0 8727 30
0 8728 26
0 8729 29
0 8730 26
0 8731 29
0 8732 26
0 8733 30
0 8734 26
0 8735 30
0 8736 26
0 8737 29
0 8738 26
0 8739 28
0 8740 26
0 8741 30
0 8742 25
0 8743 30
0 8744 26
0 8745 30
0 8746 26
0 8747 30
0 8748 26
0 8749 29
0 8750 26
0 8751 30
0 8752 26
0 8753 30
0 8754 26
0 8755 30
0 8756 26
0 8757 30
0 8758 26
0 8759 30
0 8760 26
0 8761 30
0 8762 25
0 8763 29
0 8764 26
0 8765 29
0 8766 26
0 8767 30
0 8768 25
0 8769 30
0 8770 26
0 8771 29
0 8772 26
0 8773 30
0 8774 26
0 8775 30
0 8776 25
0 8777 30
0 8778 26
0 8779 30
0 8780 26
0 8781 30
0 8782 27
0 8783 29
0 8784 26
0 8785 29
0 8786 26
0 8787 29
0 8788 26
0 8789 30
0 8790 25
0 8791 30
0 8792 25
0 8793 30
0 8794 26
0 8795 29
0 8796 25
0 8797 30
0 8798 26
0 8799 30
0 8800 25
0 8801 30
0 8802 26
0 8803 29
0 8804 26
0 8805 29
0 8806 26
0 8807 30
0 8808 25
0 8809 30
0 8810 26
0 8811 30
0 8812 26
0 8813 30
0 8814 26
0 8815 30
0 8816 26
0 8817 29
0 8818 26
0 8819 28
0 8820 26
0 8821 30
0 8822 25
0 8823 30
0 8824 26
0 8825 30
0 8826 25
0 8827 30
0 8828 26
0 8829 29
0 8830 26
0 8831 29
0 8832 26
0 8833 30
0 8834 26
0 8835 30
0 8836 26
0 8837 28
0 8838 26
0 8839 28
0 8840 26
0 8841 30
0 8842 25
0 8843 30
0 8844 25
0 8845 30
0 8846 26
0 8847 30
0 8848 26
0 8849 29
0 8850 26
0 8851 28
0 8852 26
0 8853 30
0 8854 26
0 8855 30
0 8856 26
0 8857 29
0 8858 26
0 8859 28
0 8860 26
0 8861 30
0 8862 25
0 8863 29
0 8864 26
0 8865 29
0 8866 26
0 8867 30
0 8868 26
0 8869 30
0 8870 26
0 8871 30
0 8872 25
0 8873 30
0 8874 26
0 8875 29
0 8876 25
0 8877 30
0 8878 26
0 8879 30
0 8880 25
0 8881 30
0 8882 26
0 8883 29
0 8884 25
0 8885 29
0 8886 26
0 8887 29
0 8888 26
0 8889 30
0 8890 25
0 8891 30
0 8892 25
0 8893 30
0 8894 26
0 8895 29
0 8896 25
0 8897 30
0 8898 26
0 8899 29
0 8900 26
0 8901 30
0 8902 26
0 8903 29
0 8904 26
0 8905 29
0 8906 26
0 8907 30
0 8908 26
0 8909 30
0 8910 26
0 8911 30
0 8912 26
0 8913 30
0 8914 26
0 8915 30
0 8916 26
0 8917 29
0 8918 26
0 8919 28
0 8920 26
0 8921 30
0 8922 25
0 8923 30
0 8924 26
0 8925 30
0 8926 25
0 8927 30
0 8928 26
0 8929 29
0 8930 26
0 8931 28
0 8932 26
0 8933 30
0 8934 26
0 8935 30
0 8936 26
0 8937 29
0 8938 26
0 8939 28
0 8940 26
0 8941 30
0 8942 25
0 8943 30
0 8944 26
0 8945 30
0 8946 25
0 8947 30
0 8948 26
0 8949 30
0 8950 26
0 8951 30
0 8952 26
0 8953 30
0 8954 25
0 8955 29
0 8956 26
0 8957 30
0 8958 26
0 8959 29
0 8960 26
0 8961 30
0 8962 25
0 8963 30
0 8964 25
0 8965 30
0 8966 26
0 8967 30
0 8968 26
0 8969 30
0 8970 26
0 8971 30
0 8972 25
0 8973 30
0 8974 26
0 8975 29
0 8976 26
0 8977 30
0 8978 26
0 8979 30
0 8980 25
0 8981 30
0 8982 27
0 8983 29
0 8984 26
0 8985 29
0 8986 27
0 8987 29
0 8988 26
0 8989 30
0 8990 26
0 8991 30
0 8992 25
0 8993 30
0 8994 25
0 8995 29
0 8996 26
0 8997 30
0 8998 26
0 8999 28
0 9000 26
0 9001 30
0 9002 25
0 9003 29
0 9004 26
0 9005 29
0 9006 26
0 9007 30
0 9008 25
0 9009 30
0 9010 26
0 9011 29
0 9012 26
0 9013 30
0 9014 26
0 9015 30
0 9016 26
0 9017 29
0 9018 26
0 9019 28
0 9020 26
0 9021 30
0 9022 25
0 9023 30
0 9024 26
0 9025 30
0 9026 26
0 9027 29
0 9028 26
0 9029 28
0 9030 26
0 9031 29
0 9032 26
0 9033 30
0 9034 26
0 9035 30
0 9036 26
0 9037 29
0 9038 26
0 9039 28
0 9040 26
0 9041 30
0 9042 26
0 9043 30
0 9044 26
0 9045 30
0 9046 26
0 9047 30
0 9048 26
0 9049 30
0 9050 26
0 9051 30
0 9052 26
0 9053 30
0 9054 26
0 9055 30
0 9056 26
0 9057 30
0 9058 26
0 9059 28
0 9060 26
0 9061 30
0 9062 26
0 9063 29
0 9064 26
0 9065 29
0 9066 26
0 9067 30
0 9068 26
0 9069 30
0 9070 25
0 9071 30
0 9072 25
0 9073 30
0 9074 26
0 9075 29
0 9076 25
0 9077 30
0 9078 26
0 9079 30
0 9080 26
0 9081 30
0 9082 27
0 9083 29
0 9084 26
0 9085 29
0 9086 26
0 9087 29
0 9088 26
0 9089 30
0 9090 26
0 9091 29
0 9092 26
0 9093 30
0 9094 25
0 9095 30
0 9096 26
0 9097 30
0 9098 26
0 9099 29
0 9100 26
0 9101 30
0 9102 25
0 9103 29
0 9104 26
0 9105 29
0 9106 26
0 9107 30
0 9108 26
0 9109 30
0 9110 26
0 9111 30
0 9112 26
0 9113 30
0 9114 26
0 9115 30
0 9116 26
0 9117 29
0 9118 26
0 9119 28
0 9120 26
0 9121 30
0 9122 25
0 9123 30
0 9124 25
0 9125 30
0 9126 26
0 9127 30
0 9128 26
0 9129 30
0 9130 26
0 9131 29
0 9132 26
0 9133 30
0 9134 26
0 9135 30
0 9136 26
0 9137 29
0 9138 26
0 9139 28
0 9140 26
0 9141 30
0 9142 25
0 9143 30
0 9144 26
0 9145 30
0 9146 26
0 9147 30
0 9148 26
0 9149 30
0 9150 26
0 9151 30
0 9152 26
0 9153 30
0 9154 26
0 9155 30
0 9156 26
0 9157 30
0 9158 26
0 9159 30
0 9160 25
0 9161 30
0 9162 26
0 9163 29
0 9164 26
0 9165 29
0 9166 26
0 9167 29
0 9168 26
0 9169 30
0 9170 25
0 9171 30
0 9172 25
0 9173 30
0 9174 26
0 9175 29
0 9176 26
0 9177 30
0 9178 26
0 9179 30
0 9180 26
0 9181 30
0 9182 27
0 9183 29
0 9184 26
0 9185 29
0 9186 26
0 9187 29
0 9188 26
0 9189 30
0 9190 25
0 9191 30
0 9192 25
0 9193 30
0 9194 26
0 9195 29
0 9196 26
0 9197 29
0 9198 26
0 9199 28
0 9200 26
0 9201 30
0 9202 25
0 9203 30
0 9204 26
0 9205 30
0 9206 26
0 9207 30
0 9208 26
0 9209 30
0 9210 26
0 9211 29
0 9212 26
0 9213 30
0 9214 26
0 9215 30
0 9216 26
0 9217 29
0 9218 26
0 9219 28
0 9220 26
0 9221 29
0 9222 26
0 9223 30
0 9224 25
0 9225 30
0 9226 25
0 9227 29
0 9228 26
0 9229 29
0 9230 26
0 9231 29
0 9232 26
0 9233 30
0 9234 26
0 9235 30
0 9236 26
0 9237 29
0 9238 26
0 9239 28
0 9240 26
0 9241 30
0 9242 25
0 9243 29
0 9244 26
0 9245 30
0 9246 26
0 9247 30
0 9248 25
0 9249 30
0 9250 26
0 9251 29
0 9252 26
0 9253 30
0 9254 26
0 9255 30
0 9256 26
0 9257 29
0 9258 26
0 9259 30
0 9260 26
0 9261 30
0 9262 26
0 9263 29
0 9264 26
0 9265 29
0 9266 26
0 9267 30
0 9268 26
0 9269 30
0 9270 25
0 9271 30
0 9272 26
0 9273 29
0 9274 26
0 9275 29
0 9276 26
0 9277 30
0 9278 26
0 9279 30
0 9280 25
0 9281 30
0 9282 26
0 9283 29
0 9284 26
0 9285 29
0 9286 26
0 9287 29
0 9288 26
0 9289 30
0 9290 25
0 9291 30
0 9292 25
0 9293 30
0 9294 26
0 9295 29
0 9296 26
0 9297 30
0 9298 26
0 9299 29
0 9300 26
0 9301 30
0 9302 26
0 9303 29
0 9304 26
0 9305 30
0 9306 26
0 9307 30
0 9308 26
0 9309 30
0 9310 26
0 9311 30
0 9312 26
0 9313 30
0 9314 26
0 9315 30
0 9316 26
0 9317 29
0 9318 26
0 9319 28
0 9320 26
0 9321 30
0 9322 25
0 9323 29
0 9324 26
0 9325 29
0 9326 26
0 9327 30
0 9328 26
0 9329 29
0 9330 26
0 9331 29
0 9332 26
0 9333 30
0 9334 26
0 9335 30
0 9336 26
0 9337 29
0 9338 26
0 9339 28
0 9340 26
0 9341 30
0 9342 25
0 9343 29
0 9344 26
0 9345 29
0 9346 25
0 9347 29
0 9348 26
0 9349 29
0 9350 26
0 9351 30
0 9352 26
0 9353 30
0 9354 25
0 9355 29
0 9356 26
0 9357 30
0 9358 26
0 9359 29
0 9360 25
0 9361 30
0 9362 25
0 9363 29
0 9364 26
0 9365 29
0 9366 26
0 9367 29
0 9368 26
0 9369 29
0 9370 26
0 9371 30
0 9372 26
0 9373 29
0 9374 26
0 9375 29
0 9376 26
0 9377 30
0 9378 26
0 9379 30
0 9380 26
0 9381 30
0 9382 27
0 9383 29
0 9384 27
0 9385 29
0 9386 26
0 9387 29
0 9388 26
0 9389 30
0 9390 26
0 9391 30
0 9392 25
0 9393 30
0 9394 25
0 9395 30
0 9396 26
0 9397 29
0 9398 26
0 9399 28
0 9400 26
0 9401 30
0 9402 25
0 9403 29
0 9404 26
0 9405 29
0 9406 26
0 9407 30
0 9408 26
0 9409 30
0 9410 26
0 9411 28
0 9412 26
0 9413 30
0 9414 26
0 9415 30
0 9416 26
0 9417 30
0 9418 26
0 9419 28
0 9420 26
0 9421 30
0 9422 25
0 9423 30
0 9424 26
0 9425 30
0 9426 25
0 9427 30
0 9428 26
0 9429 29
0 9430 26
0 9431 30
0 9432 26
0 9433 30
0 9434 26
0 9435 30
0 9436 26
0 9437 29
0 9438 26
0 9439 30
0 9440 26
0 9441 30
0 9442 25
0 9443 30
0 9444 26
0 9445 30
0 9446 26
0 9447 30
0 9448 26
0 9449 30
0 9450 26
0 9451 30
0 9452 26
0 9453 30
0 9454 25
0 9455 29
0 9456 26
0 9457 30
0 9458 26
0 9459 30
0 9460 26
0 9461 30
0 9462 26
0 9463 29
0 9464 26
0 9465 29
0 9466 26
0 9467 29
0 9468 26
0 9469 30
0 9470 26
0 9471 30
0 9472 26
0 9473 30
0 9474 26
0 9475 29
0 9476 26
0 9477 30
0 9478 26
0 9479 30
0 9480 25
0 9481 30
0 9482 26
0 9483 29
0 9484 26
0 9485 29
0 9486 26
0 9487 29
0 9488 26
0 9489 30
0 9490 25
0 9491 30
0 9492 26
0 9493 30
0 9494 25
0 9495 29
0 9496 25
0 9497 30
0 9498 26
0 9499 28
0 9500 26
0 9501 30
0 9502 25
0 9503 29
0 9504 26
0 9505 29
0 9506 26
0 9507 30
0 9508 26
0 9509 29
0 9510 26
0 9511 30
0 9512 26
0 9513 30
0 9514 26
0 9515 30
0 9516 26
0 9517 29
0 9518 26
0 9519 29
0 9520 26
0 9521 30
0 9522 25
0 9523 30
0 9524 25
0 9525 30
0 9526 25
0 9527 30
0 9528 26
0 9529 30
0 9530 26
0 9531 30
0 9532 26
0 9533 30
0 9534 26
0 9535 30
0 9536 26
0 9537 29
0 9538 26
0 9539 28
0 9540 26
0 9541 30
0 9542 25
0 9543 29
0 9544 26
0 9545 29
0 9546 26
0 9547 30
0 9548 25
0 9549 30
0 9550 26
0 9551 30
0 9552 26
0 9553 30
0 9554 25
0 9555 29
0 9556 26
0 9557 30
0 9558 26
0 9559 30
0 9560 25
0 9561 30
0 9562 26
0 9563 29
0 9564 26
0 9565 29
0 9566 26
0 9567 29
0 9568 26
0 9569 30
0 9570 25
0 9571 30
0 9572 26
0 9573 30
0 9574 26
0 9575 29
0 9576 26
0 9577 30
0 9578 26
0 9579 29
0 9580 26
0 9581 30
0 9582 26
0 9583 29
0 9584 26
0 9585 29
0 9586 26
0 9587 29
0 9588 26
0 9589 30
0 9590 26
0 9591 30
0 9592 25
0 9593 30
0 9594 25
0 9595 30
0 9596 26
0 9597 30
0 9598 26
0 9599 29
0 9600 26
0 9601 30
0 9602 25
0 9603 30
0 9604 25
0 9605 30
0 9606 25
0 9607 30
0 9608 26
0 9609 29
0 9610 26
0 9611 28
0 9612 26
0 9613 30
0 9614 26
0 9615 30
0 9616 26
0 9617 29
0 9618 26
0 9619 28
0 9620 26
0 9621 30
0 9622 25
0 9623 30
0 9624 26
0 9625 30
0 9626 26
0 9627 30
0 9628 26
0 9629 30
0 9630 26
0 9631 30
0 9632 26
0 9633 30
0 9634 26
0 9635 30
0 9636 26
0 9637 29
0 9638 26
0 9639 29
0 9640 26
0 9641 30
0 9642 26
0 9643 29
0 9644 26
0 9645 29
0 9646 26
0 9647 30
0 9648 26
0 9649 30
0 9650 25
0 9651 30
0 9652 25
0 9653 30
0 9654 26
0 9655 29
0 9656 26
0 9657 29
0 9658 26
0 9659 30
0 9660 25
0 9661 30
0 9662 26
0 9663 29
0 9664 26
0 9665 29
0 9666 26
0 9667 29
0 9668 26
0 9669 30
0 9670 26
0 9671 30
0 9672 26
0 9673 30
0 9674 26
0 9675 29
0 9676 26
0 9677 30
0 9678 26
0 9679 30
0 9680 25
0 9681 30
0 9682 26
0 9683 29
0 9684 26
0 9685 29
0 9686 26
0 9687 30
0 9688 26
0 9689 30
0 9690 26
0 9691 30
0 9692 26
0 9693 30
0 9694 25
0 9695 30
0 9696 26
0 9697 29
0 9698 26
0 9699 28
0 9700 26
0 9701 30
0 9702 25
0 9703 30
0 9704 26
0 9705 29
0 9706 26
0 9707 30
0 9708 26
0 9709 29
0 9710 26
0 9711 30
0 9712 26
0 9713 30
0 9714 26
0 9715 30
0 9716 26
0 9717 29
0 9718 26
0 9719 28
0 9720 26
0 9721 30
0 9722 25
0 9723 29
0 9724 26
0 9725 30
0 9726 26
0 9727 30
0 9728 26
0 9729 30
0 9730 26
0 9731 28
0 9732 26
0 9733 30
0 9734 26
0 9735 30
0 9736 26
0 9737 29
0 9738 26
0 9739 28
0 9740 26
0 9741 30
0 9742 26
0 9743 29
0 9744 26
0 9745 29
0 9746 26
0 9747 29
0 9748 26
0 9749 30
0 9750 26
0 9751 30
0 9752 25
0 9753 30
0 9754 26
0 9755 29
0 9756 26
0 9757 30
0 9758 26
0 9759 30
0 9760 25
0 9761 30
0 9762 26
0 9763 29
0 9764 26
0 9765 29
0 9766 26
0 9767 29
0 9768 26
0 9769 30
0 9770 25
0 9771 30
0 9772 25
0 9773 30
0 9774 26
0 9775 29
0 9776 26
0 9777 30
0 9778 26
0 9779 28
0 9780 26
0 9781 30
0 9782 26
0 9783 29
0 9784 26
0 9785 29
0 9786 26
0 9787 30
0 9788 25
0 9789 30
0 9790 26
0 9791 30
0 9792 26
0 9793 30
0 9794 26
0 9795 30
0 9796 26
0 9797 29
0 9798 26
0 9799 28
0 9800 26
0 9801 30
0 9802 25
0 9803 30
0 9804 25
0 9805 30
0 9806 26
0 9807 30
0 9808 26
0 9809 29
0 9810 26
0 9811 28
0 9812 26
0 9813 30
0 9814 26
0 9815 30
0 9816 26
0 9817 29
0 9818 26
0 9819 28
0 9820 26
0 9821 30
0 9822 25
0 9823 30
0 9824 26
0 9825 30
0 9826 25
0 9827 29
0 9828 26
0 9829 28
0 9830 26
0 9831 30
0 9832 26
0 9833 30
0 9834 26
0 9835 30
0 9836 26
0 9837 30
0 9838 26
0 9839 30
0 9840 26
0 9841 30
0 9842 25
0 9843 29
0 9844 26
0 9845 29
0 9846 26
0 9847 30
0 9848 26
0 9849 30
0 9850 25
0 9851 30
0 9852 26
0 9853 30
0 9854 26
0 9855 29
0 9856 26
0 9857 30
0 9858 26
0 9859 28
0 9860 26
0 9861 30
0 9862 26
0 9863 29
0 9864 26
0 9865 29
0 9866 26
0 9867 29
0 9868 26
0 9869 30
0 9870 25
0 9871 30
0 9872 25
0 9873 30
0 9874 25
0 9875 29
0 9876 26
0 9877 30
0 9878 26
0 9879 30
0 9880 25
0 9881 30
0 9882 26
0 9883 29
0 9884 26
0 9885 29
0 9886 26
0 9887 30
0 9888 25
0 9889 30
0 9890 26
0 9891 29
0 9892 26
0 9893 30
0 9894 26
0 9895 30
0 9896 26
0 9897 29
0 9898 26
0 9899 28
0 9900 26
0 9901 30
0 9902 25
0 9903 29
0 9904 26
0 9905 30
0 9906 25
0 9907 30
0 9908 26
0 9909 29
0 9910 26
0 9911 29
0 9912 26
0 9913 30
0 9914 26
0 9915 30
0 9916 26
0 9917 29
0 9918 26
0 9919 28
0 9920 26
0 9921 30
0 9922 25
0 9923 30
0 9924 26
0 9925 30
0 9926 26
0 9927 30
0 9928 26
0 9929 29
0 9930 26
0 9931 30
0 9932 26
0 9933 30
0 9934 26
0 9935 30
0 9936 26
0 9937 29
0 9938 26
0 9939 28
0 9940 26
0 9941 30
0 9942 25
0 9943 29
0 9944 26
0 9945 29
0 9946 26
0 9947 29
0 9948 26
0 9949 30
0 9950 26
0 9951 30
0 9952 25
0 9953 30
0 9954 26
0 9955 29
0 9956 26
0 9957 30
0 9958 26
0 9959 30
0 9960 25
0 9961 30
0 9962 26
0 9963 29
0 9964 26
0 9965 29
0 9966 26
0 9967 29
0 9968 26
0 9969 30
0 9970 25
0 9971 30
0 9972 25
0 9973 30
0 9974 26
0 9975 30
0 9976 25
0 9977 29
0 9978 26
0 9979 30
0 9980 26
0 9981 30
0 9982 26
0 9983 29
0 9984 26
0 9985 30
0 9986 25
0 9987 29
0 9988 26
0 9989 28
0 9990 26
0 9991 30
0 9992 26
0 9993 30
0 9994 26
0 9995 30
0 9996 26
0 9997 29
0 9998 26
0 9999 28
