 5458 29
3 5459 30
3 5460 29
3 5461 31
3 5462 31
3 5463 31
3 5464 31
3 5465 31
3 5466 30
3 5467 31
3 5468 31
3 5469 31
3 5470 30480 29
2 7481 29
2 7482 29
2 7483 29
2 7484 29
2 7485 29
2 7486 29
2 7487 29
2 7488 29
2 7489 29
2 7490 29
2 7491 29
2 7492 29
2 7493 29
2 7494 29
2 7495 29
2 7496 29
2 7497 29
2 7498 29
2 7499 29
2 7500 29
2 7501 29
2 7502 29
2 7503 29
2 7504 29
2 7505 29
2 7506 29
2 7507 29
2 7508 29
2 7509 29
2 7510 29
2 7511 29
2 7512 29
2 7513 29
2 7514 30
2 7515 29
2 7516 29
2 7517 29
2 7518 29
2 7519 29
2 7520 29
2 7521 29
2 7522 29
2 7523 29
2 7524 29
2 7525 29
2 7526 29
2 7527 29
2 7528 29
2 7529 29
2 7530 29
2 7531 29
2 7532 29
2 7533 29
2 7534 29
2 7535 29
2 7536 29
2 7537 29
2 7538 29
2 7539 29
2 7540 29
2 7541 29
2 7542 29
2 7543 29
2 7544 29
2 7545 29
2 7546 29
2 7547 29
2 7548 29
2 7549 29
2 7550 29
2 7551 29
2 7552 29
2 7553 29
2 7554 29
2 7555 29
2 7556 29
2 7557 29
2 7558 29
2 7559 29
2 7560 29
2 7561 29
2 7562 29
2 7563 29
2 7564 29
2 7565 29
2 7566 29
2 7567 29
2 7568 29
2 7569 29
2 7570 29
2 7571 29
2 7572 29
2 7573 29
2 7574 29
2 7575 29
2 7576 29
2 7577 30
2 7578 29
2 7579 29
2 7580 29
2 7581 29
2 7582 29
2 7583 29
2 7584 29
2 7585 29
2 7586 29
2 7587 29
2 7588 29
2 7589 29
2 7590 29
2 7591 29
2 7592 29
2 7593 29
2 7594 29
2 7595 29
2 7596 29
2 7597 29
2 7598 29
2 7599 29
2 7600 29
2 7601 29
2 7602 29
2 7603 29
2 7604 29
2 7605 29
2 7606 29
2 7607 29
2 7608 29
2 7609 29
2 7610 29
2 7611 29
2 7612 29
2 7613 29
2 7614 29
2 7615 29
2 7616 29
2 7617 29
2 7618 29
2 7619 29
2 7620 29
2 7621 29
2 7622 29
2 7623 29
2 7624 29
2 7625 29
2 7626 29
2 7627 29
2 7628 29
2 7629 29
2 7630 29
2 7631 29
2 7632 29
2 7633 29
2 7634 29
2 7635 29
2 7636 29
2 7637 29
2 7638 29
2 7639 29
2 7640 29
2 7641 29
2 7642 29
2 7643 29
2 7644 29
2 7645 29
2 7646 29
2 7647 29
2 7648 29
2 7649 29
2 7650 29
2 7651 29
2 7652 29
2 7653 29
2 7654 29
2 7655 29
2 7656 29
2 7657 29
2 7658 29
2 7659 29
2 7660 29
2 7661 29
2 7662 29
2 7663 29
2 7664 29
2 7665 29
2 7666 29
2 7667 29
2 7668 29
2 7669 29
2 7670 29
2 7671 29
2 7672 29
2 7673 29
2 7674 29
2 7675 29
2 7676 29
2 7677 30
2 7678 30
2 7679 30
2 7680 29
2 7681 29
2 7682 29
2 7683 29
2 7684 29
2 7685 29
2 7686 29
2 7687 29
2 7688 29
2 7689 29
2 7690 29
2 7691 29
2 7692 29
2 7693 29
2 7694 29
2 7695 29
2 7696 29
2 7697 29
2 7698 29
2 7699 29
2 7700 29
2 7701 29
2 7702 29
2 7703 29
2 7704 29
2 7705 29
2 7706 29
2 7707 29
2 7708 29
2 7709 29
2 7710 29
2 7711 29
2 7712 29
2 7713 29
2 7714 29
2 7715 29
2 7716 29
2 7717 29
2 7718 29
2 7719 29
2 7720 29
2 7721 29
2 7722 29
2 7723 29
2 7724 29
2 7725 29
2 7726 29
2 7727 29
2 7728 29
2 7729 29
2 7730 29
2 7731 29
2 7732 29
2 7733 29
2 7734 29
2 7735 29
2 7736 29
2 7737 29
2 7738 29
2 7739 29
2 7740 29
2 7741 29
2 7742 29
2 7743 29
2 7744 29
2 7745 29
2 7746 29
2 7747 29
2 7748 29
2 7749 29
2 7750 29
2 7751 29
2 7752 29
2 7753 29
2 7754 29
2 7755 29
2 7756 29
2 7757 30
2 7758 29
2 7759 29
2 7760 29
2 7761 29
2 7762 29
2 7763 29
2 7764 29
2 7765 29
2 7766 29
2 7767 29
2 7768 29
2 7769 29
2 7770 29
2 7771 29
2 7772 29
2 7773 29
2 7774 29
2 7775 29
2 7776 29
2 7777 30
2 7778 29
2 7779 29
2 7780 29
2 7781 29
2 7782 29
2 7783 29
2 7784 29
2 7785 29
2 7786 29
2 7787 29
2 7788 29
2 7789 29
2 7790 29
2 7791 29
2 7792 29
2 7793 29
2 7794 29
2 7795 29
2 7796 29
2 7797 29
2 7798 29
2 7799 29
2 7800 29
2 7801 29
2 7802 29
2 7803 29
2 7804 29
2 7805 29
2 7806 29
2 7807 29
2 7808 29
2 7809 29
2 7810 29
2 7811 29
2 7812 29
2 7813 29
2 7814 30
2 7815 29
2 7816 29
2 7817 29
2 7818 29
2 7819 29
2 7820 29
2 7821 29
2 7822 29
2 7823 29
2 7824 29
2 7825 29
2 7826 29
2 7827 29
2 7828 29
2 7829 29
2 7830 29
2 7831 29
2 7832 29
2 7833 29
2 7834 29
2 7835 29
2 7836 29
2 7837 29
2 7838 29
2 7839 29
2 7840 29
2 7841 29
2 7842 29
2 7843 29
2 7844 29
2 7845 29
2 7846 29
2 7847 29
2 7848 29
2 7849 29
2 7850 29
2 7851 29
2 7852 29
2 7853 29
2 7854 29
2 7855 29
2 7856 29
2 7857 29
2 7858 29
2 7859 29
2 7860 29
2 7861 29
2 7862 29
2 7863 29
2 7864 29
2 7865 29
2 7866 29
2 7867 29
2 7868 29
2 7869 29
2 7870 29
2 7871 29
2 7872 29
2 7873 29
2 7874 29
2 7875 29
2 7876 29
2 7877 30
2 7878 29
2 7879 29
2 7880 29
2 7881 29
2 7882 29
2 7883 29
2 7884 29
2 7885 29
2 7886 29
2 7887 29
2 7888 29
2 7889 29
2 7890 29
2 7891 29
2 7892 29
2 7893 29
2 7894 29
2 7895 29
2 7896 29
2 7897 29
2 7898 29
2 7899 29
2 7900 29
2 7901 29
2 7902 29
2 7903 29
2 7904 29
2 7905 29
2 7906 29
2 7907 29
2 7908 29
2 7909 29
2 7910 29
2 7911 29
2 7912 29
2 7913 29
2 7914 30
2 7915 29
2 7916 29
2 7917 29
2 7918 29
2 7919 29
2 7920 29
2 7921 29
2 7922 29
2 7923 29
2 7924 29
2 7925 29
2 7926 29
2 7927 29
2 7928 29
2 7929 29
2 7930 29
2 7931 29
2 7932 29
2 7933 29
2 7934 29
2 7935 29
2 7936 29
2 7937 29
2 7938 29
2 7939 29
2 7940 29
2 7941 29
2 7942 29
2 7943 29
2 7944 29
2 7945 29
2 7946 29
2 7947 29
2 7948 29
2 7949 29
2 7950 29
2 7951 29
2 7952 29
2 7953 29
2 7954 29
2 7955 29
2 7956 29
2 7957 29
2 7958 29
2 7959 29
2 7960 29
2 7961 29
2 7962 29
2 7963 29
2 7964 29
2 7965 29
2 7966 29
2 7967 29
2 7968 29
2 7969 29
2 7970 29
2 7971 29
2 7972 29
2 7973 29
2 7974 29
2 7975 29
2 7976 29
2 7977 30
2 7978 29
2 7979 29
2 7980 29
2 7981 29
2 7982 29
2 7983 29
2 7984 29
2 7985 29
2 7986 29
2 7987 29
2 7988 29
2 7989 29
2 7990 29
2 7991 29
2 7992 29
2 7993 29
2 7994 29
2 7995 29
2 7996 29
2 7997 29
2 7998 29
2 7999 29
2 8000 29
2 8001 29
2 8002 29
2 8003 29
2 8004 29
2 8005 29
2 8006 29
2 8007 29
2 8008 29
2 8009 29
2 8010 29
2 8011 29
2 8012 29
2 8013 29
2 8014 29
2 8015 29
2 8016 29
2 8017 29
2 8018 29
2 8019 29
2 8020 29
2 8021 29
2 8022 29
2 8023 29
2 8024 29
2 8025 29
2 8026 29
2 8027 29
2 8028 29
2 8029 29
2 8030 29
2 8031 29
2 8032 29
2 8033 29
2 8034 30
2 8035 29
2 8036 29
2 8037 29
2 8038 29
2 8039 29
2 8040 29
2 8041 29
2 8042 29
2 8043 29
2 8044 29
2 8045 29
2 8046 29
2 8047 29
2 8048 29
2 8049 29
2 8050 29
2 8051 29
2 8052 29
2 8053 29
2 8054 29
2 8055 29
2 8056 29
2 8057 30
2 8058 29
2 8059 29
2 8060 29
2 8061 29
2 8062 29
2 8063 29
2 8064 29
2 8065 29
2 8066 29
2 8067 29
2 8068 29
2 8069 29
2 8070 29
2 8071 29
2 8072 29
2 8073 29
2 8074 29
2 8075 29
2 8076 29
2 8077 30
2 8078 29
2 8079 29
2 8080 29
2 8081 29
2 8082 29
2 8083 29
2 8084 29
2 8085 29
2 8086 29
2 8087 29
2 8088 29
2 8089 29
2 8090 29
2 8091 29
2 8092 29
2 8093 29
2 8094 29
2 8095 29
2 8096 29
2 8097 29
2 8098 29
2 8099 29
2 8100 29
2 8101 29
2 8102 29
2 8103 29
2 8104 29
2 8105 29
2 8106 29
2 8107 29
2 8108 29
2 8109 29
2 8110 29
2 8111 29
2 8112 29
2 8113 29
2 8114 30
2 8115 29
2 8116 29
2 8117 29
2 8118 29
2 8119 29
2 8120 29
2 8121 29
2 8122 29
2 8123 29
2 8124 29
2 8125 29
2 8126 29
2 8127 29
2 8128 29
2 8129 29
2 8130 29
2 8131 29
2 8132 29
2 8133 29
2 8134 29
2 8135 29
2 8136 29
2 8137 29
2 8138 29
2 8139 29
2 8140 29
2 8141 29
2 8142 29
2 8143 29
2 8144 29
2 8145 29
2 8146 29
2 8147 29
2 8148 29
2 8149 29
2 8150 29
2 8151 29
2 8152 29
2 8153 29
2 8154 29
2 8155 29
2 8156 29
2 8157 30
2 8158 29
2 8159 29
2 8160 29
2 8161 29
2 8162 29
2 8163 29
2 8164 29
2 8165 29
2 8166 29
2 8167 29
2 8168 29
2 8169 29
2 8170 29
2 8171 29
2 8172 29
2 8173 29
2 8174 29
2 8175 29
2 8176 29
2 8177 30
2 8178 29
2 8179 29
2 8180 29
2 8181 29
2 8182 29
2 8183 29
2 8184 29
2 8185 29
2 8186 29
2 8187 29
2 8188 29
2 8189 29
2 8190 29
2 8191 29
2 8192 29
2 8193 29
2 8194 30
2 8195 29
2 8196 29
2 8197 29
2 8198 29
2 8199 29
2 8200 29
2 8201 29
2 8202 29
2 8203 29
2 8204 29
2 8205 29
2 8206 29
2 8207 29
2 8208 29
2 8209 29
2 8210 29
2 8211 29
2 8212 29
2 8213 29
2 8214 30
2 8215 29
2 8216 29
2 8217 29
2 8218 29
2 8219 29
2 8220 29
2 8221 29
2 8222 29
2 8223 29
2 8224 29
2 8225 29
2 8226 29
2 8227 29
2 8228 29
2 8229 29
2 8230 29
2 8231 29
2 8232 29
2 8233 29
2 8234 29
2 8235 29
2 8236 29
2 8237 29
2 8238 29
2 8239 29
2 8240 29
2 8241 29
2 8242 29
2 8243 29
2 8244 29
2 8245 29
2 8246 29
2 8247 29
2 8248 29
2 8249 29
2 8250 29
2 8251 29
2 8252 29
2 8253 29
2 8254 29
2 8255 29
2 8256 29
2 8257 29
2 8258 29
2 8259 29
2 8260 29
2 8261 29
2 8262 29
2 8263 29
2 8264 29
2 8265 29
2 8266 29
2 8267 29
2 8268 29
2 8269 29
2 8270 29
2 8271 29
2 8272 29
2 8273 29
2 8274 29
2 8275 29
2 8276 29
2 8277 29
2 8278 29
2 8279 29
2 8280 29
2 8281 29
2 8282 29
2 8283 29
2 8284 29
2 8285 29
2 8286 29
2 8287 29
2 8288 29
2 8289 29
2 8290 29
2 8291 29
2 8292 29
2 8293 29
2 8294 29
2 8295 29
2 8296 29
2 8297 29
2 8298 29
2 8299 29
2 8300 29
2 8301 29
2 8302 29
2 8303 29
2 8304 29
2 8305 29
2 8306 29
2 8307 29
2 8308 29
2 8309 29
2 8310 29
2 8311 29
2 8312 29
2 8313 29
2 8314 30
2 8315 29
2 8316 29
2 8317 29
2 8318 29
2 8319 29
2 8320 29
2 8321 29
2 8322 29
2 8323 29
2 8324 29
2 8325 29
2 8326 29
2 8327 29
2 8328 29
2 8329 29
2 8330 29
2 8331 29
2 8332 29
2 8333 29
2 8334 29
2 8335 29
2 8336 29
2 8337 29
2 8338 29
2 8339 29
2 8340 29
2 8341 29
2 8342 29
2 8343 29
2 8344 29
2 8345 29
2 8346 29
2 8347 29
2 8348 29
2 8349 29
2 8350 29
2 8351 29
2 8352 29
2 8353 29
2 8354 29
2 8355 29
2 8356 29
2 8357 30
2 8358 29
2 8359 30
2 8360 29
2 8361 29
2 8362 29
2 8363 29
2 8364 29
2 8365 29
2 8366 29
2 8367 29
2 8368 29
2 8369 29
2 8370 29
2 8371 29
2 8372 29
2 8373 29
2 8374 29
2 8375 29
2 8376 29
2 8377 29
2 8378 29
2 8379 29
2 8380 29
2 8381 29
2 8382 29
2 8383 29
2 8384 29
2 8385 29
2 8386 29
2 8387 29
2 8388 29
2 8389 29
2 8390 29
2 8391 29
2 8392 29
2 8393 29
2 8394 29
2 8395 29
2 8396 29
2 8397 29
2 8398 29
2 8399 29
2 8400 29
2 8401 29
2 8402 29
2 8403 29
2 8404 29
2 8405 29
2 8406 29
2 8407 29
2 8408 29
2 8409 29
2 8410 29
2 8411 29
2 8412 29
2 8413 29
2 8414 30
2 8415 29
2 8416 29
2 8417 29
2 8418 29
2 8419 29
2 8420 29
2 8421 29
2 8422 29
2 8423 29
2 8424 29
2 8425 29
2 8426 29
2 8427 29
2 8428 29
2 8429 29
2 8430 29
2 8431 29
2 8432 29
2 8433 29
2 8434 29
2 8435 29
2 8436 29
2 8437 29
2 8438 29
2 8439 29
2 8440 29
2 8441 29
2 8442 29
2 8443 29
2 8444 29
2 8445 29
2 8446 29
2 8447 29
2 8448 29
2 8449 29
2 8450 29
2 8451 29
2 8452 29
2 8453 29
2 8454 29
2 8455 29
2 8456 29
2 8457 30
2 8458 29
2 8459 29
2 8460 29
2 8461 29
2 8462 29
2 8463 29
2 8464 29
2 8465 29
2 8466 29
2 8467 29
2 8468 29
2 8469 29
2 8470 29
2 8471 29
2 8472 29
2 8473 29
2 8474 29
2 8475 29
2 8476 29
2 8477 29
2 8478 29
2 8479 29
2 8480 29
2 8481 29
2 8482 29
2 8483 29
2 8484 29
2 8485 29
2 8486 29
2 8487 29
2 8488 29
2 8489 29
2 8490 29
2 8491 29
2 8492 29
2 8493 29
2 8494 30
2 8495 29
2 8496 29
2 8497 29
2 8498 29
2 8499 29
2 8500 29
2 8501 29
2 8502 29
2 8503 29
2 8504 29
2 8505 29
2 8506 29
2 8507 29
2 8508 29
2 8509 29
2 8510 29
2 8511 29
2 8512 29
2 8513 29
2 8514 31
2 8515 29
2 8516 29
2 8517 29
2 8518 29
2 8519 29
2 8520 29
2 8521 29
2 8522 29
2 8523 29
2 8524 29
2 8525 29
2 8526 29
2 8527 29
2 8528 29
2 8529 29
2 8530 29
2 8531 29
2 8532 29
2 8533 29
2 8534 29
2 8535 29
2 8536 29
2 8537 29
2 8538 29
2 8539 29
2 8540 29
2 8541 29
2 8542 29
2 8543 29
2 8544 29
2 8545 29
2 8546 29
2 8547 29
2 8548 29
2 8549 29
2 8550 29
2 8551 29
2 8552 29
2 8553 29
2 8554 29
2 8555 29
2 8556 29
2 8557 30
2 8558 30
2 8559 30
2 8560 29
2 8561 29
2 8562 29
2 8563 29
2 8564 29
2 8565 29
2 8566 29
2 8567 29
2 8568 29
2 8569 29
2 8570 29
2 8571 29
2 8572 29
2 8573 29
2 8574 29
2 8575 29
2 8576 29
2 8577 29
2 8578 29
2 8579 29
2 8580 29
2 8581 29
2 8582 29
2 8583 29
2 8584 29
2 8585 29
2 8586 29
2 8587 29
2 8588 29
2 8589 29
2 8590 29
2 8591 29
2 8592 29
2 8593 29
2 8594 30
2 8595 29
2 8596 29
2 8597 29
2 8598 29
2 8599 29
2 8600 29
2 8601 29
2 8602 29
2 8603 29
2 8604 29
2 8605 29
2 8606 29
2 8607 29
2 8608 29
2 8609 29
2 8610 29
2 8611 30
2 8612 29
2 8613 30
2 8614 29
2 8615 29
2 8616 29
2 8617 29
2 8618 29
2 8619 29
2 8620 29
2 8621 29
2 8622 29
2 8623 29
2 8624 29
2 8625 29
2 8626 29
2 8627 29
2 8628 29
2 8629 29
2 8630 29
2 8631 29
2 8632 29
2 8633 29
2 8634 29
2 8635 29
2 8636 29
2 8637 29
2 8638 29
2 8639 29
2 8640 29
2 8641 29
2 8642 29
2 8643 29
2 8644 29
2 8645 29
2 8646 29
2 8647 29
2 8648 29
2 8649 29
2 8650 29
2 8651 29
2 8652 29
2 8653 29
2 8654 29
2 8655 29
2 8656 29
2 8657 30
2 8658 29
2 8659 29
2 8660 29
2 8661 29
2 8662 29
2 8663 29
2 8664 29
2 8665 29
2 8666 29
2 8667 29
2 8668 29
2 8669 29
2 8670 29
2 8671 29
2 8672 29
2 8673 29
2 8674 29
2 8675 29
2 8676 29
2 8677 29
2 8678 29
2 8679 29
2 8680 29
2 8681 29
2 8682 29
2 8683 29
2 8684 29
2 8685 29
2 8686 29
2 8687 29
2 8688 29
2 8689 29
2 8690 29
2 8691 29
2 8692 29
2 8693 29
2 8694 29
2 8695 29
2 8696 29
2 8697 29
2 8698 29
2 8699 29
2 8700 29
2 8701 29
2 8702 29
2 8703 29
2 8704 29
2 8705 29
2 8706 29
2 8707 29
2 8708 29
2 8709 29
2 8710 29
2 8711 29
2 8712 29
2 8713 29
2 8714 29
2 8715 29
2 8716 29
2 8717 29
2 8718 29
2 8719 29
2 8720 29
2 8721 29
2 8722 29
2 8723 29
2 8724 29
2 8725 29
2 8726 29
2 8727 29
2 8728 29
2 8729 29
2 8730 29
2 8731 29
2 8732 29
2 8733 29
2 8734 29
2 8735 29
2 8736 29
2 8737 29
2 8738 29
2 8739 29
2 8740 29
2 8741 29
2 8742 29
2 8743 29
2 8744 29
2 8745 29
2 8746 29
2 8747 29
2 8748 29
2 8749 29
2 8750 29
2 8751 29
2 8752 29
2 8753 29
2 8754 29
2 8755 29
2 8756 29
2 8757 30
2 8758 29
2 8759 29
2 8760 29
2 8761 29
2 8762 29
2 8763 29
2 8764 29
2 8765 29
2 8766 29
2 8767 29
2 8768 29
2 8769 29
2 8770 29
2 8771 29
2 8772 29
2 8773 29
2 8774 29
2 8775 29
2 8776 29
2 8777 29
2 8778 29
2 8779 29
2 8780 29
2 8781 29
2 8782 29
2 8783 29
2 8784 29
2 8785 29
2 8786 29
2 8787 29
2 8788 29
2 8789 29
2 8790 29
2 8791 29
2 8792 29
2 8793 29
2 8794 29
2 8795 29
2 8796 29
2 8797 29
2 8798 29
2 8799 29
2 8800 29
2 8801 29
2 8802 29
2 8803 29
2 8804 29
2 8805 29
2 8806 29
2 8807 29
2 8808 29
2 8809 29
2 8810 29
2 8811 29
2 8812 29
2 8813 29
2 8814 29
2 8815 29
2 8816 29
2 8817 29
2 8818 29
2 8819 29
2 8820 29
2 8821 29
2 8822 29
2 8823 29
2 8824 29
2 8825 29
2 8826 29
2 8827 29
2 8828 29
2 8829 29
2 8830 29
2 8831 29
2 8832 29
2 8833 29
2 8834 29
2 8835 29
2 8836 29
2 8837 29
2 8838 29
2 8839 29
2 8840 29
2 8841 29
2 8842 29
2 8843 29
2 8844 29
2 8845 29
2 8846 29
2 8847 29
2 8848 29
2 8849 29
2 8850 29
2 8851 29
2 8852 29
2 8853 29
2 8854 29
2 8855 29
2 8856 29
2 8857 30
2 8858 29
2 8859 29
2 8860 29
2 8861 29
2 8862 29
2 8863 29
2 8864 29
2 8865 29
2 8866 29
2 8867 29
2 8868 29
2 8869 29
2 8870 29
2 8871 29
2 8872 29
2 8873 29
2 8874 29
2 8875 29
2 8876 29
2 8877 29
2 8878 29
2 8879 29
2 8880 29
2 8881 29
2 8882 29
2 8883 29
2 8884 29
2 8885 29
2 8886 29
2 8887 29
2 8888 29
2 8889 29
2 8890 29
2 8891 29
2 8892 29
2 8893 29
2 8894 30
2 8895 29
2 8896 29
2 8897 29
2 8898 29
2 8899 29
2 8900 29
2 8901 29
2 8902 29
2 8903 29
2 8904 29
2 8905 29
2 8906 29
2 8907 29
2 8908 29
2 8909 29
2 8910 29
2 8911 29
2 8912 29
2 8913 29
2 8914 29
2 8915 29
2 8916 29
2 8917 29
2 8918 29
2 8919 29
2 8920 29
2 8921 29
2 8922 29
2 8923 29
2 8924 29
2 8925 29
2 8926 29
2 8927 29
2 8928 29
2 8929 29
2 8930 29
2 8931 29
2 8932 29
2 8933 29
2 8934 29
2 8935 29
2 8936 29
2 8937 29
2 8938 29
2 8939 29
2 8940 29
2 8941 29
2 8942 29
2 8943 29
2 8944 29
2 8945 29
2 8946 29
2 8947 29
2 8948 29
2 8949 29
2 8950 29
2 8951 29
2 8952 29
2 8953 29
2 8954 29
2 8955 29
2 8956 29
2 8957 30
2 8958 29
2 8959 29
2 8960 29
2 8961 29
2 8962 29
2 8963 29
2 8964 29
2 8965 29
2 8966 29
2 8967 29
2 8968 29
2 8969 29
2 8970 29
2 8971 29
2 8972 29
2 8973 29
2 8974 29
2 8975 29
2 8976 29
2 8977 29
2 8978 29
2 8979 29
2 8980 29
2 8981 29
2 8982 29
2 8983 29
2 8984 29
2 8985 29
2 8986 29
2 8987 29
2 8988 29
2 8989 29
2 8990 29
2 8991 29
2 8992 29
2 8993 29
2 8994 31
2 8995 29
2 8996 29
2 8997 29
2 8998 29
2 8999 29
2 9000 29
2 9001 29
2 9002 29
2 9003 29
2 9004 29
2 9005 29
2 9006 29
2 9007 29
2 9008 29
2 9009 29
2 9010 29
2 9011 29
2 9012 29
2 9013 29
2 9014 29
2 9015 29
2 9016 29
2 9017 29
2 9018 29
2 9019 29
2 9020 29
2 9021 29
2 9022 29
2 9023 29
2 9024 29
2 9025 29
2 9026 29
2 9027 29
2 9028 29
2 9029 29
2 9030 29
2 9031 29
2 9032 29
2 9033 29
2 9034 29
2 9035 29
2 9036 29
2 9037 30
2 9038 29
2 9039 29
2 9040 29
2 9041 29
2 9042 29
2 9043 29
2 9044 29
2 9045 29
2 9046 29
2 9047 29
2 9048 29
2 9049 29
2 9050 29
2 9051 29
2 9052 29
2 9053 29
2 9054 29
2 9055 29
2 9056 29
2 9057 30
2 9058 29
2 9059 29
2 9060 29
2 9061 29
2 9062 29
2 9063 29
2 9064 29
2 9065 29
2 9066 29
2 9067 29
2 9068 29
2 9069 29
2 9070 29
2 9071 29
2 9072 29
2 9073 29
2 9074 29
2 9075 29
2 9076 29
2 9077 29
2 9078 29
2 9079 29
2 9080 29
2 9081 29
2 9082 29
2 9083 29
2 9084 29
2 9085 29
2 9086 29
2 9087 29
2 9088 29
2 9089 29
2 9090 29
2 9091 30
2 9092 29
2 9093 30
2 9094 31
2 9095 29
2 9096 29
2 9097 29
2 9098 29
2 9099 29
2 9100 29
2 9101 29
2 9102 29
2 9103 29
2 9104 29
2 9105 29
2 9106 29
2 9107 29
2 9108 29
2 9109 29
2 9110 29
2 9111 29
2 9112 29
2 9113 29
2 9114 29
2 9115 29
2 9116 29
2 9117 29
2 9118 29
2 9119 29
2 9120 29
2 9121 29
2 9122 29
2 9123 29
2 9124 29
2 9125 29
2 9126 29
2 9127 29
2 9128 29
2 9129 29
2 9130 29
2 9131 29
2 9132 29
2 9133 29
2 9134 29
2 9135 29
2 9136 29
2 9137 30
2 9138 29
2 9139 29
2 9140 29
2 9141 29
2 9142 29
2 9143 29
2 9144 29
2 9145 29
2 9146 29
2 9147 29
2 9148 29
2 9149 29
2 9150 29
2 9151 29
2 9152 29
2 9153 29
2 9154 29
2 9155 29
2 9156 29
2 9157 29
2 9158 29
2 9159 29
2 9160 29
2 9161 29
2 9162 29
2 9163 29
2 9164 29
2 9165 29
2 9166 29
2 9167 29
2 9168 29
2 9169 29
2 9170 29
2 9171 29
2 9172 29
2 9173 29
2 9174 29
2 9175 29
2 9176 29
2 9177 29
2 9178 29
2 9179 29
2 9180 29
2 9181 29
2 9182 29
2 9183 29
2 9184 29
2 9185 29
2 9186 29
2 9187 29
2 9188 29
2 9189 29
2 9190 29
2 9191 29
2 9192 29
2 9193 29
2 9194 29
2 9195 29
2 9196 29
2 9197 29
2 9198 29
2 9199 29
2 9200 29
2 9201 29
2 9202 29
2 9203 29
2 9204 29
2 9205 29
2 9206 29
2 9207 29
2 9208 29
2 9209 29
2 9210 29
2 9211 29
2 9212 29
2 9213 29
2 9214 29
2 9215 29
2 9216 29
2 9217 29
2 9218 29
2 9219 29
2 9220 29
2 9221 29
2 9222 29
2 9223 29
2 9224 29
2 9225 29
2 9226 29
2 9227 29
2 9228 29
2 9229 29
2 9230 29
2 9231 29
2 9232 29
2 9233 29
2 9234 29
2 9235 29
2 9236 29
2 9237 30
2 9238 29
2 9239 30
2 9240 29
2 9241 29
2 9242 29
2 9243 29
2 9244 29
2 9245 29
2 9246 29
2 9247 29
2 9248 29
2 9249 29
2 9250 29
2 9251 29
2 9252 29
2 9253 29
2 9254 29
2 9255 29
2 9256 29
2 9257 29
2 9258 29
2 9259 29
2 9260 29
2 9261 29
2 9262 29
2 9263 29
2 9264 29
2 9265 29
2 9266 29
2 9267 29
2 9268 29
2 9269 29
2 9270 29
2 9271 29
2 9272 29
2 9273 29
2 9274 29
2 9275 29
2 9276 29
2 9277 29
2 9278 29
2 9279 29
2 9280 29
2 9281 29
2 9282 29
2 9283 29
2 9284 29
2 9285 29
2 9286 29
2 9287 29
2 9288 29
2 9289 29
2 9290 29
2 9291 29
2 9292 29
2 9293 29
2 9294 29
2 9295 29
2 9296 29
2 9297 29
2 9298 29
2 9299 29
2 9300 29
2 9301 29
2 9302 29
2 9303 29
2 9304 29
2 9305 29
2 9306 29
2 9307 29
2 9308 29
2 9309 29
2 9310 29
2 9311 29
2 9312 29
2 9313 29
2 9314 29
2 9315 29
2 9316 29
2 9317 29
2 9318 29
2 9319 29
2 9320 29
2 9321 29
2 9322 29
2 9323 29
2 9324 29
2 9325 29
2 9326 29
2 9327 29
2 9328 29
2 9329 29
2 9330 29
2 9331 29
2 9332 29
2 9333 29
2 9334 29
2 9335 29
2 9336 29
2 9337 30
2 9338 29
2 9339 29
2 9340 29
2 9341 29
2 9342 29
2 9343 29
2 9344 29
2 9345 29
2 9346 29
2 9347 29
2 9348 29
2 9349 29
2 9350 29
2 9351 29
2 9352 29
2 9353 29
2 9354 29
2 9355 29
2 9356 29
2 9357 29
2 9358 29
2 9359 29
2 9360 29
2 9361 29
2 9362 29
2 9363 29
2 9364 29
2 9365 29
2 9366 29
2 9367 29
2 9368 29
2 9369 29
2 9370 29
2 9371 29
2 9372 29
2 9373 29
2 9374 29
2 9375 29
2 9376 29
2 9377 29
2 9378 29
2 9379 29
2 9380 29
2 9381 29
2 9382 29
2 9383 29
2 9384 29
2 9385 29
2 9386 29
2 9387 29
2 9388 29
2 9389 29
2 9390 29
2 9391 29
2 9392 29
2 9393 29
2 9394 30
2 9395 29
2 9396 29
2 9397 29
2 9398 29
2 9399 29
2 9400 29
2 9401 29
2 9402 29
2 9403 29
2 9404 29
2 9405 29
2 9406 29
2 9407 29
2 9408 29
2 9409 29
2 9410 29
2 9411 29
2 9412 29
2 9413 29
2 9414 29
2 9415 29
2 9416 29
2 9417 29
2 9418 29
2 9419 29
2 9420 29
2 9421 29
2 9422 29
2 9423 29
2 9424 29
2 9425 29
2 9426 29
2 9427 29
2 9428 29
2 9429 29
2 9430 29
2 9431 29
2 9432 29
2 9433 29
2 9434 29
2 9435 29
2 9436 29
2 9437 30
2 9438 29
2 9439 29
2 9440 29
2 9441 29
2 9442 29
2 9443 29
2 9444 29
2 9445 29
2 9446 29
2 9447 29
2 9448 29
2 9449 29
2 9450 29
2 9451 29
2 9452 29
2 9453 29
2 9454 29
2 9455 29
2 9456 29
2 9457 29
2 9458 29
2 9459 29
2 9460 29
2 9461 29
2 9462 29
2 9463 29
2 9464 29
2 9465 29
2 9466 29
2 9467 29
2 9468 29
2 9469 29
2 9470 29
2 9471 29
2 9472 29
2 9473 29
2 9474 31
2 9475 29
2 9476 29
2 9477 29
2 9478 29
2 9479 29
2 9480 29
2 9481 29
2 9482 29
2 9483 29
2 9484 29
2 9485 29
2 9486 29
2 9487 29
2 9488 29
2 9489 29
2 9490 29
2 9491 29
2 9492 29
2 9493 29
2 9494 30
2 9495 29
2 9496 29
2 9497 29
2 9498 29
2 9499 29
2 9500 29
2 9501 29
2 9502 29
2 9503 29
2 9504 29
2 9505 29
2 9506 29
2 9507 29
2 9508 29
2 9509 29
2 9510 29
2 9511 29
2 9512 29
2 9513 29
2 9514 29
2 9515 29
2 9516 29
2 9517 29
2 9518 29
2 9519 29
2 9520 29
2 9521 29
2 9522 29
2 9523 29
2 9524 29
2 9525 29
2 9526 29
2 9527 29
2 9528 29
2 9529 29
2 9530 29
2 9531 29
2 9532 29
2 9533 29
2 9534 29
2 9535 29
2 9536 29
2 9537 30
2 9538 29
2 9539 29
2 9540 29
2 9541 29
2 9542 29
2 9543 29
2 9544 29
2 9545 29
2 9546 29
2 9547 29
2 9548 29
2 9549 29
2 9550 29
2 9551 29
2 9552 29
2 9553 29
2 9554 29
2 9555 29
2 9556 29
2 9557 29
2 9558 29
2 9559 29
2 9560 29
2 9561 29
2 9562 29
2 9563 29
2 9564 29
2 9565 29
2 9566 29
2 9567 29
2 9568 29
2 9569 29
2 9570 29
2 9571 29
2 9572 29
2 9573 29
2 9574 29
2 9575 29
2 9576 29
2 9577 29
2 9578 29
2 9579 29
2 9580 29
2 9581 29
2 9582 29
2 9583 29
2 9584 29
2 9585 29
2 9586 29
2 9587 29
2 9588 29
2 9589 29
2 9590 29
2 9591 29
2 9592 29
2 9593 29
2 9594 29
2 9595 29
2 9596 29
2 9597 29
2 9598 29
2 9599 29
2 9600 29
2 9601 29
2 9602 29
2 9603 29
2 9604 29
2 9605 29
2 9606 29
2 9607 29
2 9608 29
2 9609 29
2 9610 29
2 9611 29
2 9612 29
2 9613 29
2 9614 29
2 9615 29
2 9616 29
2 9617 29
2 9618 29
2 9619 29
2 9620 29
2 9621 29
2 9622 29
2 9623 29
2 9624 29
2 9625 29
2 9626 29
2 9627 29
2 9628 29
2 9629 29
2 9630 29
2 9631 29
2 9632 29
2 9633 29
2 9634 29
2 9635 29
2 9636 29
2 9637 29
2 9638 29
2 9639 29
2 9640 29
2 9641 29
2 9642 29
2 9643 29
2 9644 29
2 9645 29
2 9646 29
2 9647 29
2 9648 29
2 9649 29
2 9650 29
2 9651 29
2 9652 29
2 9653 29
2 9654 29
2 9655 29
2 9656 29
2 9657 29
2 9658 29
2 9659 29
2 9660 29
2 9661 29
2 9662 29
2 9663 29
2 9664 29
2 9665 29
2 9666 29
2 9667 29
2 9668 29
2 9669 29
2 9670 29
2 9671 29
2 9672 29
2 9673 29
2 9674 29
2 9675 29
2 9676 29
2 9677 29
2 9678 29
2 9679 29
2 9680 29
2 9681 29
2 9682 29
2 9683 29
2 9684 29
2 9685 29
2 9686 29
2 9687 29
2 9688 29
2 9689 29
2 9690 29
2 9691 29
2 9692 29
2 9693 29
2 9694 29
2 9695 29
2 9696 29
2 9697 29
2 9698 29
2 9699 29
2 9700 29
2 9701 29
2 9702 29
2 9703 29
2 9704 29
2 9705 29
2 9706 29
2 9707 29
2 9708 29
2 9709 29
2 9710 29
2 9711 29
2 9712 29
2 9713 29
2 9714 29
2 9715 29
2 9716 29
2 9717 29
2 9718 29
2 9719 29
2 9720 29
2 9721 29
2 9722 29
2 9723 29
2 9724 29
2 9725 29
2 9726 29
2 9727 29
2 9728 29
2 9729 29
2 9730 29
2 9731 29
2 9732 29
2 9733 29
2 9734 29
2 9735 29
2 9736 29
2 9737 30
2 9738 29
2 9739 29
2 9740 29
2 9741 29
2 9742 29
2 9743 29
2 9744 29
2 9745 29
2 9746 29
2 9747 29
2 9748 29
2 9749 29
2 9750 29
2 9751 29
2 9752 29
2 9753 29
2 9754 29
2 9755 29
2 9756 29
2 9757 29
2 9758 29
2 9759 29
2 9760 29
2 9761 29
2 9762 29
2 9763 29
2 9764 29
2 9765 29
2 9766 29
2 9767 29
2 9768 29
2 9769 29
2 9770 29
2 9771 29
2 9772 29
2 9773 29
2 9774 29
2 9775 29
2 9776 29
2 9777 29
2 9778 29
2 9779 29
2 9780 29
2 9781 29
2 9782 29
2 9783 29
2 9784 29
2 9785 29
2 9786 29
2 9787 29
2 9788 29
2 9789 29
2 9790 29
2 9791 29
2 9792 29
2 9793 29
2 9794 30
2 9795 29
2 9796 29
2 9797 29
2 9798 29
2 9799 29
2 9800 29
2 9801 29
2 9802 29
2 9803 29
2 9804 29
2 9805 29
2 9806 29
2 9807 29
2 9808 29
2 9809 29
2 9810 29
2 9811 29
2 9812 29
2 9813 29
2 9814 29
2 9815 29
2 9816 29
2 9817 30
2 9818 29
2 9819 29
2 9820 29
2 9821 29
2 9822 29
2 9823 29
2 9824 29
2 9825 29
2 9826 29
2 9827 29
2 9828 29
2 9829 29
2 9830 29
2 9831 29
2 9832 29
2 9833 29
2 9834 29
2 9835 29
2 9836 29
2 9837 29
2 9838 29
2 9839 29
2 9840 29
2 9841 29
2 9842 29
2 9843 29
2 9844 29
2 9845 29
2 9846 29
2 9847 29
2 9848 29
2 9849 29
2 9850 29
2 9851 29
2 9852 29
2 9853 29
2 9854 29
2 9855 29
2 9856 29
2 9857 29
2 9858 29
2 9859 29
2 9860 29
2 9861 29
2 9862 29
2 9863 29
2 9864 29
2 9865 29
2 9866 29
2 9867 29
2 9868 29
2 9869 29
2 9870 29
2 9871 29
2 9872 29
2 9873 29
2 9874 29
2 9875 29
2 9876 29
2 9877 29
2 9878 29
2 9879 29
2 9880 29
2 9881 29
2 9882 29
2 9883 29
2 9884 29
2 9885 29
2 9886 29
2 9887 29
2 9888 29
2 9889 29
2 9890 29
2 9891 29
2 9892 29
2 9893 29
2 9894 29
2 9895 29
2 9896 29
2 9897 29
2 9898 29
2 9899 29
2 9900 29
2 9901 29
2 9902 29
2 9903 29
2 9904 29
2 9905 29
2 9906 29
2 9907 29
2 9908 29
2 9909 29
2 9910 29
2 9911 29
2 9912 29
2 9913 29
2 9914 29
2 9915 29
2 9916 29
2 9917 29
2 9918 29
2 9919 29
2 9920 29
2 9921 29
2 9922 29
2 9923 29
2 9924 29
2 9925 29
2 9926 29
2 9927 29
2 9928 29
2 9929 29
2 9930 29
2 9931 29
2 9932 29
2 9933 29
2 9934 29
2 9935 29
2 9936 29
2 9937 30
2 9938 29
2 9939 29
2 9940 29
2 9941 29
2 9942 29
2 9943 29
2 9944 29
2 9945 29
2 9946 29
2 9947 29
2 9948 29
2 9949 29
2 9950 29
2 9951 29
2 9952 29
2 9953 29
2 9954 29
2 9955 29
2 9956 29
2 9957 29
2 9958 29
2 9959 29
2 9960 29
2 9961 29
2 9962 29
2 9963 29
2 9964 29
2 9965 29
2 9966 29
2 9967 29
2 9968 29
2 9969 29
2 9970 29
2 9971 29
2 9972 29
2 9973 29
2 9974 30
2 9975 29
2 9976 29
2 9977 29
2 9978 29
2 9979 29
2 9980 29
2 9981 29
2 9982 29
2 9983 29
2 9984 29
2 9985 29
2 9986 29
2 9987 29
2 9988 29
2 9989 29
2 9990 29
2 9991 29
2 9992 29
2 9993 29
2 9994 29
2 9995 29
2 9996 29
2 9997 29
2 9998 29
2 9999 29
3 0 28
3 1 28
3 2 28
3 3 27
3 4 27
3 5 27
3 6 27
3 7 27
3 8 27
3 9 28
3 10 28
3 11 27
3 12 27
3 13 28
3 14 27
3 15 27
3 16 27
3 17 28
3 18 28
3 19 28
3 20 27
3 21 28
3 22 27
3 23 27
3 24 27
3 25 27
3 26 27
3 27 27
3 28 27
3 29 27
3 30 27
3 31 27
3 32 26
3 33 27
3 34 28
3 35 27
3 36 27
3 37 27
3 38 27
3 39 27
3 40 27
3 41 27
3 42 27
3 43 27
3 44 27
3 45 27
3 46 27
3 47 27
3 48 27
3 49 27
3 50 27
3 51 27
3 52 28
3 53 27
3 54 28
3 55 27
3 56 28
3 57 27
3 58 27
3 59 27
3 60 27
3 61 27
3 62 27
3 63 27
3 64 27
3 65 27
3 66 27
3 67 27
3 68 28
3 69 27
3 70 27
3 71 27
3 72 27
3 73 27
3 74 28
3 75 28
3 76 27
3 77 27
3 78 27
3 79 27
3 80 27
3 81 27
3 82 27
3 83 27
3 84 28
3 85 27
3 86 27
3 87 27
3 88 27
3 89 27
3 90 27
3 91 27
3 92 27
3 93 28
3 94 27
3 95 27
3 96 27
3 97 28
3 98 28
3 99 28
3 100 28
3 101 27
3 102 29
3 103 28
3 104 29
3 105 29
3 106 30
3 107 30
3 108 29
3 109 29
3 110 30
3 111 30
3 112 28
3 113 29
3 114 30
3 115 30
3 116 29
3 117 29
3 118 29
3 119 29
3 120 29
3 121 29
3 122 29
3 123 29
3 124 29
3 125 29
3 126 29
3 127 29
3 128 29
3 129 29
3 130 29
3 131 29
3 132 29
3 133 29
3 134 30
3 135 29
3 136 29
3 137 29
3 138 29
3 139 29
3 140 29
3 141 29
3 142 29
3 143 29
3 144 29
3 145 29
3 146 29
3 147 29
3 148 29
3 149 29
3 150 29
3 151 29
3 152 29
3 153 29
3 154 30
3 155 29
3 156 29
3 157 29
3 158 29
3 159 29
3 160 29
3 161 29
3 162 29
3 163 29
3 164 29
3 165 29
3 166 29
3 167 29
3 168 29
3 169 29
3 170 29
3 171 29
3 172 29
3 173 29
3 174 30
3 175 29
3 176 29
3 177 29
3 178 29
3 179 29
3 180 29
3 181 29
3 182 29
3 183 29
3 184 29
3 185 29
3 186 29
3 187 29
3 188 29
3 189 29
3 190 29
3 191 29
3 192 29
3 193 29
3 194 29
3 195 29
3 196 29
3 197 29
3 198 29
3 199 29
3 200 29
3 201 29
3 202 29
3 203 29
3 204 29
3 205 29
3 206 29
3 207 29
3 208 29
3 209 29
3 210 29
3 211 29
3 212 29
3 213 29
3 214 29
3 215 29
3 216 29
3 217 29
3 218 29
3 219 29
3 220 29
3 221 29
3 222 29
3 223 29
3 224 29
3 225 29
3 226 29
3 227 29
3 228 29
3 229 29
3 230 29
3 231 29
3 232 30
3 233 29
3 234 31
3 235 29
3 236 29
3 237 29
3 238 29
3 239 29
3 240 29
3 241 29
3 242 29
3 243 29
3 244 30
3 245 30
3 246 30
3 247 30
3 248 29
3 249 29
3 250 29
3 251 31
3 252 30
3 253 30
3 254 31
3 255 29
3 256 30
3 257 29
3 258 29
3 259 29
3 260 29
3 261 29
3 262 29
3 263 30
3 264 30
3 265 30
3 266 31
3 267 30
3 268 30
3 269 29
3 270 29
3 271 29
3 272 30
3 273 30
3 274 31
3 275 30
3 276 29
3 277 29
3 278 29
3 279 29
3 280 29
3 281 29
3 282 29
3 283 29
3 284 29
3 285 29
3 286 29
3 287 29
3 288 29
3 289 29
3 290 29
3 291 30
3 292 29
3 293 30
3 294 31
3 295 29
3 296 29
3 297 29
3 298 29
3 299 29
3 300 29
3 301 29
3 302 29
3 303 29
3 304 29
3 305 29
3 306 29
3 307 29
3 308 29
3 309 29
3 310 29
3 311 30
3 312 29
3 313 30
3 314 31
3 315 29
3 316 29
3 317 29
3 318 29
3 319 29
3 320 29
3 321 29
3 322 30
3 323 30
3 324 30
3 325 31
3 326 31
3 327 30
3 328 30
3 329 29
3 330 29
3 331 31
3 332 31
3 333 31
3 334 30
3 335 30
3 336 30
3 337 29
3 338 29
3 339 29
3 340 29
3 341 29
3 342 31
3 343 31
3 344 31
3 345 31
3 346 31
3 347 31
3 348 30
3 349 30
3 350 29
3 351 31
3 352 31
3 353 30
3 354 30
3 355 30
3 356 30
3 357 30
3 358 29
3 359 29
3 360 29
3 361 30
3 362 31
3 363 31
3 364 31
3 365 31
3 366 31
3 367 31
3 368 30
3 369 30
3 370 29
3 371 31
3 372 31
3 373 30
3 374 30
3 375 30
3 376 30
3 377 29
3 378 29
3 379 29
3 380 29
3 381 29
3 382 29
3 383 29
3 384 30
3 385 31
3 386 31
3 387 31
3 388 30
3 389 30
3 390 29
3 391 31
3 392 31
3 393 31
3 394 31
3 395 30
3 396 30
3 397 29
3 398 29
3 399 29
3 400 29
3 401 29
3 402 29
3 403 31
3 404 31
3 405 31
3 406 31
3 407 30
3 408 30
3 409 30
3 410 29
3 411 31
3 412 31
3 413 31
3 414 30
3 415 30
3 416 30
3 417 30
3 418 29
3 419 30
3 420 29
3 421 31
3 422 31
3 423 31
3 424 31
3 425 31
3 426 31
3 427 31
3 428 31
3 429 30
3 430 30
3 431 30
3 432 31
3 433 31
3 434 30
3 435 31
3 436 30
3 437 31
3 438 30
3 439 30
3 440 30
3 441 31
3 442 31
3 443 30
3 444 30
3 445 30
3 446 30
3 447 30
3 448 31
3 449 31
3 450 31
3 451 30
3 452 30
3 453 30
3 454 30
3 455 30
3 456 29
3 457 31
3 458 31
3 459 31
3 460 30
3 461 31
3 462 31
3 463 30
3 464 30
3 465 30
3 466 30
3 467 30
3 468 30
3 469 31
3 470 30
3 471 31
3 472 30
3 473 31
3 474 30
3 475 31
3 476 30
3 477 30
3 478 30
3 479 31
3 480 30
3 481 31
3 482 31
3 483 31
3 484 30
3 485 30
3 486 31
3 487 31
3 488 30
3 489 30
3 490 30
3 491 31
3 492 31
3 493 30
3 494 31
3 495 30
3 496 30
3 497 29
3 498 29
3 499 30
3 500 30
3 501 31
3 502 31
3 503 31
3 504 31
3 505 31
3 506 31
3 507 31
3 508 31
3 509 31
3 510 30
3 511 30
3 512 30
3 513 30
3 514 30
3 515 30
3 516 30
3 517 31
3 518 30
3 519 30
3 520 31
3 521 31
3 522 30
3 523 30
3 524 30
3 525 30
3 526 30
3 527 30
3 528 30
3 529 31
3 530 31
3 531 29
3 532 30
3 533 30
3 534 29
3 535 31
3 536 30
3 537 31
3 538 30
3 539 31
3 540 31
3 541 30
3 542 30
3 543 30
3 544 30
3 545 30
3 546 31
3 547 30
3 548 30
3 549 30
3 550 30
3 551 29
3 552 29
3 553 30
3 554 30
3 555 30
3 556 30
3 557 31
3 558 31
3 559 31
3 560 31
3 561 30
3 562 30
3 563 30
3 564 30
3 565 30
3 566 30
3 567 30
3 568 30
3 569 31
3 570 31
3 571 29
3 572 30
3 573 30
3 574 30
3 575 30
3 576 30
3 577 31
3 578 31
3 579 31
3 580 31
3 581 31
3 582 31
3 583 30
3 584 30
3 585 30
3 586 30
3 587 30
3 588 31
3 589 31
3 590 30
3 591 30
3 592 30
3 593 30
3 594 30
3 595 31
3 596 29
3 597 31
3 598 30
3 599 31
3 600 30
3 601 31
3 602 30
3 603 30
3 604 30
3 605 30
3 606 30
3 607 30
3 608 30
3 609 31
3 610 31
3 611 29
3 612 30
3 613 30
3 614 29
3 615 30
3 616 30
3 617 31
3 618 30
3 619 31
3 620 30
3 621 30
3 622 30
3 623 30
3 624 30
3 625 31
3 626 30
3 627 30
3 628 30
3 629 30
3 630 30
3 631 30
3 632 30
3 633 30
3 634 30
3 635 30
3 636 30
3 637 30
3 638 30
3 639 30
3 640 30
3 641 30
3 642 30
3 643 30
3 644 30
3 645 30
3 646 30
3 647 30
3 648 30
3 649 30
3 650 30
3 651 30
3 652 30
3 653 30
3 654 30
3 655 30
3 656 30
3 657 30
3 658 30
3 659 30
3 660 30
3 661 30
3 662 30
3 663 29
3 664 31
3 665 30
3 666 31
3 667 30
3 668 30
3 669 30
3 670 30
3 671 30
3 672 30
3 673 30
3 674 30
3 675 30
3 676 30
3 677 31
3 678 31
3 679 31
3 680 31
3 681 31
3 682 30
3 683 30
3 684 30
3 685 30
3 686 30
3 687 30
3 688 30
3 689 30
3 690 31
3 691 30
3 692 30
3 693 30
3 694 30
3 695 30
3 696 30
3 697 31
3 698 31
3 699 31
3 700 31
3 701 30
3 702 30
3 703 30
3 704 30
3 705 30
3 706 30
3 707 29
3 708 30
3 709 30
3 710 30
3 711 30
3 712 30
3 713 30
3 714 30
3 715 30
3 716 30
3 717 31
3 718 30
3 719 30
3 720 30
3 721 30
3 722 30
3 723 30
3 724 30
3 725 30
3 726 30
3 727 30
3 728 31
3 729 30
3 730 30
3 731 30
3 732 30
3 733 30
3 734 30
3 735 30
3 736 31
3 737 30
3 738 30
3 739 29
3 740 31
3 741 30
3 742 30
3 743 30
3 744 30
3 745 30
3 746 30
3 747 30
3 748 30
3 749 31
3 750 30
3 751 30
3 752 30
3 753 30
3 754 30
3 755 30
3 756 30
3 757 30
3 758 30
3 759 30
3 760 30
3 761 30
3 762 30
3 763 30
3 764 30
3 765 30
3 766 30
3 767 30
3 768 31
3 769 31
3 770 30
3 771 30
3 772 30
3 773 30
3 774 30
3 775 30
3 776 30
3 777 31
3 778 30
3 779 30
3 780 30
3 781 30
3 782 30
3 783 30
3 784 30
3 785 30
3 786 30
3 787 30
3 788 30
3 789 30
3 790 30
3 791 30
3 792 29
3 793 30
3 794 30
3 795 30
3 796 30
3 797 31
3 798 30
3 799 30
3 800 30
3 801 30
3 802 29
3 803 30
3 804 30
3 805 30
3 806 30
3 807 30
3 808 30
3 809 30
3 810 30
3 811 30
3 812 30
3 813 30
3 814 30
3 815 30
3 816 31
3 817 30
3 818 30
3 819 30
3 820 30
3 821 30
3 822 30
3 823 30
3 824 30
3 825 30
3 826 30
3 827 30
3 828 30
3 829 30
3 830 31
3 831 30
3 832 30
3 833 30
3 834 30
3 835 30
3 836 31
3 837 30
3 838 31
3 839 30
3 840 31
3 841 30
3 842 30
3 843 30
3 844 30
3 845 30
3 846 30
3 847 30
3 848 30
3 849 30
3 850 30
3 851 29
3 852 30
3 853 30
3 854 30
3 855 30
3 856 31
3 857 30
3 858 31
3 859 30
3 860 31
3 861 30
3 862 30
3 863 30
3 864 30
3 865 30
3 866 30
3 867 30
3 868 30
3 869 30
3 870 30
3 871 30
3 872 30
3 873 30
3 874 30
3 875 30
3 876 30
3 877 30
3 878 30
3 879 30
3 880 30
3 881 30
3 882 30
3 883 30
3 884 30
3 885 30
3 886 30
3 887 31
3 888 30
3 889 30
3 890 30
3 891 30
3 892 30
3 893 30
3 894 30
3 895 30
3 896 30
3 897 30
3 898 30
3 899 29
3 900 31
3 901 29
3 902 30
3 903 30
3 904 30
3 905 30
3 906 30
3 907 30
3 908 30
3 909 30
3 910 30
3 911 30
3 912 30
3 913 30
3 914 30
3 915 30
3 916 31
3 917 30
3 918 31
3 919 29
3 920 30
3 921 30
3 922 30
3 923 30
3 924 30
3 925 30
3 926 30
3 927 30
3 928 30
3 929 30
3 930 30
3 931 29
3 932 30
3 933 30
3 934 29
3 935 30
3 936 30
3 937 30
3 938 30
3 939 30
3 940 30
3 941 30
3 942 30
3 943 30
3 944 30
3 945 30
3 946 30
3 947 30
3 948 30
3 949 30
3 950 30
3 951 30
3 952 30
3 953 30
3 954 30
3 955 30
3 956 30
3 957 29
3 958 30
3 959 30
3 960 31
3 961 30
3 962 30
3 963 30
3 964 30
3 965 30
3 966 30
3 967 30
3 968 30
3 969 30
3 970 30
3 971 30
3 972 30
3 973 30
3 974 30
3 975 30
3 976 30
3 977 30
3 978 30
3 979 30
3 980 30
3 981 30
3 982 30
3 983 30
3 984 30
3 985 30
3 986 30
3 987 30
3 988 31
3 989 30
3 990 30
3 991 30
3 992 30
3 993 30
3 994 30
3 995 30
3 996 31
3 997 30
3 998 30
3 999 30
3 1000 30
3 1001 30
3 1002 30
3 1003 30
3 1004 30
3 1005 30
3 1006 30
3 1007 30
3 1008 30
3 1009 30
3 1010 30
3 1011 29
3 1012 30
3 1013 30
3 1014 29
3 1015 30
3 1016 30
3 1017 30
3 1018 30
3 1019 30
3 1020 30
3 1021 30
3 1022 30
3 1023 30
3 1024 30
3 1025 30
3 1026 30
3 1027 30
3 1028 30
3 1029 30
3 1030 30
3 1031 29
3 1032 30
3 1033 30
3 1034 30
3 1035 30
3 1036 30
3 1037 30
3 1038 30
3 1039 30
3 1040 30
3 1041 30
3 1042 30
3 1043 30
3 1044 30
3 1045 30
3 1046 30
3 1047 30
3 1048 30
3 1049 30
3 1050 30
3 1051 30
3 1052 30
3 1053 30
3 1054 29
3 1055 30
3 1056 30
3 1057 30
3 1058 30
3 1059 30
3 1060 30
3 1061 30
3 1062 30
3 1063 30
3 1064 30
3 1065 30
3 1066 30
3 1067 30
3 1068 30
3 1069 30
3 1070 31
3 1071 30
3 1072 30
3 1073 30
3 1074 30
3 1075 30
3 1076 31
3 1077 30
3 1078 30
3 1079 30
3 1080 30
3 1081 30
3 1082 30
3 1083 30
3 1084 30
3 1085 30
3 1086 30
3 1087 30
3 1088 30
3 1089 30
3 1090 29
3 1091 30
3 1092 30
3 1093 30
3 1094 30
3 1095 30
3 1096 31
3 1097 30
3 1098 31
3 1099 30
3 1100 31
3 1101 30
3 1102 30
3 1103 30
3 1104 30
3 1105 30
3 1106 30
3 1107 30
3 1108 30
3 1109 30
3 1110 30
3 1111 30
3 1112 30
3 1113 29
3 1114 30
3 1115 30
3 1116 30
3 1117 30
3 1118 30
3 1119 30
3 1120 30
3 1121 30
3 1122 30
3 1123 30
3 1124 30
3 1125 30
3 1126 30
3 1127 30
3 1128 30
3 1129 30
3 1130 30
3 1131 30
3 1132 30
3 1133 29
3 1134 29
3 1135 29
3 1136 30
3 1137 30
3 1138 30
3 1139 30
3 1140 30
3 1141 30
3 1142 30
3 1143 30
3 1144 30
3 1145 30
3 1146 30
3 1147 30
3 1148 30
3 1149 30
3 1150 30
3 1151 30
3 1152 30
3 1153 29
3 1154 29
3 1155 30
3 1156 30
3 1157 30
3 1158 30
3 1159 30
3 1160 30
3 1161 30
3 1162 30
3 1163 30
3 1164 30
3 1165 30
3 1166 30
3 1167 30
3 1168 30
3 1169 30
3 1170 31
3 1171 30
3 1172 30
3 1173 30
3 1174 29
3 1175 30
3 1176 31
3 1177 30
3 1178 31
3 1179 30
3 1180 31
3 1181 30
3 1182 30
3 1183 30
3 1184 30
3 1185 30
3 1186 30
3 1187 30
3 1188 30
3 1189 30
3 1190 30
3 1191 30
3 1192 30
3 1193 30
3 1194 30
3 1195 30
3 1196 31
3 1197 29
3 1198 30
3 1199 30
3 1200 31
3 1201 30
3 1202 30
3 1203 30
3 1204 30
3 1205 30
3 1206 30
3 1207 30
3 1208 30
3 1209 30
3 1210 30
3 1211 29
3 1212 30
3 1213 30
3 1214 30
3 1215 30
3 1216 30
3 1217 30
3 1218 30
3 1219 30
3 1220 30
3 1221 30
3 1222 30
3 1223 30
3 1224 30
3 1225 30
3 1226 30
3 1227 30
3 1228 30
3 1229 30
3 1230 30
3 1231 30
3 1232 30
3 1233 29
3 1234 28
3 1235 30
3 1236 30
3 1237 30
3 1238 30
3 1239 30
3 1240 30
3 1241 30
3 1242 30
3 1243 30
3 1244 30
3 1245 30
3 1246 30
3 1247 30
3 1248 30
3 1249 30
3 1250 30
3 1251 29
3 1252 30
3 1253 30
3 1254 30
3 1255 30
3 1256 30
3 1257 30
3 1258 30
3 1259 30
3 1260 30
3 1261 30
3 1262 30
3 1263 30
3 1264 30
3 1265 30
3 1266 30
3 1267 30
3 1268 30
3 1269 30
3 1270 30
3 1271 30
3 1272 30
3 1273 30
3 1274 30
3 1275 30
3 1276 31
3 1277 30
3 1278 31
3 1279 29
3 1280 31
3 1281 30
3 1282 30
3 1283 30
3 1284 30
3 1285 30
3 1286 30
3 1287 30
3 1288 30
3 1289 30
3 1290 30
3 1291 30
3 1292 30
3 1293 30
3 1294 30
3 1295 30
3 1296 30
3 1297 30
3 1298 30
3 1299 30
3 1300 30
3 1301 30
3 1302 30
3 1303 30
3 1304 30
3 1305 30
3 1306 30
3 1307 30
3 1308 30
3 1309 30
3 1310 30
3 1311 30
3 1312 29
3 1313 29
3 1314 29
3 1315 29
3 1316 30
3 1317 30
3 1318 30
3 1319 30
3 1320 30
3 1321 30
3 1322 30
3 1323 30
3 1324 30
3 1325 30
3 1326 30
3 1327 30
3 1328 30
3 1329 30
3 1330 30
3 1331 28
3 1332 30
3 1333 29
3 1334 29
3 1335 30
3 1336 30
3 1337 30
3 1338 30
3 1339 30
3 1340 30
3 1341 30
3 1342 30
3 1343 30
3 1344 30
3 1345 30
3 1346 30
3 1347 30
3 1348 30
3 1349 30
3 1350 30
3 1351 30
3 1352 30
3 1353 29
3 1354 29
3 1355 30
3 1356 30
3 1357 30
3 1358 30
3 1359 30
3 1360 30
3 1361 30
3 1362 30
3 1363 30
3 1364 30
3 1365 30
3 1366 30
3 1367 30
3 1368 30
3 1369 30
3 1370 30
3 1371 30
3 1372 30
3 1373 30
3 1374 30
3 1375 30
3 1376 31
3 1377 30
3 1378 31
3 1379 29
3 1380 30
3 1381 30
3 1382 30
3 1383 30
3 1384 30
3 1385 30
3 1386 30
3 1387 30
3 1388 30
3 1389 30
3 1390 30
3 1391 29
3 1392 30
3 1393 30
3 1394 30
3 1395 30
3 1396 31
3 1397 30
3 1398 30
3 1399 30
3 1400 30
3 1401 30
3 1402 30
3 1403 30
3 1404 30
3 1405 30
3 1406 30
3 1407 30
3 1408 30
3 1409 30
3 1410 30
3 1411 28
3 1412 30
3 1413 29
3 1414 28
3 1415 29
3 1416 30
3 1417 30
3 1418 30
3 1419 30
3 1420 30
3 1421 30
3 1422 30
3 1423 30
3 1424 30
3 1425 30
3 1426 30
3 1427 30
3 1428 30
3 1429 30
3 1430 30
3 1431 29
3 1432 29
3 1433 29
3 1434 30
3 1435 30
3 1436 30
3 1437 30
3 1438 30
3 1439 30
3 1440 30
3 1441 30
3 1442 30
3 1443 30
3 1444 30
3 1445 30
3 1446 30
3 1447 30
3 1448 30
3 1449 30
3 1450 30
3 1451 30
3 1452 30
3 1453 30
3 1454 29
3 1455 30
3 1456 31
3 1457 29
3 1458 30
3 1459 30
3 1460 30
3 1461 30
3 1462 30
3 1463 30
3 1464 30
3 1465 30
3 1466 30
3 1467 30
3 1468 30
3 1469 30
3 1470 31
3 1471 30
3 1472 30
3 1473 30
3 1474 30
3 1475 30
3 1476 31
3 1477 30
3 1478 30
3 1479 30
3 1480 30
3 1481 30
3 1482 30
3 1483 30
3 1484 30
3 1485 30
3 1486 30
3 1487 30
3 1488 30
3 1489 30
3 1490 30
3 1491 30
3 1492 30
3 1493 30
3 1494 29
3 1495 30
3 1496 30
3 1497 30
3 1498 30
3 1499 30
3 1500 30
3 1501 30
3 1502 30
3 1503 30
3 1504 30
3 1505 30
3 1506 30
3 1507 30
3 1508 30
3 1509 30
3 1510 30
3 1511 29
3 1512 29
3 1513 29
3 1514 28
3 1515 30
3 1516 30
3 1517 30
3 1518 30
3 1519 30
3 1520 30
3 1521 30
3 1522 30
3 1523 30
3 1524 30
3 1525 30
3 1526 30
3 1527 30
3 1528 30
3 1529 30
3 1530 30
3 1531 30
3 1532 30
3 1533 29
3 1534 29
3 1535 29
3 1536 30
3 1537 30
3 1538 30
3 1539 30
3 1540 30
3 1541 30
3 1542 30
3 1543 30
3 1544 30
3 1545 30
3 1546 30
3 1547 30
3 1548 30
3 1549 30
3 1550 30
3 1551 30
3 1552 30
3 1553 30
3 1554 30
3 1555 30
3 1556 30
3 1557 29
3 1558 30
3 1559 29
3 1560 30
3 1561 30
3 1562 30
3 1563 30
3 1564 30
3 1565 30
3 1566 30
3 1567 30
3 1568 30
3 1569 30
3 1570 30
3 1571 29
3 1572 30
3 1573 30
3 1574 30
3 1575 30
3 1576 30
3 1577 30
3 1578 30
3 1579 29
3 1580 31
3 1581 30
3 1582 30
3 1583 30
3 1584 30
3 1585 30
3 1586 30
3 1587 30
3 1588 30
3 1589 30
3 1590 30
3 1591 30
3 1592 30
3 1593 30
3 1594 30
3 1595 30
3 1596 31
3 1597 30
3 1598 30
3 1599 30
3 1600 30
3 1601 30
3 1602 30
3 1603 30
3 1604 30
3 1605 30
3 1606 30
3 1607 30
3 1608 30
3 1609 30
3 1610 30
3 1611 28
3 1612 30
3 1613 28
3 1614 28
3 1615 30
3 1616 30
3 1617 30
3 1618 30
3 1619 30
3 1620 30
3 1621 30
3 1622 30
3 1623 30
3 1624 30
3 1625 30
3 1626 30
3 1627 30
3 1628 30
3 1629 30
3 1630 30
3 1631 30
3 1632 30
3 1633 29
3 1634 29
3 1635 30
3 1636 30
3 1637 30
3 1638 30
3 1639 30
3 1640 30
3 1641 30
3 1642 30
3 1643 30
3 1644 30
3 1645 30
3 1646 30
3 1647 30
3 1648 30
3 1649 30
3 1650 30
3 1651 30
3 1652 30
3 1653 30
3 1654 30
3 1655 30
3 1656 31
3 1657 29
3 1658 31
3 1659 29
3 1660 30
3 1661 30
3 1662 30
3 1663 30
3 1664 30
3 1665 30
3 1666 30
3 1667 30
3 1668 30
3 1669 30
3 1670 29
3 1671 30
3 1672 30
3 1673 30
3 1674 30
3 1675 30
3 1676 31
3 1677 30
3 1678 30
3 1679 30
3 1680 31
3 1681 30
3 1682 30
3 1683 30
3 1684 30
3 1685 30
3 1686 30
3 1687 30
3 1688 30
3 1689 30
3 1690 30
3 1691 30
3 1692 30
3 1693 30
3 1694 30
3 1695 30
3 1696 30
3 1697 30
3 1698 30
3 1699 30
3 1700 30
3 1701 30
3 1702 30
3 1703 30
3 1704 30
3 1705 30
3 1706 30
3 1707 30
3 1708 30
3 1709 30
3 1710 30
3 1711 30
3 1712 29
3 1713 29
3 1714 28
3 1715 29
3 1716 30
3 1717 30
3 1718 30
3 1719 30
3 1720 30
3 1721 30
3 1722 30
3 1723 30
3 1724 30
3 1725 30
3 1726 30
3 1727 30
3 1728 30
3 1729 30
3 1730 30
3 1731 28
3 1732 30
3 1733 29
3 1734 29
3 1735 30
3 1736 30
3 1737 30
3 1738 30
3 1739 30
3 1740 30
3 1741 30
3 1742 30
3 1743 30
3 1744 30
3 1745 30
3 1746 30
3 1747 30
3 1748 30
3 1749 30
3 1750 30
3 1751 30
3 1752 30
3 1753 30
3 1754 30
3 1755 30
3 1756 31
3 1757 30
3 1758 31
3 1759 30
3 1760 30
3 1761 29
3 1762 30
3 1763 30
3 1764 30
3 1765 30
3 1766 30
3 1767 30
3 1768 30
3 1769 30
3 1770 30
3 1771 30
3 1772 30
3 1773 30
3 1774 30
3 1775 30
3 1776 31
3 1777 30
3 1778 31
3 1779 29
3 1780 30
3 1781 30
3 1782 30
3 1783 30
3 1784 30
3 1785 30
3 1786 30
3 1787 30
3 1788 30
3 1789 30
3 1790 30
3 1791 30
3 1792 30
3 1793 30
3 1794 29
3 1795 30
3 1796 30
3 1797 30
3 1798 30
3 1799 30
3 1800 30
3 1801 30
3 1802 30
3 1803 30
3 1804 30
3 1805 30
3 1806 30
3 1807 30
3 1808 30
3 1809 30
3 1810 30
3 1811 29
3 1812 30
3 1813 29
3 1814 29
3 1815 30
3 1816 30
3 1817 30
3 1818 30
3 1819 30
3 1820 30
3 1821 30
3 1822 30
3 1823 30
3 1824 30
3 1825 30
3 1826 30
3 1827 30
3 1828 30
3 1829 30
3 1830 30
3 1831 30
3 1832 30
3 1833 30
3 1834 30
3 1835 30
3 1836 31
3 1837 30
3 1838 30
3 1839 30
3 1840 30
3 1841 30
3 1842 30
3 1843 30
3 1844 30
3 1845 30
3 1846 30
3 1847 30
3 1848 30
3 1849 30
3 1850 30
3 1851 30
3 1852 30
3 1853 30
3 1854 29
3 1855 30
3 1856 31
3 1857 30
3 1858 31
3 1859 30
3 1860 31
3 1861 30
3 1862 30
3 1863 30
3 1864 30
3 1865 30
3 1866 30
3 1867 30
3 1868 31
3 1869 30
3 1870 30
3 1871 30
3 1872 30
3 1873 30
3 1874 30
3 1875 30
3 1876 31
3 1877 30
3 1878 30
3 1879 30
3 1880 30
3 1881 30
3 1882 30
3 1883 30
3 1884 30
3 1885 30
3 1886 30
3 1887 30
3 1888 30
3 1889 30
3 1890 30
3 1891 30
3 1892 30
3 1893 30
3 1894 29
3 1895 30
3 1896 30
3 1897 29
3 1898 30
3 1899 30
3 1900 30
3 1901 30
3 1902 30
3 1903 30
3 1904 30
3 1905 30
3 1906 30
3 1907 30
3 1908 30
3 1909 30
3 1910 30
3 1911 30
3 1912 30
3 1913 29
3 1914 30
3 1915 30
3 1916 30
3 1917 30
3 1918 30
3 1919 30
3 1920 30
3 1921 30
3 1922 30
3 1923 30
3 1924 30
3 1925 30
3 1926 30
3 1927 30
3 1928 30
3 1929 30
3 1930 30
3 1931 29
3 1932 30
3 1933 30
3 1934 30
3 1935 30
3 1936 31
3 1937 30
3 1938 30
3 1939 30
3 1940 30
3 1941 30
3 1942 30
3 1943 30
3 1944 30
3 1945 30
3 1946 30
3 1947 30
3 1948 30
3 1949 30
3 1950 30
3 1951 30
3 1952 30
3 1953 30
3 1954 30
3 1955 30
3 1956 31
3 1957 30
3 1958 30
3 1959 30
3 1960 30
3 1961 30
3 1962 30
3 1963 30
3 1964 30
3 1965 30
3 1966 30
3 1967 30
3 1968 31
3 1969 30
3 1970 30
3 1971 30
3 1972 30
3 1973 30
3 1974 30
3 1975 30
3 1976 30
3 1977 30
3 1978 30
3 1979 30
3 1980 30
3 1981 29
3 1982 30
3 1983 30
3 1984 30
3 1985 30
3 1986 30
3 1987 30
3 1988 30
3 1989 30
3 1990 30
3 1991 30
3 1992 30
3 1993 30
3 1994 30
3 1995 30
3 1996 30
3 1997 30
3 1998 30
3 1999 30
3 2000 30
3 2001 30
3 2002 30
3 2003 30
3 2004 30
3 2005 30
3 2006 30
3 2007 30
3 2008 30
3 2009 30
3 2010 30
3 2011 29
3 2012 30
3 2013 30
3 2014 30
3 2015 30
3 2016 31
3 2017 30
3 2018 30
3 2019 30
3 2020 30
3 2021 30
3 2022 30
3 2023 30
3 2024 30
3 2025 30
3 2026 30
3 2027 30
3 2028 30
3 2029 30
3 2030 30
3 2031 30
3 2032 30
3 2033 30
3 2034 30
3 2035 30
3 2036 30
3 2037 30
3 2038 31
3 2039 30
3 2040 31
3 2041 31
3 2042 30
3 2043 30
3 2044 30
3 2045 30
3 2046 30
3 2047 30
3 2048 31
3 2049 31
3 2050 30
3 2051 30
3 2052 30
3 2053 30
3 2054 30
3 2055 30
3 2056 30
3 2057 30
3 2058 30
3 2059 30
3 2060 30
3 2061 30
3 2062 30
3 2063 30
3 2064 30
3 2065 30
3 2066 30
3 2067 30
3 2068 30
3 2069 30
3 2070 30
3 2071 30
3 2072 30
3 2073 30
3 2074 30
3 2075 30
3 2076 31
3 2077 30
3 2078 30
3 2079 30
3 2080 30
3 2081 30
3 2082 30
3 2083 30
3 2084 30
3 2085 30
3 2086 30
3 2087 30
3 2088 30
3 2089 30
3 2090 31
3 2091 30
3 2092 30
3 2093 30
3 2094 30
3 2095 30
3 2096 31
3 2097 29
3 2098 30
3 2099 30
3 2100 30
3 2101 30
3 2102 30
3 2103 30
3 2104 30
3 2105 30
3 2106 30
3 2107 30
3 2108 30
3 2109 30
3 2110 30
3 2111 29
3 2112 30
3 2113 30
3 2114 30
3 2115 30
3 2116 30
3 2117 31
3 2118 31
3 2119 30
3 2120 30
3 2121 30
3 2122 30
3 2123 30
3 2124 30
3 2125 30
3 2126 30
3 2127 30
3 2128 30
3 2129 30
3 2130 31
3 2131 30
3 2132 30
3 2133 30
3 2134 30
3 2135 30
3 2136 31
3 2137 30
3 2138 30
3 2139 30
3 2140 30
3 2141 30
3 2142 30
3 2143 30
3 2144 30
3 2145 30
3 2146 30
3 2147 30
3 2148 30
3 2149 30
3 2150 30
3 2151 30
3 2152 30
3 2153 30
3 2154 30
3 2155 31
3 2156 30
3 2157 31
3 2158 30
3 2159 30
3 2160 30
3 2161 30
3 2162 30
3 2163 30
3 2164 30
3 2165 30
3 2166 30
3 2167 31
3 2168 30
3 2169 30
3 2170 30
3 2171 30
3 2172 30
3 2173 30
3 2174 30
3 2175 30
3 2176 30
3 2177 30
3 2178 30
3 2179 30
3 2180 31
3 2181 29
3 2182 30
3 2183 30
3 2184 30
3 2185 30
3 2186 30
3 2187 30
3 2188 30
3 2189 30
3 2190 31
3 2191 30
3 2192 30
3 2193 30
3 2194 30
3 2195 30
3 2196 31
3 2197 30
3 2198 30
3 2199 30
3 2200 30
3 2201 30
3 2202 30
3 2203 30
3 2204 30
3 2205 30
3 2206 30
3 2207 30
3 2208 30
3 2209 30
3 2210 30
3 2211 30
3 2212 30
3 2213 30
3 2214 29
3 2215 30
3 2216 31
3 2217 30
3 2218 30
3 2219 29
3 2220 30
3 2221 30
3 2222 30
3 2223 30
3 2224 30
3 2225 30
3 2226 30
3 2227 30
3 2228 30
3 2229 30
3 2230 30
3 2231 30
3 2232 30
3 2233 30
3 2234 30
3 2235 30
3 2236 30
3 2237 30
3 2238 30
3 2239 30
3 2240 30
3 2241 30
3 2242 30
3 2243 30
3 2244 30
3 2245 30
3 2246 30
3 2247 30
3 2248 30
3 2249 30
3 2250 30
3 2251 30
3 2252 30
3 2253 30
3 2254 30
3 2255 30
3 2256 30
3 2257 30
3 2258 30
3 2259 30
3 2260 30
3 2261 30
3 2262 30
3 2263 30
3 2264 30
3 2265 30
3 2266 30
3 2267 30
3 2268 30
3 2269 30
3 2270 30
3 2271 30
3 2272 30
3 2273 30
3 2274 30
3 2275 30
3 2276 30
3 2277 30
3 2278 30
3 2279 30
3 2280 30
3 2281 30
3 2282 30
3 2283 30
3 2284 30
3 2285 30
3 2286 30
3 2287 30
3 2288 30
3 2289 30
3 2290 30
3 2291 30
3 2292 30
3 2293 30
3 2294 30
3 2295 30
3 2296 30
3 2297 30
3 2298 30
3 2299 30
3 2300 30
3 2301 30
3 2302 30
3 2303 30
3 2304 30
3 2305 30
3 2306 30
3 2307 30
3 2308 30
3 2309 30
3 2310 30
3 2311 30
3 2312 30
3 2313 30
3 2314 30
3 2315 30
3 2316 31
3 2317 29
3 2318 31
3 2319 30
3 2320 30
3 2321 30
3 2322 30
3 2323 30
3 2324 30
3 2325 30
3 2326 30
3 2327 30
3 2328 30
3 2329 30
3 2330 30
3 2331 30
3 2332 30
3 2333 30
3 2334 30
3 2335 30
3 2336 30
3 2337 30
3 2338 30
3 2339 30
3 2340 30
3 2341 30
3 2342 31
3 2343 30
3 2344 30
3 2345 30
3 2346 30
3 2347 30
3 2348 30
3 2349 30
3 2350 30
3 2351 30
3 2352 29
3 2353 30
3 2354 30
3 2355 30
3 2356 30
3 2357 31
3 2358 31
3 2359 31
3 2360 31
3 2361 31
3 2362 30
3 2363 29
3 2364 30
3 2365 30
3 2366 31
3 2367 30
3 2368 30
3 2369 30
3 2370 30
3 2371 30
3 2372 30
3 2373 30
3 2374 30
3 2375 30
3 2376 30
3 2377 30
3 2378 30
3 2379 30
3 2380 30
3 2381 30
3 2382 30
3 2383 30
3 2384 30
3 2385 30
3 2386 30
3 2387 30
3 2388 30
3 2389 30
3 2390 30
3 2391 30
3 2392 30
3 2393 30
3 2394 30
3 2395 30
3 2396 31
3 2397 30
3 2398 30
3 2399 30
3 2400 30
3 2401 29
3 2402 30
3 2403 30
3 2404 30
3 2405 30
3 2406 30
3 2407 30
3 2408 30
3 2409 29
3 2410 30
3 2411 30
3 2412 30
3 2413 30
3 2414 30
3 2415 30
3 2416 30
3 2417 30
3 2418 30
3 2419 30
3 2420 30
3 2421 30
3 2422 30
3 2423 30
3 2424 30
3 2425 30
3 2426 30
3 2427 30
3 2428 30
3 2429 31
3 2430 30
3 2431 30
3 2432 30
3 2433 30
3 2434 30
3 2435 30
3 2436 31
3 2437 30
3 2438 30
3 2439 30
3 2440 30
3 2441 30
3 2442 30
3 2443 30
3 2444 31
3 2445 30
3 2446 30
3 2447 30
3 2448 30
3 2449 30
3 2450 30
3 2451 30
3 2452 30
3 2453 30
3 2454 31
3 2455 29
3 2456 30
3 2457 31
3 2458 30
3 2459 31
3 2460 30
3 2461 30
3 2462 30
3 2463 30
3 2464 30
3 2465 30
3 2466 30
3 2467 29
3 2468 30
3 2469 30
3 2470 30
3 2471 30
3 2472 30
3 2473 30
3 2474 30
3 2475 31
3 2476 30
3 2477 30
3 2478 30
3 2479 30
3 2480 30
3 2481 30
3 2482 30
3 2483 30
3 2484 30
3 2485 30
3 2486 30
3 2487 30
3 2488 30
3 2489 30
3 2490 30
3 2491 30
3 2492 30
3 2493 30
3 2494 30
3 2495 30
3 2496 31
3 2497 30
3 2498 30
3 2499 30
3 2500 30
3 2501 30
3 2502 30
3 2503 30
3 2504 30
3 2505 30
3 2506 30
3 2507 30
3 2508 30
3 2509 30
3 2510 30
3 2511 30
3 2512 30
3 2513 30
3 2514 30
3 2515 30
3 2516 30
3 2517 30
3 2518 30
3 2519 30
3 2520 30
3 2521 30
3 2522 30
3 2523 30
3 2524 30
3 2525 30
3 2526 30
3 2527 29
3 2528 30
3 2529 30
3 2530 30
3 2531 30
3 2532 30
3 2533 30
3 2534 30
3 2535 29
3 2536 30
3 2537 31
3 2538 30
3 2539 30
3 2540 30
3 2541 30
3 2542 30
3 2543 30
3 2544 30
3 2545 30
3 2546 30
3 2547 30
3 2548 30
3 2549 30
3 2550 31
3 2551 30
3 2552 30
3 2553 30
3 2554 30
3 2555 30
3 2556 30
3 2557 31
3 2558 31
3 2559 31
3 2560 31
3 2561 30
3 2562 30
3 2563 30
3 2564 30
3 2565 31
3 2566 30
3 2567 30
3 2568 30
3 2569 30
3 2570 30
3 2571 30
3 2572 30
3 2573 30
3 2574 30
3 2575 30
3 2576 30
3 2577 30
3 2578 30
3 2579 30
3 2580 30
3 2581 30
3 2582 29
3 2583 30
3 2584 30
3 2585 30
3 2586 30
3 2587 30
3 2588 31
3 2589 30
3 2590 30
3 2591 30
3 2592 30
3 2593 30
3 2594 30
3 2595 30
3 2596 30
3 2597 30
3 2598 30
3 2599 30
3 2600 30
3 2601 30
3 2602 30
3 2603 30
3 2604 30
3 2605 30
3 2606 30
3 2607 30
3 2608 31
3 2609 31
3 2610 30
3 2611 30
3 2612 30
3 2613 30
3 2614 30
3 2615 30
3 2616 31
3 2617 30
3 2618 30
3 2619 30
3 2620 30
3 2621 30
3 2622 30
3 2623 30
3 2624 31
3 2625 30
3 2626 30
3 2627 30
3 2628 31
3 2629 30
3 2630 30
3 2631 30
3 2632 30
3 2633 30
3 2634 30
3 2635 30
3 2636 30
3 2637 31
3 2638 31
3 2639 31
3 2640 31
3 2641 31
3 2642 30
3 2643 30
3 2644 31
3 2645 30
3 2646 30
3 2647 30
3 2648 30
3 2649 31
3 2650 31
3 2651 30
3 2652 30
3 2653 30
3 2654 30
3 2655 30
3 2656 30
3 2657 31
3 2658 31
3 2659 31
3 2660 30
3 2661 30
3 2662 30
3 2663 30
3 2664 30
3 2665 30
3 2666 30
3 2667 30
3 2668 30
3 2669 30
3 2670 30
3 2671 30
3 2672 30
3 2673 30
3 2674 30
3 2675 30
3 2676 30
3 2677 30
3 2678 30
3 2679 30
3 2680 30
3 2681 30
3 2682 29
3 2683 30
3 2684 30
3 2685 30
3 2686 30
3 2687 30
3 2688 30
3 2689 30
3 2690 30
3 2691 30
3 2692 30
3 2693 30
3 2694 30
3 2695 30
3 2696 30
3 2697 30
3 2698 30
3 2699 30
3 2700 30
3 2701 29
3 2702 30
3 2703 30
3 2704 30
3 2705 30
3 2706 30
3 2707 30
3 2708 30
3 2709 30
3 2710 30
3 2711 30
3 2712 30
3 2713 30
3 2714 30
3 2715 30
3 2716 30
3 2717 30
3 2718 30
3 2719 30
3 2720 30
3 2721 30
3 2722 29
3 2723 30
3 2724 30
3 2725 30
3 2726 30
3 2727 30
3 2728 30
3 2729 30
3 2730 30
3 2731 30
3 2732 30
3 2733 30
3 2734 29
3 2735 31
3 2736 30
3 2737 31
3 2738 30
3 2739 31
3 2740 31
3 2741 30
3 2742 30
3 2743 30
3 2744 30
3 2745 30
3 2746 30
3 2747 30
3 2748 30
3 2749 30
3 2750 31
3 2751 30
3 2752 30
3 2753 30
3 2754 31
3 2755 29
3 2756 30
3 2757 31
3 2758 31
3 2759 31
3 2760 31
3 2761 31
3 2762 30
3 2763 30
3 2764 30
3 2765 30
3 2766 30
3 2767 30
3 2768 30
3 2769 30
3 2770 30
3 2771 30
3 2772 29
3 2773 30
3 2774 29
3 2775 30
3 2776 30
3 2777 31
3 2778 30
3 2779 30
3 2780 30
3 2781 30
3 2782 29
3 2783 30
3 2784 30
3 2785 30
3 2786 30
3 2787 30
3 2788 30
3 2789 31
3 2790 30
3 2791 30
3 2792 30
3 2793 30
3 2794 30
3 2795 30
3 2796 31
3 2797 30
3 2798 30
3 2799 30
3 2800 30
3 2801 30
3 2802 30
3 2803 30
3 2804 30
3 2805 30
3 2806 30
3 2807 30
3 2808 30
3 2809 30
3 2810 30
3 2811 30
3 2812 30
3 2813 30
3 2814 30
3 2815 30
3 2816 30
3 2817 31
3 2818 30
3 2819 30
3 2820 30
3 2821 30
3 2822 30
3 2823 30
3 2824 30
3 2825 30
3 2826 30
3 2827 30
3 2828 30
3 2829 30
3 2830 30
3 2831 30
3 2832 29
3 2833 30
3 2834 30
3 2835 30
3 2836 30
3 2837 31
3 2838 31
3 2839 31
3 2840 31
3 2841 31
3 2842 30
3 2843 30
3 2844 30
3 2845 30
3 2846 30
3 2847 30
3 2848 30
3 2849 31
3 2850 31
3 2851 30
3 2852 30
3 2853 30
3 2854 30
3 2855 30
3 2856 30
3 2857 31
3 2858 31
3 2859 31
3 2860 31
3 2861 31
3 2862 30
3 2863 30
3 2864 30
3 2865 30
3 2866 30
3 2867 30
3 2868 30
3 2869 30
3 2870 30
3 2871 29
3 2872 29
3 2873 30
3 2874 30
3 2875 30
3 2876 30
3 2877 31
3 2878 30
3 2879 30
3 2880 30
3 2881 30
3 2882 29
3 2883 30
3 2884 30
3 2885 30
3 2886 30
3 2887 30
3 2888 30
3 2889 30
3 2890 30
3 2891 30
3 2892 30
3 2893 30
3 2894 30
3 2895 30
3 2896 30
3 2897 31
3 2898 30
3 2899 30
3 2900 30
3 2901 30
3 2902 30
3 2903 29
3 2904 30
3 2905 30
3 2906 30
3 2907 30
3 2908 30
3 2909 30
3 2910 30
3 2911 30
3 2912 30
3 2913 30
3 2914 30
3 2915 31
3 2916 30
3 2917 31
3 2918 30
3 2919 31
3 2920 30
3 2921 30
3 2922 30
3 2923 30
3 2924 30
3 2925 30
3 2926 30
3 2927 30
3 2928 30
3 2929 31
3 2930 31
3 2931 30
3 2932 30
3 2933 30
3 2934 30
3 2935 30
3 2936 30
3 2937 31
3 2938 30
3 2939 31
3 2940 31
3 2941 31
3 2942 31
3 2943 30
3 2944 30
3 2945 30
3 2946 30
3 2947 30
3 2948 30
3 2949 31
3 2950 31
3 2951 30
3 2952 30
3 2953 30
3 2954 30
3 2955 30
3 2956 30
3 2957 31
3 2958 31
3 2959 31
3 2960 31
3 2961 31
3 2962 30
3 2963 30
3 2964 30
3 2965 30
3 2966 30
3 2967 30
3 2968 30
3 2969 30
3 2970 31
3 2971 30
3 2972 30
3 2973 30
3 2974 29
3 2975 31
3 2976 30
3 2977 31
3 2978 30
3 2979 30
3 2980 30
3 2981 30
3 2982 30
3 2983 30
3 2984 30
3 2985 30
3 2986 30
3 2987 30
3 2988 30
3 2989 30
3 2990 30
3 2991 30
3 2992 30
3 2993 30
3 2994 30
3 2995 30
3 2996 30
3 2997 31
3 2998 31
3 2999 31
3 3000 31
3 3001 30
3 3002 30
3 3003 29
3 3004 30
3 3005 30
3 3006 30
3 3007 30
3 3008 30
3 3009 30
3 3010 30
3 3011 30
3 3012 30
3 3013 30
3 3014 29
3 3015 30
3 3016 30
3 3017 31
3 3018 31
3 3019 31
3 3020 31
3 3021 31
3 3022 30
3 3023 30
3 3024 30
3 3025 30
3 3026 30
3 3027 30
3 3028 30
3 3029 31
3 3030 30
3 3031 30
3 3032 30
3 3033 30
3 3034 30
3 3035 30
3 3036 29
3 3037 30
3 3038 30
3 3039 30
3 3040 30
3 3041 31
3 3042 31
3 3043 30
3 3044 30
3 3045 30
3 3046 30
3 3047 30
3 3048 31
3 3049 31
3 3050 31
3 3051 30
3 3052 30
3 3053 31
3 3054 30
3 3055 30
3 3056 30
3 3057 30
3 3058 31
3 3059 31
3 3060 31
3 3061 30
3 3062 30
3 3063 30
3 3064 30
3 3065 30
3 3066 30
3 3067 30
3 3068 30
3 3069 30
3 3070 30
3 3071 29
3 3072 29
3 3073 30
3 3074 30
3 3075 30
3 3076 30
3 3077 30
3 3078 30
3 3079 30
3 3080 30
3 3081 30
3 3082 30
3 3083 29
3 3084 30
3 3085 30
3 3086 30
3 3087 30
3 3088 30
3 3089 30
3 3090 30
3 3091 30
3 3092 30
3 3093 30
3 3094 30
3 3095 30
3 3096 30
3 3097 31
3 3098 30
3 3099 31
3 3100 30
3 3101 30
3 3102 30
3 3103 30
3 3104 31
3 3105 30
3 3106 30
3 3107 30
3 3108 30
3 3109 30
3 3110 30
3 3111 30
3 3112 29
3 3113 30
3 3114 31
3 3115 30
3 3116 30
3 3117 31
3 3118 31
3 3119 31
3 3120 31
3 3121 31
3 3122 30
3 3123 30
3 3124 30
3 3125 30
3 3126 30
3 3127 30
3 3128 31
3 3129 31
3 3130 30
3 3131 30
3 3132 31
3 3133 31
3 3134 30
3 3135 30
3 3136 29
3 3137 31
3 3138 30
3 3139 31
3 3140 31
3 3141 31
3 3142 31
3 3143 31
3 3144 31
3 3145 30
3 3146 30
3 3147 31
3 3148 31
3 3149 31
3 3150 30
3 3151 30
3 3152 30
3 3153 30
3 3154 31
3 3155 30
3 3156 29
3 3157 31
3 3158 31
3 3159 30
3 3160 31
3 3161 31
3 3162 30
3 3163 30
3 3164 30
3 3165 30
3 3166 30
3 3167 30
3 3168 30
3 3169 30
3 3170 30
3 3171 30
3 3172 30
3 3173 30
3 3174 30
3 3175 30
3 3176 30
3 3177 31
3 3178 31
3 3179 31
3 3180 31
3 3181 30
3 3182 30
3 3183 30
3 3184 30
3 3185 30
3 3186 30
3 3187 29
3 3188 30
3 3189 30
3 3190 30
3 3191 30
3 3192 29
3 3193 30
3 3194 30
3 3195 31
3 3196 30
3 3197 31
3 3198 31
3 3199 31
3 3200 30
3 3201 30
3 3202 30
3 3203 30
3 3204 30
3 3205 29
3 3206 30
3 3207 30
3 3208 30
3 3209 30
3 3210 31
3 3211 30
3 3212 30
3 3213 30
3 3214 30
3 3215 30
3 3216 30
3 3217 31
3 3218 31
3 3219 31
3 3220 31
3 3221 31
3 3222 31
3 3223 30
3 3224 30
3 3225 30
3 3226 30
3 3227 30
3 3228 30
3 3229 31
3 3230 30
3 3231 30
3 3232 30
3 3233 31
3 3234 30
3 3235 30
3 3236 30
3 3237 30
3 3238 30
3 3239 30
3 3240 30
3 3241 31
3 3242 31
3 3243 30
3 3244 30
3 3245 30
3 3246 30
3 3247 31
3 3248 31
3 3249 31
3 3250 30
3 3251 30
3 3252 30
3 3253 30
3 3254 30
3 3255 31
3 3256 30
3 3257 31
3 3258 30
3 3259 31
3 3260 31
3 3261 31
3 3262 30
3 3263 30
3 3264 30
3 3265 30
3 3266 30
3 3267 30
3 3268 30
3 3269 30
3 3270 31
3 3271 29
3 3272 29
3 3273 30
3 3274 30
3 3275 30
3 3276 30
3 3277 31
3 3278 30
3 3279 31
3 3280 31
3 3281 30
3 3282 30
3 3283 29
3 3284 30
3 3285 30
3 3286 30
3 3287 30
3 3288 30
3 3289 30
3 3290 30
3 3291 29
3 3292 29
3 3293 30
3 3294 31
3 3295 29
3 3296 30
3 3297 31
3 3298 30
3 3299 30
3 3300 30
3 3301 30
3 3302 30
3 3303 30
3 3304 30
3 3305 30
3 3306 30
3 3307 30
3 3308 30
3 3309 30
3 3310 31
3 3311 30
3 3312 30
3 3313 30
3 3314 30
3 3315 30
3 3316 30
3 3317 31
3 3318 30
3 3319 31
3 3320 31
3 3321 31
3 3322 31
3 3323 30
3 3324 30
3 3325 30
3 3326 30
3 3327 31
3 3328 31
3 3329 31
3 3330 31
3 3331 30
3 3332 30
3 3333 30
3 3334 30
3 3335 31
3 3336 29
3 3337 30
3 3338 29
3 3339 30
3 3340 30
3 3341 31
3 3342 31
3 3343 31
3 3344 30
3 3345 31
3 3346 30
3 3347 31
3 3348 31
3 3349 31
3 3350 30
3 3351 31
3 3352 30
3 3353 31
3 3354 30
3 3355 30
3 3356 29
3 3357 30
3 3358 30
3 3359 31
3 3360 31
3 3361 31
3 3362 30
3 3363 30
3 3364 30
3 3365 30
3 3366 30
3 3367 30
3 3368 30
3 3369 31
3 3370 30
3 3371 30
3 3372 30
3 3373 30
3 3374 29
3 3375 30
3 3376 30
3 3377 31
3 3378 31
3 3379 31
3 3380 30
3 3381 30
3 3382 30
3 3383 30
3 3384 30
3 3385 30
3 3386 31
3 3387 30
3 3388 30
3 3389 30
3 3390 31
3 3391 30
3 3392 29
3 3393 30
3 3394 30
3 3395 30
3 3396 30
3 3397 31
3 3398 31
3 3399 31
3 3400 31
3 3401 31
3 3402 30
3 3403 30
3 3404 30
3 3405 30
3 3406 30
3 3407 30
3 3408 30
3 3409 31
3 3410 31
3 3411 30
3 3412 30
3 3413 30
3 3414 30
3 3415 30
3 3416 30
3 3417 30
3 3418 30
3 3419 31
3 3420 31
3 3421 31
3 3422 31
3 3423 31
3 3424 30
3 3425 31
3 3426 30
3 3427 30
3 3428 31
3 3429 31
3 3430 30
3 3431 31
3 3432 31
3 3433 30
3 3434 30
3 3435 31
3 3436 30
3 3437 30
3 3438 29
3 3439 29
3 3440 30
3 3441 31
3 3442 31
3 3443 30
3 3444 30
3 3445 30
3 3446 30
3 3447 31
3 3448 30
3 3449 30
3 3450 30
3 3451 30
3 3452 31
3 3453 31
3 3454 30
3 3455 31
3 3456 30
3 3457 31
3 3458 31
3 3459 31
3 3460 30
3 3461 30
3 3462 30
3 3463 30
3 3464 30
3 3465 30
3 3466 30
3 3467 30
3 3468 30
3 3469 30
3 3470 30
3 3471 29
3 3472 29
3 3473 30
3 3474 30
3 3475 29
3 3476 30
3 3477 31
3 3478 31
3 3479 31
3 3480 31
3 3481 31
3 3482 30
3 3483 30
3 3484 30
3 3485 30
3 3486 30
3 3487 30
3 3488 30
3 3489 30
3 3490 30
3 3491 30
3 3492 30
3 3493 30
3 3494 30
3 3495 30
3 3496 30
3 3497 31
3 3498 31
3 3499 31
3 3500 31
3 3501 31
3 3502 30
3 3503 30
3 3504 30
3 3505 30
3 3506 30
3 3507 30
3 3508 30
3 3509 31
3 3510 30
3 3511 30
3 3512 30
3 3513 30
3 3514 30
3 3515 31
3 3516 29
3 3517 31
3 3518 30
3 3519 30
3 3520 30
3 3521 31
3 3522 31
3 3523 30
3 3524 30
3 3525 30
3 3526 30
3 3527 31
3 3528 30
3 3529 30
3 3530 30
3 3531 31
3 3532 31
3 3533 30
3 3534 30
3 3535 30
3 3536 30
3 3537 30
3 3538 29
3 3539 31
3 3540 30
3 3541 31
3 3542 31
3 3543 31
3 3544 30
3 3545 30
3 3546 31
3 3547 31
3 3548 31
3 3549 30
3 3550 31
3 3551 30
3 3552 30
3 3553 30
3 3554 30
3 3555 30
3 3556 30
3 3557 31
3 3558 31
3 3559 31
3 3560 31
3 3561 31
3 3562 30
3 3563 30
3 3564 30
3 3565 30
3 3566 30
3 3567 30
3 3568 30
3 3569 30
3 3570 31
3 3571 29
3 3572 30
3 3573 30
3 3574 29
3 3575 30
3 3576 30
3 3577 31
3 3578 31
3 3579 31
3 3580 31
3 3581 30
3 3582 30
3 3583 30
3 3584 30
3 3585 30
3 3586 30
3 3587 29
3 3588 30
3 3589 30
3 3590 30
3 3591 30
3 3592 30
3 3593 30
3 3594 30
3 3595 30
3 3596 30
3 3597 31
3 3598 31
3 3599 31
3 3600 31
3 3601 31
3 3602 30
3 3603 30
3 3604 30
3 3605 30
3 3606 30
3 3607 31
3 3608 31
3 3609 31
3 3610 30
3 3611 30
3 3612 30
3 3613 31
3 3614 30
3 3615 31
3 3616 29
3 3617 30
3 3618 29
3 3619 31
3 3620 30
3 3621 31
3 3622 31
3 3623 31
3 3624 31
3 3625 31
3 3626 31
3 3627 31
3 3628 30
3 3629 30
3 3630 29
3 3631 31
3 3632 31
3 3633 30
3 3634 30
3 3635 30
3 3636 30
3 3637 29
3 3638 29
3 3639 29
3 3640 29
3 3641 30
3 3642 31
3 3643 31
3 3644 30
3 3645 30
3 3646 30
3 3647 31
3 3648 31
3 3649 31
3 3650 30
3 3651 30
3 3652 30
3 3653 30
3 3654 30
3 3655 30
3 3656 30
3 3657 30
3 3658 30
3 3659 31
3 3660 31
3 3661 31
3 3662 30
3 3663 30
3 3664 30
3 3665 30
3 3666 30
3 3667 30
3 3668 30
3 3669 30
3 3670 30
3 3671 30
3 3672 30
3 3673 30
3 3674 30
3 3675 30
3 3676 30
3 3677 31
3 3678 31
3 3679 31
3 3680 31
3 3681 31
3 3682 30
3 3683 30
3 3684 31
3 3685 30
3 3686 30
3 3687 30
3 3688 30
3 3689 30
3 3690 31
3 3691 30
3 3692 30
3 3693 30
3 3694 30
3 3695 30
3 3696 30
3 3697 31
3 3698 31
3 3699 31
3 3700 31
3 3701 31
3 3702 31
3 3703 30
3 3704 30
3 3705 30
3 3706 30
3 3707 30
3 3708 30
3 3709 31
3 3710 30
3 3711 31
3 3712 30
3 3713 31
3 3714 30
3 3715 30
3 3716 29
3 3717 30
3 3718 30
3 3719 30
3 3720 29
3 3721 30
3 3722 31
3 3723 31
3 3724 30
3 3725 31
3 3726 31
3 3727 30
3 3728 30
3 3729 30
3 3730 30
3 3731 30
3 3732 31
3 3733 30
3 3734 30
3 3735 30
3 3736 30
3 3737 29
3 3738 29
3 3739 29
3 3740 29
3 3741 31
3 3742 31
3 3743 31
3 3744 31
3 3745 31
3 3746 30
3 3747 31
3 3748 31
3 3749 31
3 3750 30
3 3751 31
3 3752 30
3 3753 30
3 3754 30
3 3755 30
3 3756 29
3 3757 31
3 3758 30
3 3759 31
3 3760 31
3 3761 31
3 3762 30
3 3763 30
3 3764 30
3 3765 30
3 3766 30
3 3767 30
3 3768 30
3 3769 31
3 3770 31
3 3771 30
3 3772 30
3 3773 30
3 3774 30
3 3775 30
3 3776 30
3 3777 31
3 3778 30
3 3779 31
3 3780 31
3 3781 30
3 3782 30
3 3783 30
3 3784 30
3 3785 30
3 3786 30
3 3787 30
3 3788 30
3 3789 30
3 3790 31
3 3791 30
3 3792 30
3 3793 30
3 3794 30
3 3795 30
3 3796 30
3 3797 31
3 3798 30
3 3799 31
3 3800 31
3 3801 31
3 3802 31
3 3803 31
3 3804 30
3 3805 30
3 3806 30
3 3807 31
3 3808 31
3 3809 31
3 3810 30
3 3811 30
3 3812 31
3 3813 31
3 3814 30
3 3815 30
3 3816 30
3 3817 29
3 3818 29
3 3819 29
3 3820 29
3 3821 30
3 3822 31
3 3823 31
3 3824 31
3 3825 31
3 3826 31
3 3827 31
3 3828 30
3 3829 30
3 3830 29
3 3831 31
3 3832 31
3 3833 30
3 3834 30
3 3835 30
3 3836 30
3 3837 29
3 3838 29
3 3839 29
3 3840 29
3 3841 31
3 3842 31
3 3843 30
3 3844 30
3 3845 30
3 3846 30
3 3847 30
3 3848 31
3 3849 31
3 3850 30
3 3851 30
3 3852 30
3 3853 30
3 3854 30
3 3855 30
3 3856 30
3 3857 31
3 3858 30
3 3859 31
3 3860 31
3 3861 31
3 3862 30
3 3863 30
3 3864 30
3 3865 30
3 3866 30
3 3867 30
3 3868 30
3 3869 30
3 3870 31
3 3871 30
3 3872 30
3 3873 30
3 3874 30
3 3875 30
3 3876 30
3 3877 31
3 3878 31
3 3879 31
3 3880 31
3 3881 31
3 3882 31
3 3883 30
3 3884 30
3 3885 30
3 3886 30
3 3887 30
3 3888 30
3 3889 31
3 3890 30
3 3891 30
3 3892 30
3 3893 30
3 3894 30
3 3895 30
3 3896 30
3 3897 30
3 3898 30
3 3899 31
3 3900 30
3 3901 31
3 3902 31
3 3903 31
3 3904 30
3 3905 30
3 3906 30
3 3907 31
3 3908 30
3 3909 31
3 3910 30
3 3911 31
3 3912 31
3 3913 30
3 3914 30
3 3915 30
3 3916 30
3 3917 29
3 3918 29
3 3919 29
3 3920 29
3 3921 29
3 3922 31
3 3923 31
3 3924 31
3 3925 31
3 3926 31
3 3927 30
3 3928 30
3 3929 30
3 3930 29
3 3931 31
3 3932 31
3 3933 30
3 3934 30
3 3935 30
3 3936 30
3 3937 29
3 3938 29
3 3939 31
3 3940 30
3 3941 31
3 3942 31
3 3943 31
3 3944 30
3 3945 31
3 3946 30
3 3947 31
3 3948 31
3 3949 31
3 3950 30
3 3951 30
3 3952 30
3 3953 31
3 3954 30
3 3955 30
3 3956 30
3 3957 30
3 3958 31
3 3959 30
3 3960 30
3 3961 31
3 3962 30
3 3963 30
3 3964 30
3 3965 30
3 3966 30
3 3967 30
3 3968 30
3 3969 31
3 3970 31
3 3971 29
3 3972 30
3 3973 30
3 3974 30
3 3975 30
3 3976 30
3 3977 31
3 3978 30
3 3979 31
3 3980 31
3 3981 31
3 3982 30
3 3983 30
3 3984 30
3 3985 30
3 3986 30
3 3987 30
3 3988 30
3 3989 31
3 3990 31
3 3991 30
3 3992 30
3 3993 31
3 3994 30
3 3995 30
3 3996 30
3 3997 30
3 3998 30
3 3999 30
3 4000 30
3 4001 31
3 4002 31
3 4003 30
3 4004 30
3 4005 30
3 4006 30
3 4007 31
3 4008 30
3 4009 31
3 4010 30
3 4011 31
3 4012 31
3 4013 30
3 4014 30
3 4015 30
3 4016 30
3 4017 30
3 4018 29
3 4019 29
3 4020 29
3 4021 30
3 4022 31
3 4023 31
3 4024 31
3 4025 31
3 4026 31
3 4027 31
3 4028 30
3 4029 30
3 4030 30
3 4031 31
3 4032 31
3 4033 30
3 4034 30
3 4035 31
3 4036 29
3 4037 30
3 4038 30
3 4039 30
3 4040 29
3 4041 31
3 4042 31
3 4043 30
3 4044 30
3 4045 30
3 4046 30
3 4047 30
3 4048 30
3 4049 31
3 4050 31
3 4051 30
3 4052 30
3 4053 30
3 4054 30
3 4055 30
3 4056 30
3 4057 31
3 4058 31
3 4059 31
3 4060 31
3 4061 31
3 4062 30
3 4063 30
3 4064 30
3 4065 30
3 4066 30
3 4067 30
3 4068 30
3 4069 30
3 4070 31
3 4071 30
3 4072 30
3 4073 30
3 4074 30
3 4075 30
3 4076 30
3 4077 31
3 4078 31
3 4079 31
3 4080 31
3 4081 31
3 4082 31
3 4083 30
3 4084 30
3 4085 30
3 4086 30
3 4087 30
3 4088 30
3 4089 31
3 4090 31
3 4091 30
3 4092 31
3 4093 31
3 4094 30
3 4095 30
3 4096 30
3 4097 31
3 4098 31
3 4099 31
3 4100 31
3 4101 31
3 4102 31
3 4103 31
3 4104 31
3 4105 31
3 4106 31
3 4107 31
3 4108 31
3 4109 31
3 4110 30
3 4111 31
3 4112 31
3 4113 30
3 4114 30
3 4115 31
3 4116 30
3 4117 30
3 4118 29
3 4119 29
3 4120 29
3 4121 29
3 4122 30
3 4123 31
3 4124 31
3 4125 31
3 4126 31
3 4127 30
3 4128 30
3 4129 30
3 4130 29
3 4131 31
3 4132 31
3 4133 30
3 4134 30
3 4135 30
3 4136 30
3 4137 29
3 4138 29
3 4139 29
3 4140 29
3 4141 31
3 4142 31
3 4143 31
3 4144 30
3 4145 30
3 4146 31
3 4147 30
3 4148 30
3 4149 31
3 4150 31
3 4151 30
3 4152 30
3 4153 30
3 4154 30
3 4155 30
3 4156 30
3 4157 31
3 4158 30
3 4159 31
3 4160 31
3 4161 31
3 4162 30
3 4163 30
3 4164 30
3 4165 30
3 4166 30
3 4167 30
3 4168 30
3 4169 31
3 4170 31
3 4171 29
3 4172 30
3 4173 30
3 4174 29
3 4175 31
3 4176 30
3 4177 31
3 4178 31
3 4179 31
3 4180 31
3 4181 31
3 4182 30
3 4183 30
3 4184 30
3 4185 30
3 4186 30
3 4187 30
3 4188 30
3 4189 31
3 4190 30
3 4191 30
3 4192 30
3 4193 30
3 4194 30
3 4195 30
3 4196 29
3 4197 30
3 4198 30
3 4199 30
3 4200 30
3 4201 30
3 4202 31
3 4203 31
3 4204 31
3 4205 31
3 4206 31
3 4207 31
3 4208 30
3 4209 30
3 4210 30
3 4211 31
3 4212 31
3 4213 30
3 4214 30
3 4215 30
3 4216 30
3 4217 29
3 4218 29
3 4219 29
3 4220 29
3 4221 29
3 4222 31
3 4223 31
3 4224 31
3 4225 31
3 4226 31
3 4227 31
3 4228 31
3 4229 31
3 4230 30
3 4231 31
3 4232 30
3 4233 30
3 4234 30
3 4235 31
3 4236 30
3 4237 30
3 4238 30
3 4239 30
3 4240 30
3 4241 31
3 4242 31
3 4243 30
3 4244 30
3 4245 30
3 4246 30
3 4247 30
3 4248 30
3 4249 31
3 4250 30
3 4251 30
3 4252 30
3 4253 30
3 4254 30
3 4255 30
3 4256 30
3 4257 31
3 4258 31
3 4259 31
3 4260 31
3 4261 31
3 4262 31
3 4263 30
3 4264 30
3 4265 30
3 4266 30
3 4267 30
3 4268 30
3 4269 31
3 4270 31
3 4271 30
3 4272 30
3 4273 31
3 4274 30
3 4275 30
3 4276 30
3 4277 31
3 4278 31
3 4279 31
3 4280 31
3 4281 31
3 4282 31
3 4283 30
3 4284 30
3 4285 30
3 4286 30
3 4287 31
3 4288 31
3 4289 31
3 4290 31
3 4291 30
3 4292 30
3 4293 31
3 4294 30
3 4295 31
3 4296 30
3 4297 30
3 4298 29
3 4299 30
3 4300 29
3 4301 31
3 4302 31
3 4303 31
3 4304 31
3 4305 31
3 4306 31
3 4307 31
3 4308 30
3 4309 30
3 4310 29
3 4311 31
3 4312 31
3 4313 30
3 4314 30
3 4315 30
3 4316 30
3 4317 29
3 4318 29
3 4319 29
3 4320 29
3 4321 29
3 4322 31
3 4323 31
3 4324 30
3 4325 31
3 4326 31
3 4327 31
3 4328 30
3 4329 30
3 4330 30
3 4331 31
3 4332 31
3 4333 30
3 4334 30
3 4335 30
3 4336 29
3 4337 31
3 4338 30
3 4339 31
3 4340 31
3 4341 31
3 4342 31
3 4343 31
3 4344 30
3 4345 30
3 4346 30
3 4347 31
3 4348 31
3 4349 31
3 4350 31
3 4351 30
3 4352 30
3 4353 30
3 4354 29
3 4355 30
3 4356 30
3 4357 31
3 4358 31
3 4359 31
3 4360 31
3 4361 31
3 4362 31
3 4363 30
3 4364 30
3 4365 30
3 4366 30
3 4367 30
3 4368 31
3 4369 31
3 4370 31
3 4371 30
3 4372 30
3 4373 30
3 4374 30
3 4375 30
3 4376 30
3 4377 31
3 4378 31
3 4379 31
3 4380 31
3 4381 31
3 4382 31
3 4383 31
3 4384 30
3 4385 30
3 4386 30
3 4387 30
3 4388 30
3 4389 31
3 4390 30
3 4391 30
3 4392 30
3 4393 31
3 4394 30
3 4395 30
3 4396 30
3 4397 30
3 4398 29
3 4399 29
3 4400 29
3 4401 29
3 4402 31
3 4403 31
3 4404 31
3 4405 31
3 4406 31
3 4407 31
3 4408 30
3 4409 30
3 4410 29
3 4411 31
3 4412 31
3 4413 31
3 4414 30
3 4415 30
3 4416 30
3 4417 30
3 4418 29
3 4419 30
3 4420 29
3 4421 31
3 4422 31
3 4423 31
3 4424 31
3 4425 31
3 4426 31
3 4427 31
3 4428 30
3 4429 30
3 4430 30
3 4431 31
3 4432 31
3 4433 30
3 4434 30
3 4435 31
3 4436 30
3 4437 30
3 4438 29
3 4439 30
3 4440 30
3 4441 31
3 4442 31
3 4443 30
3 4444 30
3 4445 30
3 4446 30
3 4447 30
3 4448 31
3 4449 31
3 4450 31
3 4451 29
3 4452 30
3 4453 30
3 4454 29
3 4455 30
3 4456 30
3 4457 31
3 4458 31
3 4459 31
3 4460 31
3 4461 31
3 4462 30
3 4463 30
3 4464 30
3 4465 30
3 4466 30
3 4467 30
3 4468 30
3 4469 31
3 4470 31
3 4471 30
3 4472 30
3 4473 30
3 4474 30
3 4475 30
3 4476 30
3 4477 31
3 4478 30
3 4479 31
3 4480 31
3 4481 31
3 4482 30
3 4483 30
3 4484 30
3 4485 30
3 4486 30
3 4487 31
3 4488 31
3 4489 31
3 4490 30
3 4491 30
3 4492 31
3 4493 31
3 4494 30
3 4495 30
3 4496 30
3 4497 29
3 4498 29
3 4499 29
3 4500 29
3 4501 30
3 4502 31
3 4503 31
3 4504 31
3 4505 31
3 4506 31
3 4507 31
3 4508 30
3 4509 30
3 4510 29
3 4511 31
3 4512 31
3 4513 30
3 4514 30
3 4515 30
3 4516 30
3 4517 30
3 4518 29
3 4519 29
3 4520 29
3 4521 30
3 4522 31
3 4523 31
3 4524 31
3 4525 31
3 4526 31
3 4527 31
3 4528 31
3 4529 31
3 4530 30
3 4531 30
3 4532 31
3 4533 31
3 4534 30
3 4535 30
3 4536 30
3 4537 31
3 4538 30
3 4539 31
3 4540 31
3 4541 31
3 4542 31
3 4543 30
3 4544 30
3 4545 30
3 4546 30
3 4547 30
3 4548 30
3 4549 30
3 4550 31
3 4551 30
3 4552 30
3 4553 30
3 4554 31
3 4555 30
3 4556 30
3 4557 31
3 4558 31
3 4559 31
3 4560 31
3 4561 31
3 4562 30
3 4563 30
3 4564 30
3 4565 30
3 4566 30
3 4567 30
3 4568 30
3 4569 31
3 4570 31
3 4571 30
3 4572 30
3 4573 30
3 4574 30
3 4575 30
3 4576 30
3 4577 31
3 4578 31
3 4579 31
3 4580 31
3 4581 31
3 4582 31
3 4583 30
3 4584 30
3 4585 30
3 4586 30
3 4587 31
3 4588 31
3 4589 31
3 4590 30
3 4591 31
3 4592 30
3 4593 30
3 4594 30
3 4595 31
3 4596 29
3 4597 30
3 4598 29
3 4599 29
3 4600 29
3 4601 29
3 4602 31
3 4603 31
3 4604 31
3 4605 31
3 4606 31
3 4607 31
3 4608 30
3 4609 30
3 4610 30
3 4611 30
3 4612 31
3 4613 31
3 4614 30
3 4615 30
3 4616 30
3 4617 29
3 4618 29
3 4619 29
3 4620 29
3 4621 31
3 4622 31
3 4623 31
3 4624 31
3 4625 31
3 4626 31
3 4627 31
3 4628 30
3 4629 30
3 4630 31
3 4631 30
3 4632 30
3 4633 31
3 4634 30
3 4635 30
3 4636 30
3 4637 30
3 4638 30
3 4639 30
3 4640 30
3 4641 31
3 4642 31
3 4643 30
3 4644 30
3 4645 30
3 4646 30
3 4647 30
3 4648 30
3 4649 31
3 4650 31
3 4651 30
3 4652 30
3 4653 30
3 4654 30
3 4655 30
3 4656 30
3 4657 31
3 4658 31
3 4659 31
3 4660 31
3 4661 31
3 4662 30
3 4663 30
3 4664 30
3 4665 30
3 4666 30
3 4667 30
3 4668 30
3 4669 31
3 4670 31
3 4671 30
3 4672 30
3 4673 30
3 4674 30
3 4675 30
3 4676 30
3 4677 31
3 4678 30
3 4679 30
3 4680 30
3 4681 31
3 4682 31
3 4683 31
3 4684 30
3 4685 30
3 4686 30
3 4687 31
3 4688 31
3 4689 30
3 4690 30
3 4691 30
3 4692 31
3 4693 30
3 4694 30
3 4695 30
3 4696 30
3 4697 29
3 4698 29
3 4699 29
3 4700 29
3 4701 29
3 4702 31
3 4703 31
3 4704 31
3 4705 31
3 4706 31
3 4707 31
3 4708 30
3 4709 30
3 4710 29
3 4711 31
3 4712 31
3 4713 30
3 4714 30
3 4715 30
3 4716 30
3 4717 29
3 4718 29
3 4719 29
3 4720 29
3 4721 30
3 4722 31
3 4723 31
3 4724 30
3 4725 30
3 4726 30
3 4727 31
3 4728 31
3 4729 31
3 4730 30
3 4731 30
3 4732 30
3 4733 31
3 4734 30
3 4735 31
3 4736 29
3 4737 31
3 4738 31
3 4739 31
3 4740 31
3 4741 31
3 4742 31
3 4743 31
3 4744 30
3 4745 30
3 4746 30
3 4747 30
3 4748 30
3 4749 31
3 4750 31
3 4751 30
3 4752 30
3 4753 30
3 4754 30
3 4755 30
3 4756 30
3 4757 31
3 4758 30
3 4759 31
3 4760 31
3 4761 31
3 4762 31
3 4763 30
3 4764 30
3 4765 30
3 4766 30
3 4767 30
3 4768 31
3 4769 31
3 4770 31
3 4771 30
3 4772 30
3 4773 30
3 4774 30
3 4775 31
3 4776 29
3 4777 31
3 4778 29
3 4779 30
3 4780 30
3 4781 31
3 4782 31
3 4783 31
3 4784 30
3 4785 31
3 4786 31
3 4787 31
3 4788 30
3 4789 30
3 4790 30
3 4791 31
3 4792 31
3 4793 30
3 4794 30
3 4795 30
3 4796 30
3 4797 29
3 4798 29
3 4799 29
3 4800 29
3 4801 29
3 4802 31
3 4803 31
3 4804 31
3 4805 31
3 4806 31
3 4807 30
3 4808 30
3 4809 30
3 4810 29
3 4811 31
3 4812 31
3 4813 30
3 4814 31
3 4815 30
3 4816 30
3 4817 29
3 4818 29
3 4819 30
3 4820 29
3 4821 31
3 4822 31
3 4823 31
3 4824 31
3 4825 31
3 4826 31
3 4827 31
3 4828 31
3 4829 31
3 4830 30
3 4831 30
3 4832 30
3 4833 30
3 4834 30
3 4835 30
3 4836 30
3 4837 31
3 4838 30
3 4839 30
3 4840 31
3 4841 31
3 4842 31
3 4843 30
3 4844 30
3 4845 30
3 4846 30
3 4847 30
3 4848 30
3 4849 31
3 4850 31
3 4851 30
3 4852 30
3 4853 30
3 4854 30
3 4855 30
3 4856 30
3 4857 31
3 4858 31
3 4859 31
3 4860 31
3 4861 31
3 4862 30
3 4863 30
3 4864 30
3 4865 30
3 4866 30
3 4867 30
3 4868 30
3 4869 30
3 4870 31
3 4871 30
3 4872 30
3 4873 31
3 4874 30
3 4875 31
3 4876 29
3 4877 31
3 4878 30
3 4879 30
3 4880 30
3 4881 31
3 4882 31
3 4883 31
3 4884 30
3 4885 30
3 4886 31
3 4887 31
3 4888 31
3 4889 30
3 4890 30
3 4891 30
3 4892 31
3 4893 31
3 4894 30
3 4895 30
3 4896 30
3 4897 29
3 4898 29
3 4899 29
3 4900 29
3 4901 30
3 4902 31
3 4903 31
3 4904 31
3 4905 31
3 4906 31
3 4907 31
3 4908 30
3 4909 30
3 4910 29
3 4911 31
3 4912 31
3 4913 30
3 4914 30
3 4915 30
3 4916 30
3 4917 30
3 4918 29
3 4919 29
3 4920 29
3 4921 29
3 4922 31
3 4923 31
3 4924 30
3 4925 31
3 4926 31
3 4927 31
3 4928 31
3 4929 31
3 4930 31
3 4931 30
3 4932 30
3 4933 30
3 4934 30
3 4935 31
3 4936 30
3 4937 31
3 4938 30
3 4939 31
3 4940 31
3 4941 31
3 4942 30
3 4943 30
3 4944 30
3 4945 30
3 4946 30
3 4947 30
3 4948 30
3 4949 31
3 4950 31
3 4951 30
3 4952 30
3 4953 30
3 4954 30
3 4955 30
3 4956 29
3 4957 31
3 4958 30
3 4959 30
3 4960 31
3 4961 31
3 4962 30
3 4963 30
3 4964 30
3 4965 30
3 4966 30
3 4967 30
3 4968 30
3 4969 31
3 4970 31
3 4971 30
3 4972 30
3 4973 31
3 4974 30
3 4975 30
3 4976 29
3 4977 31
3 4978 30
3 4979 31
3 4980 30
3 4981 31
3 4982 31
3 4983 31
3 4984 31
3 4985 31
3 4986 31
3 4987 31
3 4988 30
3 4989 30
3 4990 29
3 4991 31
3 4992 31
3 4993 30
3 4994 30
3 4995 30
3 4996 30
3 4997 29
3 4998 29
3 4999 29
3 5000 29
3 5001 29
3 5002 31
3 5003 31
3 5004 31
3 5005 31
3 5006 31
3 5007 30
3 5008 30
3 5009 30
3 5010 29
3 5011 31
3 5012 31
3 5013 30
3 5014 30
3 5015 30
3 5016 30
3 5017 29
3 5018 29
3 5019 29
3 5020 29
3 5021 30
3 5022 31
3 5023 31
3 5024 30
3 5025 31
3 5026 30
3 5027 30
3 5028 31
3 5029 31
3 5030 31
3 5031 30
3 5032 30
3 5033 31
3 5034 30
3 5035 30
3 5036 31
3 5037 30
3 5038 30
3 5039 31
3 5040 31
3 5041 31
3 5042 30
3 5043 30
3 5044 30
3 5045 30
3 5046 30
3 5047 30
3 5048 30
3 5049 31
3 5050 31
3 5051 30
3 5052 30
3 5053 31
3 5054 30
3 5055 31
3 5056 30
3 5057 31
3 5058 31
3 5059 31
3 5060 31
3 5061 31
3 5062 30
3 5063 30
3 5064 30
3 5065 30
3 5066 30
3 5067 31
3 5068 31
3 5069 31
3 5070 30
3 5071 30
3 5072 31
3 5073 31
3 5074 30
3 5075 31
3 5076 30
3 5077 30
3 5078 29
3 5079 30
3 5080 29
3 5081 31
3 5082 31
3 5083 31
3 5084 30
3 5085 31
3 5086 31
3 5087 31
3 5088 30
3 5089 30
3 5090 30
3 5091 31
3 5092 31
3 5093 30
3 5094 30
3 5095 30
3 5096 30
3 5097 30
3 5098 29
3 5099 29
3 5100 29
3 5101 29
3 5102 30
3 5103 31
3 5104 31
3 5105 31
3 5106 31
3 5107 31
3 5108 30
3 5109 30
3 5110 30
3 5111 31
3 5112 31
3 5113 30
3 5114 30
3 5115 30
3 5116 30
3 5117 29
3 5118 29
3 5119 30
3 5120 30
3 5121 31
3 5122 31
3 5123 30
3 5124 30
3 5125 30
3 5126 30
3 5127 30
3 5128 31
3 5129 31
3 5130 31
3 5131 30
3 5132 30
3 5133 30
3 5134 30
3 5135 31
3 5136 30
3 5137 31
3 5138 31
3 5139 31
3 5140 31
3 5141 31
3 5142 31
3 5143 30
3 5144 30
3 5145 30
3 5146 30
3 5147 30
3 5148 30
3 5149 31
3 5150 30
3 5151 30
3 5152 30
3 5153 30
3 5154 30
3 5155 30
3 5156 30
3 5157 31
3 5158 30
3 5159 31
3 5160 31
3 5161 31
3 5162 31
3 5163 30
3 5164 30
3 5165 30
3 5166 30
3 5167 31
3 5168 31
3 5169 30
3 5170 30
3 5171 30
3 5172 31
3 5173 31
3 5174 30
3 5175 30
3 5176 30
3 5177 29
3 5178 29
3 5179 30
3 5180 29
3 5181 30
3 5182 31
3 5183 31
3 5184 31
3 5185 31
3 5186 30
3 5187 31
3 5188 31
3 5189 30
3 5190 29
3 5191 31
3 5192 31
3 5193 30
3 5194 30
3 5195 30
3 5196 30
3 5197 29
3 5198 29
3 5199 29
3 5200 29
3 5201 29
3 5202 31
3 5203 31
3 5204 30
3 5205 31
3 5206 31
3 5207 31
3 5208 30
3 5209 30
3 5210 30
3 5211 30
3 5212 31
3 5213 30
3 5214 30
3 5215 30
3 5216 30
3 5217 29
3 5218 30
3 5219 31
3 5220 30
3 5221 31
3 5222 31
3 5223 30
3 5224 30
3 5225 30
3 5226 30
3 5227 31
3 5228 31
3 5229 31
3 5230 31
3 5231 30
3 5232 30
3 5233 30
3 5234 30
3 5235 30
3 5236 30
3 5237 31
3 5238 30
3 5239 30
3 5240 31
3 5241 31
3 5242 30
3 5243 30
3 5244 30
3 5245 30
3 5246 30
3 5247 30
3 5248 30
3 5249 31
3 5250 31
3 5251 29
3 5252 30
3 5253 30
3 5254 30
3 5255 30
3 5256 30
3 5257 31
3 5258 31
3 5259 31
3 5260 31
3 5261 31
3 5262 31
3 5263 31
3 5264 30
3 5265 30
3 5266 30
3 5267 30
3 5268 31
3 5269 31
3 5270 30
3 5271 31
3 5272 30
3 5273 30
3 5274 30
3 5275 31
3 5276 30
3 5277 30
3 5278 29
3 5279 29
3 5280 29
3 5281 29
3 5282 31
3 5283 31
3 5284 30
3 5285 31
3 5286 31
3 5287 30
3 5288 30
3 5289 30
3 5290 29
3 5291 31
3 5292 31
3 5293 30
3 5294 31
3 5295 30
3 5296 30
3 5297 29
3 5298 29
3 5299 29
3 5300 29
3 5301 29
3 5302 31
3 5303 31
3 5304 31
3 5305 31
3 5306 31
3 5307 30
3 5308 30
3 5309 31
3 5310 29
3 5311 31
3 5312 31
3 5313 30
3 5314 30
3 5315 31
3 5316 29
3 5317 30
3 5318 30
3 5319 30
3 5320 30
3 5321 31
3 5322 31
3 5323 30
3 5324 30
3 5325 30
3 5326 30
3 5327 30
3 5328 30
3 5329 31
3 5330 31
3 5331 30
3 5332 30
3 5333 30
3 5334 30
3 5335 30
3 5336 30
3 5337 31
3 5338 30
3 5339 31
3 5340 31
3 5341 31
3 5342 30
3 5343 30
3 5344 30
3 5345 30
3 5346 30
3 5347 30
3 5348 30
3 5349 30
3 5350 31
3 5351 30
3 5352 30
3 5353 31
3 5354 30
3 5355 30
3 5356 31
3 5357 31
3 5358 31
3 5359 31
3 5360 30
3 5361 31
3 5362 31
3 5363 30
3 5364 30
3 5365 30
3 5366 30
3 5367 31
3 5368 31
3 5369 31
3 5370 30
3 5371 31
3 5372 31
3 5373 30
3 5374 30
3 5375 30
3 5376 30
3 5377 30
3 5378 29
3 5379 30
3 5380 30
3 5381 31
3 5382 31
3 5383 31
3 5384 31
3 5385 31
3 5386 31
3 5387 31
3 5388 30
3 5389 30
3 5390 29
3 5391 31
3 5392 31
3 5393 30
3 5394 30
3 5395 30
3 5396 30
3 5397 29
3 5398 29
3 5399 29
3 5400 29
3 5401 29
3 5402 31
3 5403 31
3 5404 31
3 5405 31
3 5406 31
3 5407 31
3 5408 30
3 5409 30
3 5410 30
3 5411 30
3 5412 31
3 5413 30
3 5414 30
3 5415 31
3 5416 29
3 5417 30
3 5418 30
3 5419 31
3 5420 31
3 5421 31
3 5422 31
3 5423 30
3 5424 30
3 5425 30
3 5426 30
3 5427 30
3 5428 30
3 5429 31
3 5430 31
3 5431 30
3 5432 30
3 5433 30
3 5434 30
3 5435 30
3 5436 30
3 5437 31
3 5438 31
3 5439 31
3 5440 31
3 5441 31
3 5442 30
3 5443 30
3 5444 31
3 5445 30
3 5446 30
3 5447 30
3 5448 30
3 5449 31
3 5450 31
3 5451 30
3 5452 30
3 5453 30
3 5454 30
3 5455 30
3 5456 30
3 5457 31
3 5458 31
3 5459 31
3 5460 31
3 5461 31
3 5462 31
3 5463 31
3 5464 30
3 5465 30
3 5466 30
3 5467 30
3 5468 31
3 5469 31
3 5470 30
3 5471 30
3 5472 31
3 5473 31
3 5474 30
3 5475 31
3 5476 30
3 5477 30
3 5478 29
3 5479 29
3 5480 29
3 5481 29
3 5482 31
3 5483 31
3 5484 31
3 5485 31
3 5486 31
3 5487 30
3 5488 30
3 5489 30
3 5490 29
3 5491 31
3 5492 31
3 5493 31
3 5494 30
3 5495 30
3 5496 30
3 5497 29
3 5498 29
3 5499 29
3 5500 29
3 5501 30
3 5502 31
3 5503 31
3 5504 31
3 5505 31
3 5506 30
3 5507 31
3 5508 31
3 5509 31
3 5510 30
3 5511 30
3 5512 30
3 5513 31
3 5514 30
3 5515 31
3 5516 30
3 5517 30
3 5518 30
3 5519 30
3 5520 30
3 5521 31
3 5522 31
3 5523 30
3 5524 30
3 5525 30
3 5526 30
3 5527 30
3 5528 30
3 5529 31
3 5530 31
3 5531 30
3 5532 30
3 5533 31
3 5534 30
3 5535 29
3 5536 30
3 5537 31
3 5538 31
3 5539 31
3 5540 31
3 5541 31
3 5542 30
3 5543 30
3 5544 30
3 5545 30
3 5546 30
3 5547 30
3 5548 30
3 5549 31
3 5550 31
3 5551 30
3 5552 30
3 5553 31
3 5554 30
3 5555 30
3 5556 29
3 5557 31
3 5558 30
3 5559 30
3 5560 30
3 5561 31
3 5562 31
3 5563 30
3 5564 30
3 5565 30
3 5566 30
3 5567 31
3 5568 30
3 5569 31
3 5570 31
3 5571 30
3 5572 30
3 5573 31
3 5574 30
3 5575 30
3 5576 30
3 5577 29
3 5578 29
3 5579 29
3 5580 29
3 5581 30
3 5582 31
3 5583 31
3 5584 31
3 5585 31
3 5586 31
3 5587 31
3 5588 30
3 5589 30
3 5590 29
3 5591 31
3 5592 31
3 5593 30
3 5594 30
3 5595 30
3 5596 30
3 5597 29
3 5598 29
3 5599 29
3 5600 29
3 5601 29
3 5602 31
3 5603 31
3 5604 30
3 5605 30
3 5606 30
3 5607 31
3 5608 30
3 5609 31
3 5610 30
3 5611 30
3 5612 31
3 5613 31
3 5614 30
3 5615 30
3 5616 30
3 5617 31
3 5618 30
3 5619 31
3 5620 31
3 5621 31
3 5622 31
3 5623 30
3 5624 30
3 5625 30
3 5626 30
3 5627 30
3 5628 30
3 5629 31
3 5630 31
3 5631 30
3 5632 30
3 5633 30
3 5634 30
3 5635 29
3 5636 30
3 5637 31
3 5638 31
3 5639 31
3 5640 31
3 5641 31
3 5642 30
3 5643 30
3 5644 30
3 5645 30
3 5646 30
3 5647 30
3 5648 30
3 5649 30
3 5650 31
3 5651 29
3 5652 30
3 5653 30
3 5654 30
3 5655 30
3 5656 30
3 5657 30
3 5658 30
3 5659 31
3 5660 31
3 5661 31
3 5662 31
3 5663 31
3 5664 31
3 5665 30
3 5666 30
3 5667 31
3 5668 31
3 5669 30
3 5670 30
3 5671 30
3 5672 31
3 5673 30
3 5674 30
3 5675 30
3 5676 30
3 5677 29
3 5678 29
3 5679 29
3 5680 29
3 5681 29
3 5682 31
3 5683 31
3 5684 31
3 5685 31
3 5686 31
3 5687 31
3 5688 30
3 5689 30
3 5690 29
3 5691 31
