25000000 8557450
16666666 8812263
12500000 8721988
10000000 8122421
8333333 7842869
7142857 8316002
6250000 8375182
5555555 8017220
5000000 8090606
4545454 8200320
4166666 8175066
3846153 8306665
3571428 8292307
3333333 8250661
3125000 8279695
2941176 8378480
2777777 8402474
2631578 8436667
2500000 8456355
2380952 8464566
2272727 8476954
2173913 8499307
2083333 8530379
2000000 8549887
1923076 8580842
1851851 8583310
1785714 8604959
1724137 8635930
1666666 8649028
1612903 8685393
1562500 8702513
1515151 8718366
1470588 8721499
1428571 8732784
1388888 8743699
1351351 8757243
1315789 8768071
1282051 8750395
1250000 8762329
1219512 8755431
1190476 8767538
1162790 8769084
1136363 8776746
1111111 8786873
1086956 8798572
1063829 8793411
1041666 8774644
1020408 8787237
1000000 8795412
980392 8802735
961538 8802839
943396 8817424
925925 8813404
909090 8815671
892857 8824294
877192 8828972
862068 8816591
847457 8850493
833333 8847551
819672 8837510
806451 8841071
793650 8848281
781250 8840631
769230 8846142
757575 8845435
746268 8854943
735294 8853348
724637 8861330
714285 8860322
704225 8863683
694444 8870643
684931 8874099
675675 8876979
666666 8866205
657894 8868310
649350 8873646
641025 8875762
632911 8884994
625000 8889294
617283 8880077
609756 8883063
602409 8886568
595238 8902004
588235 8886820
581395 8880404
574712 8901219
568181 8891656
561797 8901672
555555 8900359
549450 8909058
543478 8898663
537634 8894793
531914 8899526
526315 8903621
520833 8892025
515463 8914596
510204 8892387
505050 8910741
500000 8916927
495049 8919869
490196 8904338
485436 8907383
480769 8904973
476190 8919847
471698 8910980
467289 8910402
462962 8914213
458715 8918582
454545 8929812
450450 8913958
446428 8916793
442477 8922660
438596 8921256
434782 8926449
431034 8906458
427350 8916378
423728 8938017
420168 8920757
416666 8927364
413223 8929331
409836 8920925
406504 8928677
403225 8926942
400000 8919000
396825 8923522
393700 8932232
390625 8918375
387596 8925556
384615 8936594
381679 8926721
378787 8930675
375939 8942226
373134 8933880
370370 8921707
367647 8931766
364963 8946451
362318 8924949
359712 8926560
357142 8940697
354609 8943913
352112 8935783
349650 8926531
347222 8922753
344827 8935785
342465 8933265
340136 8924673
337837 8946287
335570 8946115
333333 8934159
331125 8927964
328947 8927912
326797 8949671
324675 8939650
322580 8938413
320512 8931730
318471 8931751
316455 8947448
314465 8949461
312500 8941118
310559 8931732
308641 8935610
306748 8947523
304878 8955232
303030 8945416
301204 8940325
299401 8942232
297619 8949114
295857 8955406
294117 8950306
292397 8938584
290697 8930131
289017 8938778
287356 8944799
285714 8951446
284090 8950336
282485 8943281
280898 8940457
279329 8935378
277777 8944333
276243 8955647
274725 8957217
273224 8953789
271739 8938201
270270 8936114
268817 8938622
267379 8945295
265957 8955665
264550 8959197
263157 8946326
261780 8946224
260416 8937369
259067 8940433
257731 8947119
256410 8950226
255102 8946787
253807 8961688
252525 8947355
251256 8944003
250000 8933888
248756 8943543
247524 8949808
246305 8946392
245098 8962663
243902 8952391
242718 8947287
241545 8942247
240384 8936907
239234 8930564
238095 8939851
236966 8952044
235849 8960624
234741 8962708
233644 8955931
232558 8948874
231481 8942730
230414 8942521
229357 8936593
228310 8940725
227272 8946074
226244 8957031
225225 8963281
224215 8959958
223214 8950497
222222 8946353
221238 8945072
220264 8932536
219298 8928282
218340 8942588
217391 8944706
216450 8942448
215517 8950527
214592 8960362
213675 8952206
212765 8944455
211864 8943334
210970 8938187
210084 8937869
209205 8933734
208333 8941094
207468 8943546
206611 8951926
205761 8954040
204918 8954018
204081 8954809
203252 8951501
202429 8946453
201612 8937679
200803 8931003
200000 8913418
199203 8927495
198412 8928175
197628 8932528
196850 8941261
196078 8945351
195312 8955672
194552 8945254
193798 8941330
193050 8940570
192307 8929591
191570 8933628
190839 8919997
190114 8914562
189393 8915460
188679 8927725
187969 8930144
187265 8935907
186567 8942087
185873 8947966
185185 8946471
184501 8944883
183823 8941606
183150 8938498
182481 8919122
181818 8923250
181159 8920641
180505 8908212
179856 8918486
179211 8918952
178571 8910253
177935 8924199
177304 8924787
176678 8919947
176056 8935809
175438 8939986
174825 8948392
174216 8941843
173611 8932846
173010 8921982
172413 8925348
171821 8918624
171232 8917615
170648 8911816
170068 8896006
169491 8906251
168918 8907294
168350 8913309
167785 8911102
167224 8920644
166666 8930540
166112 8933967
165562 8937212
165016 8933838
164473 8937505
163934 8933439
163398 8923260
162866 8915815
162337 8916100
161812 8906864
161290 8910613
160771 8902913
160256 8892379
159744 8900158
159235 8899065
158730 8905980
158227 8907359
157728 8906169
157232 8910678
156739 8908980
156250 8926451
155763 8929485
155279 8939039
154798 8935251
154320 8925134
153846 8917187
153374 8918358
152905 8916664
152439 8916346
151975 8908431
151515 8898447
151057 8898782
150602 8897131
150150 8893392
149700 8893879
149253 8894963
148809 8897472
148367 8900643
147928 8900960
147492 8908636
147058 8904486
146627 8915477
146198 8927220
145772 8921979
145348 8934353
144927 8928676
144508 8931470
144092 8922618
143678 8914521
143266 8918991
142857 8910349
142450 8906955
142045 8904138
141643 8896660
141242 8898419
140845 8897154
140449 8880681
140056 8879032
139664 8883332
139275 8886718
138888 8887278
138504 8896764
138121 8899351
137741 8902695
137362 8907591
136986 8903612
136612 8913265
136239 8915881
135869 8924981
135501 8920802
135135 8930686
134770 8933114
134408 8916450
134048 8918368
133689 8918355
133333 8910454
132978 8904042
132625 8900984
132275 8898383
131926 8891249
131578 8900012
131233 8895189
130890 8886420
130548 8893769
130208 8875577
129870 8874705
129533 8877253
129198 8880469
128865 8886801
128534 8882961
128205 8895886
127877 8894650
127551 8898947
127226 8909157
126903 8899134
126582 8901166
126262 8914946
125944 8916329
125628 8920819
125313 8928252
125000 8929818
124688 8920890
124378 8917537
124069 8914505
123762 8915683
123456 8917765
123152 8906661
122850 8905840
122549 8899828
122249 8899293
121951 8893636
121654 8884874
121359 8880950
121065 8876316
120772 8873465
120481 8873040
120192 8866600
119904 8872110
119617 8867021
119331 8873507
119047 8872555
118764 8877554
118483 8878665
118203 8885259
117924 8880450
117647 8889032
117370 8885580
117096 8894717
116822 8899323
116550 8906834
116279 8904396
116009 8915496
115740 8913355
115473 8913353
115207 8918180
114942 8925687
114678 8925403
114416 8915374
114155 8915614
113895 8903912
113636 8909175
113378 8898196
113122 8903696
112866 8900305
112612 8889441
112359 8895999
112107 8894063
111856 8888879
111607 8887823
111358 8875398
111111 8876045
110864 8871412
110619 8874158
110375 8863004
110132 8860623
109890 8862940
109649 8866641
109409 8861990
109170 8874316
108932 8869129
108695 8877074
108459 8878649
108225 8878943
107991 8880617
107758 8877106
107526 8880367
107296 8885665
107066 8886527
106837 8891452
106609 8885947
106382 8895803
106157 8901232
105932 8906875
105708 8914204
105485 8915361
105263 8924778
105042 8923476
104821 8921895
104602 8920765
104384 8912408
104166 8913534
103950 8908120
103734 8906791
103519 8903985
103305 8906620
103092 8897768
102880 8891898
102669 8892953
102459 8880316
102249 8891049
102040 8868920
101832 8879189
101626 8875108
101419 8870200
101214 8874310
101010 8859854
100806 8867854
100603 8870573
100401 8855696
100200 8846829
100000 8852655
99800 8859187
25000000 8557213
16666666 8703702
12500000 8564608
10000000 8068433
8333333 7741288
7142857 8296848
6250000 8365242
5555555 8024103
5000000 8086679
4545454 8198968
4166666 8160368
3846153 8302893
3571428 8281449
3333333 8230706
3125000 8266807
2941176 8367771
2777777 8401455
2631578 8442955
2500000 8448482
2380952 8459187
2272727 8470407
2173913 8509259
2083333 8543864
2000000 8553572
1923076 8575327
1851851 8569578
1785714 8587746
1724137 8619196
1666666 8650376
1612903 8672540
1562500 8698824
1515151 8721111
1470588 8715304
1428571 8723268
1388888 8740409
1351351 8742105
1315789 8753316
1282051 8746740
1250000 8767753
1219512 8768609
1190476 8761673
1162790 8763384
1136363 8773099
1111111 8780385
1086956 8784823
1063829 8783480
1041666 8777517
1020408 8769849
1000000 8779044
980392 8793998
961538 8794220
943396 8804355
925925 8807481
909090 8804432
892857 8815519
877192 8821376
862068 8812836
847457 8822684
833333 8839265
819672 8825218
806451 8835342
793650 8839359
781250 8827957
769230 8837141
757575 8842480
746268 8854967
735294 8849874
724637 8856042
714285 8865821
704225 8866739
694444 8870082
684931 8869256
675675 8867196
666666 8876687
657894 8873478
649350 8870918
641025 8877275
632911 8876919
625000 8890901
617283 8890724
609756 8878668
602409 8882697
595238 8887545
588235 8898468
581395 8892624
574712 8901027
568181 8893756
561797 8898637
555555 8896514
549450 8891431
543478 8904924
537634 8907852
531914 8896641
526315 8897229
520833 8899474
515463 8911950
510204 8888266
505050 8909591
500000 8897168
495049 8904474
490196 8895683
485436 8922287
480769 8906965
476190 8922435
471698 8910659
467289 8918686
462962 8917263
458715 8921021
454545 8917801
450450 8905102
446428 8920009
442477 8915720
438596 8915981
434782 8927908
431034 8918046
427350 8915789
423728 8926469
420168 8922133
416666 8927578
413223 8923401
409836 8912240
406504 8931227
403225 8931758
400000 8922027
396825 8929547
393700 8926930
390625 8918834
387596 8930302
384615 8938765
381679 8934717
378787 8935690
375939 8941162
373134 8943242
370370 8919179
367647 8930889
364963 8948418
362318 8935617
359712 8929916
357142 8941869
354609 8945371
352112 8946784
349650 8934288
347222 8951985
344827 8952297
342465 8949019
340136 8926331
337837 8931724
335570 8950207
333333 8955234
331125 8942913
328947 8941840
326797 8948048
324675 8956037
322580 8942329
320512 8932704
318471 8939278
316455 8942716
314465 8951370
312500 8946274
310559 8937372
308641 8939685
306748 8949699
304878 8955609
303030 8950915
301204 8940630
299401 8943155
297619 8943546
295857 8954893
294117 8951860
292397 8950416
290697 8936218
289017 8942536
287356 8944363
285714 8958509
284090 8960084
282485 8941526
280898 8937886
279329 8942150
277777 8948038
276243 8961460
274725 8959411
273224 8952460
271739 8944073
270270 8938937
268817 8936224
267379 8948575
265957 8960803
264550 8957168
263157 8950383
261780 8949040
260416 8938693
259067 8940151
257731 8950524
256410 8943156
255102 8946635
253807 8960579
252525 8948788
251256 8942348
250000 8937129
248756 8942614
247524 8952282
246305 8957717
245098 8964161
243902 8959570
242718 8957189
241545 8946253
240384 8937585
239234 8940974
238095 8943225
236966 8948936
235849 8952130
234741 8948613
233644 8951359
232558 8947194
231481 8938723
230414 8934998
229357 8933862
228310 8944107
227272 8951091
226244 8953314
225225 8959957
224215 8962113
223214 8943544
222222 8949293
221238 8938712
220264 8932372
219298 8933793
218340 8940141
217391 8941350
216450 8953380
215517 8953742
214592 8954182
213675 8944500
212765 8939973
211864 8937244
210970 8935096
210084 8928563
209205 8931688
208333 8934081
207468 8941017
206611 8946287
205761 8942127
204918 8952707
204081 8956213
203252 8947482
202429 8938574
201612 8930188
200803 8915619
200000 8924467
199203 8934803
198412 8929892
197628 8929527
196850 8946775
196078 8941816
195312 8945483
194552 8958250
193798 8946970
193050 8935003
192307 8929400
191570 8920863
190839 8920579
190114 8915491
189393 8919696
188679 8924665
187969 8929470
187265 8931191
186567 8943197
185873 8942588
185185 8945750
184501 8949569
183823 8943057
183150 8933193
182481 8929871
181818 8937483
181159 8921670
180505 8915666
179856 8912947
179211 8917769
178571 8921934
177935 8912549
177304 8930194
176678 8936448
176056 8947169
175438 8941208
174825 8945806
174216 8937384
173611 8938438
173010 8929320
172413 8922642
171821 8921814
171232 8910658
170648 8913174
170068 8904341
169491 8893542
168918 8901016
168350 8906681
167785 8916237
167224 8915006
166666 8923309
166112 8929512
165562 8930410
165016 8940259
164473 8931513
163934 8937654
163398 8924662
162866 8921435
162337 8918337
161812 8913452
161290 8906939
160771 8904999
160256 8893166
159744 8898904
159235 8901244
158730 8905036
158227 8905490
157728 8911810
157232 8913325
156739 8922810
156250 8929880
155763 8930715
155279 8934957
154798 8936351
154320 8932966
153846 8928797
153374 8928090
152905 8923979
152439 8917193
151975 8908927
151515 8904094
151057 8900866
150602 8904028
150150 8899769
149700 8887234
149253 8889502
148809 8899680
148367 8904949
147928 8911407
147492 8907205
147058 8904957
146627 8922887
146198 8923487
145772 8923680
145348 8929741
144927 8936067
144508 8930671
144092 8916871
143678 8925050
143266 8915517
142857 8910700
142450 8906909
142045 8902459
141643 8905375
141242 8892405
140845 8898124
140449 8889050
140056 8883709
139664 8886747
139275 8887077
138888 8894542
138504 8899139
138121 8898885
137741 8899665
137362 8905001
136986 8905797
136612 8908513
136239 8911578
135869 8916020
135501 8937514
135135 8925182
134770 8931905
134408 8918836
134048 8922592
133689 8913963
133333 8913874
132978 8910170
132625 8895489
132275 8897677
131926 8899258
131578 8889339
131233 8887369
130890 8883670
130548 8883205
130208 8876828
129870 8875095
129533 8876040
129198 8878315
128865 8877215
128534 8886118
128205 8893363
127877 8885286
127551 8892112
127226 8886235
126903 8898525
126582 8906800
126262 8908581
125944 8912951
125628 8926828
125313 8921206
125000 8933409
124688 8922256
124378 8919151
124069 8918268
123762 8914214
123456 8911497
123152 8900503
122850 8903143
122549 8908295
122249 8898682
121951 8888597
121654 8887628
121359 8888570
121065 8880932
120772 8879357
120481 8872526
120192 8867011
119904 8865950
119617 8873898
119331 8876400
119047 8875037
118764 8877093
118483 8886980
118203 8885610
117924 8889506
117647 8887575
117370 8888248
117096 8898926
116822 8900274
116550 8905930
116279 8911008
116009 8912947
115740 8912308
115473 8924621
115207 8930366
114942 8933512
114678 8921397
114416 8920133
114155 8921515
113895 8921009
113636 8918859
113378 8910924
113122 8893450
112866 8906184
112612 8899058
112359 8883693
112107 8897144
111856 8885846
111607 8893999
111358 8879406
111111 8875641
110864 8869274
110619 8877691
110375 8874206
110132 8864534
109890 8865282
109649 8873723
109409 8872797
109170 8878509
108932 8876266
108695 8871796
108459 8884157
108225 8882193
107991 8886610
107758 8889189
107526 8884319
107296 8884198
107066 8890783
106837 8889248
106609 8898122
106382 8903859
106157 8910691
105932 8915854
105708 8916080
105485 8916276
105263 8923321
105042 8924819
104821 8929545
104602 8925109
104384 8918660
104166 8917519
103950 8905676
103734 8908971
103519 8899196
103305 8897092
103092 8892167
102880 8898170
102669 8894647
102459 8885164
102249 8897445
102040 8872878
101832 8882038
101626 8879800
101419 8869209
101214 8878406
101010 8862451
100806 8865270
100603 8863174
100401 8857491
100200 8851844
100000 8859343
99800 8860478
25000000 8559277
16666666 8709866
12500000 8599192
10000000 8072695
8333333 7723469
7142857 8278889
6250000 8356570
5555555 8015075
5000000 8082581
4545454 8199125
4166666 8167371
3846153 8310940
3571428 8288604
3333333 8235133
3125000 8269285
2941176 8356944
2777777 8392124
2631578 8435379
2500000 8458506
2380952 8466670
2272727 8476323
2173913 8508043
2083333 8540454
2000000 8561200
1923076 8567985
1851851 8598335
1785714 8598915
1724137 8643170
1666666 8661502
1612903 8688447
1562500 8699400
1515151 8731876
1470588 8727531
1428571 8733676
1388888 8745809
1351351 8747160
1315789 8758540
1282051 8766560
1250000 8774992
1219512 8769621
1190476 8773286
1162790 8774697
1136363 8795243
1111111 8795283
1086956 8812054
1063829 8794656
1041666 8808661
1020408 8809179
1000000 8817203
980392 8807677
961538 8801062
943396 8805799
925925 8810513
909090 8805851
892857 8821780
877192 8817612
862068 8820537
847457 8826457
833333 8839409
819672 8838837
806451 8847051
793650 8839684
781250 8842812
769230 8851186
757575 8851051
746268 8856772
735294 8850637
724637 8862662
714285 8864165
704225 8867359
694444 8861093
684931 8862791
675675 8876337
666666 8866469
657894 8876290
649350 8878193
641025 8882137
632911 8882870
625000 8887684
617283 8880630
609756 8881483
602409 8885006
595238 8884194
588235 8877242
581395 8887107
574712 8898655
568181 8898312
561797 8896025
555555 8909347
549450 8897239
543478 8895492
537634 8905985
531914 8904096
526315 8911794
520833 8894719
515463 8903027
510204 8902854
505050 8917873
500000 8885604
495049 8921155
490196 8901872
485436 8921188
480769 8903674
476190 8921525
471698 8911314
467289 8915752
462962 8922617
458715 8910114
454545 8919273
450450 8908800
446428 8923446
442477 8919575
438596 8916460
434782 8923966
431034 8924453
427350 8922497
423728 8929892
420168 8913695
416666 8929093
413223 8925705
409836 8913157
406504 8930132
403225 8934287
400000 8918686
396825 8924834
393700 8933546
390625 8920255
387596 8925004
384615 8937106
381679 8928900
378787 8923201
375939 8937005
373134 8934998
370370 8926162
367647 8928709
364963 8942108
362318 8930313
359712 8928068
357142 8935994
354609 8942849
352112 8941645
349650 8921038
347222 8936198
344827 8947098
342465 8929772
340136 8914698
337837 8937267
335570 8952408
333333 8933225
331125 8935714
328947 8932055
326797 8940585
324675 8943970
322580 8939481
320512 8934661
318471 8944150
316455 8947680
314465 8953303
312500 8939049
310559 8931874
308641 8935781
306748 8943975
304878 8950950
303030 8944433
301204 8941469
299401 8943837
297619 8940289
295857 8950707
294117 8955581
292397 8946892
290697 8938861
289017 8945745
287356 8941847
285714 8953418
284090 8948617
282485 8950069
280898 8937709
279329 8939595
277777 8938172
276243 8953779
274725 8955765
273224 8952800
271739 8937517
270270 8940085
268817 8939764
267379 8953340
265957 8954826
264550 8960414
263157 8952328
261780 8945160
260416 8941382
259067 8946157
257731 8949175
256410 8942113
255102 8955161
253807 8961316
252525 8947198
251256 8944021
250000 8944956
248756 8939195
247524 8953107
246305 8952829
245098 8962238
243902 8952290
242718 8941800
241545 8937982
240384 8933634
239234 8931742
238095 8954392
236966 8958583
235849 8953099
234741 8964982
233644 8949682
232558 8940939
231481 8932639
230414 8929679
229357 8938161
228310 8941571
227272 8941273
226244 8956625
225225 8959497
224215 8955963
223214 8949921
222222 8945141
221238 8937328
220264 8931691
219298 8936147
218340 8939044
217391 8942618
216450 8952974
215517 8963132
214592 8955745
213675 8954356
212765 8953366
211864 8938959
210970 8929895
210084 8928920
209205 8939609
208333 8935055
207468 8943457
206611 8939623
205761 8955514
204918 8957551
204081 8947822
203252 8954053
202429 8936623
201612 8933865
200803 8929305
200000 8927415
199203 8932447
198412 8931907
197628 8939056
196850 8948280
196078 8951365
195312 8953494
194552 8948050
193798 8952555
193050 8940815
192307 8935173
191570 8929216
190839 8917013
190114 8917062
189393 8915425
188679 8917178
187969 8933160
187265 8936189
186567 8938595
185873 8950281
185185 8946145
184501 8945852
183823 8944531
183150 8935626
182481 8936392
181818 8924819
181159 8926087
180505 8917237
179856 8919242
179211 8920670
178571 8918411
177935 8921209
177304 8924203
176678 8931138
176056 8935257
175438 8939589
174825 8950178
174216 8939762
173611 8935888
173010 8928079
172413 8925361
171821 8927751
171232 8912348
170648 8910994
170068 8898752
169491 8912593
168918 8914850
168350 8903467
167785 8917770
167224 8914179
166666 8930766
166112 8929271
165562 8944876
165016 8939906
164473 8937599
163934 8927385
163398 8932338
162866 8922892
162337 8921335
161812 8908336
161290 8912456
160771 8911291
160256 8900519
159744 8902349
159235 8895450
158730 8902350
158227 8909399
157728 8911988
157232 8918676
156739 8917569
156250 8931401
155763 8930517
155279 8937405
154798 8938296
154320 8930586
153846 8925757
153374 8927272
152905 8921213
152439 8919242
151975 8911817
151515 8910898
151057 8898620
150602 8895984
150150 8894193
149700 8890454
149253 8897682
148809 8894374
148367 8902131
147928 8900166
147492 8906971
147058 8907977
146627 8920468
146198 8919026
145772 8926832
145348 8933995
144927 8937414
144508 8929108
144092 8921260
143678 8922925
143266 8915548
142857 8916415
142450 8909909
142045 8906926
141643 8898733
141242 8889339
140845 8891789
140449 8888847
140056 8891203
139664 8887523
139275 8884915
138888 8890806
138504 8888878
138121 8896264
137741 8898704
137362 8899123
136986 8906304
136612 8914650
136239 8915979
135869 8920775
135501 8919912
135135 8934884
134770 8929606
134408 8928212
134048 8922467
133689 8914330
133333 8915565
132978 8910642
132625 8901295
132275 8894360
131926 8901149
131578 8896156
131233 8895399
130890 8886398
130548 8883527
130208 8881994
129870 8879091
129533 8882365
129198 8880865
128865 8893415
128534 8892869
128205 8893721
127877 8890525
127551 8900415
127226 8900338
126903 8899718
126582 8903996
126262 8914533
125944 8916803
125628 8915479
125313 8925267
125000 8933494
124688 8924267
124378 8923601
124069 8923431
123762 8909442
123456 8912125
123152 8909070
122850 8905775
122549 8898878
122249 8897646
121951 8894908
121654 8887929
121359 8883185
121065 8885565
120772 8878244
120481 8873782
120192 8871347
119904 8871743
119617 8875915
119331 8874235
119047 8883253
118764 8879717
118483 8891801
118203 8887056
117924 8887414
117647 8885665
117370 8892005
117096 8900566
116822 8889329
116550 8898366
116279 8904492
116009 8912076
115740 8905649
115473 8923080
115207 8928985
114942 8923308
114678 8923340
114416 8913131
114155 8907501
113895 8908094
113636 8905082
113378 8905345
113122 8905780
112866 8893469
112612 8900757
112359 8878051
112107 8890015
111856 8883125
111607 8888836
111358 8886097
111111 8879973
110864 8867022
110619 8872377
110375 8864899
110132 8869553
109890 8863518
109649 8863399
109409 8868906
109170 8865251
108932 8877576
108695 8869566
108459 8878239
108225 8880618
107991 8884189
107758 8886892
107526 8884434
107296 8890273
107066 8898535
106837 8895702
106609 8894223
106382 8902695
106157 8904749
105932 8910212
105708 8919789
105485 8928915
105263 8936068
105042 8935469
104821 8931656
104602 8921560
104384 8928371
104166 8916746
103950 8912650
103734 8909443
103519 8910708
103305 8908085
103092 8901006
102880 8903165
102669 8885711
102459 8889502
102249 8900457
102040 8876669
101832 8892070
101626 8879818
101419 8873559
101214 8877753
101010 8867574
100806 8866429
100603 8857958
100401 8857875
100200 8863484
100000 8857724
99800 8865966
25000000 8581451
16666666 8729217
12500000 8608762
10000000 8080118
8333333 7775227
7142857 8288047
6250000 8364956
5555555 8039443
5000000 8098487
4545454 8203457
4166666 8185736
3846153 8320308
3571428 8289653
3333333 8241173
3125000 8279650
2941176 8373149
2777777 8395172
2631578 8441570
2500000 8460218
2380952 8474245
2272727 8481301
2173913 8511610
2083333 8545889
2000000 8559029
1923076 8569527
1851851 8594835
1785714 8607943
1724137 8635653
1666666 8656868
1612903 8683377
1562500 8713935
1515151 8731935
1470588 8726236
1428571 8738838
1388888 8743555
1351351 8766599
1315789 8765367
1282051 8767857
1250000 8774399
1219512 8765465
1190476 8767807
1162790 8777119
1136363 8784617
1111111 8793767
1086956 8797256
1063829 8788113
1041666 8784586
1020408 8794567
1000000 8802350
980392 8804345
961538 8809265
943396 8802790
925925 8822188
909090 8818982
892857 8820830
877192 8824007
862068 8823521
847457 8840034
833333 8841758
819672 8840733
806451 8841112
793650 8840153
781250 8844309
769230 8845985
757575 8848776
746268 8867517
735294 8862547
724637 8863950
714285 8861765
704225 8867042
694444 8876597
684931 8873589
675675 8877453
666666 8871244
657894 8866111
649350 8870963
641025 8879850
632911 8894415
625000 8885771
617283 8893778
609756 8884117
602409 8884732
595238 8893056
588235 8889881
581395 8895161
574712 8903106
568181 8902519
561797 8898714
555555 8904448
549450 8896754
543478 8911598
537634 8908127
531914 8902678
526315 8919045
520833 8900181
515463 8908980
510204 8912561
505050 8917605
500000 8903536
495049 8932409
490196 8904331
485436 8910988
480769 8913434
476190 8911432
471698 8915412
467289 8918465
462962 8916306
458715 8919475
454545 8922750
450450 8915174
446428 8924677
442477 8929077
438596 8919413
434782 8929376
431034 8917240
427350 8916888
423728 8933302
420168 8922220
416666 8937407
413223 8929299
409836 8926552
406504 8931822
403225 8928392
400000 8918890
396825 8930425
393700 8932638
390625 8928666
387596 8929449
384615 8936965
381679 8932661
378787 8930311
375939 8938083
373134 8933539
370370 8936358
367647 8941503
364963 8940715
362318 8933325
359712 8929110
357142 8945264
354609 8943712
352112 8940518
349650 8929940
347222 8944534
344827 8946296
342465 8944666
340136 8931188
337837 8936124
335570 8943314
333333 8940030
331125 8939406
328947 8933683
326797 8949098
324675 8949994
322580 8941033
320512 8935105
318471 8939124
316455 8950596
314465 8955342
312500 8938737
310559 8928389
308641 8934298
306748 8947643
304878 8957268
303030 8943650
301204 8941240
299401 8946609
297619 8948880
295857 8956011
294117 8954233
292397 8942003
290697 8940558
289017 8942591
287356 8944662
285714 8958976
284090 8954378
282485 8951420
280898 8940347
279329 8945367
277777 8947855
276243 8955291
274725 8958775
273224 8954002
271739 8940750
270270 8934356
268817 8945030
267379 8941832
265957 8955333
264550 8960769
263157 8954820
261780 8945679
260416 8934755
259067 8941342
257731 8951318
256410 8960427
255102 8964048
253807 8948561
252525 8942162
251256 8933432
250000 8937411
248756 8948965
247524 8945464
246305 8952145
245098 8962185
243902 8954211
242718 8951228
241545 8946789
240384 8935106
239234 8938048
238095 8942513
236966 8954735
235849 8958710
234741 8961868
233644 8952315
232558 8951326
231481 8939604
230414 8937167
229357 8936603
228310 8943481
227272 8942321
226244 8953793
225225 8956321
224215 8955722
223214 8950847
222222 8941928
221238 8938403
220264 8939983
219298 8931083
218340 8937697
217391 8942657
216450 8949525
215517 8951432
214592 8952790
213675 8943616
212765 8942087
211864 8942248
210970 8937656
210084 8923985
209205 8934174
208333 8931896
207468 8940466
206611 8949370
205761 8954417
204918 8957044
204081 8958475
203252 8945150
202429 8940269
201612 8931512
200803 8935732
200000 8930341
199203 8938141
198412 8933184
197628 8939439
196850 8940276
196078 8945132
195312 8957833
194552 8954237
193798 8946067
193050 8944252
192307 8938540
191570 8930876
190839 8925181
190114 8921264
189393 8918086
188679 8926658
187969 8929778
187265 8932247
186567 8930061
185873 8947570
185185 8952348
184501 8953773
183823 8945284
183150 8940190
182481 8929418
181818 8921453
181159 8917956
180505 8911305
179856 8915408
179211 8916770
178571 8915206
177935 8924357
177304 8927985
176678 8933206
176056 8932329
175438 8949521
174825 8951761
174216 8951080
173611 8938237
173010 8935050
172413 8927768
171821 8920808
171232 8918761
170648 8915946
170068 8897807
169491 8915355
168918 8901563
168350 8912775
167785 8921710
167224 8921057
166666 8921356
166112 8939428
165562 8940287
165016 8945829
164473 8942293
163934 8941475
163398 8932302
162866 8926718
162337 8920210
161812 8906695
161290 8914478
160771 8909024
160256 8900475
159744 8900868
159235 8903312
158730 8905309
158227 8906608
157728 8909812
157232 8915875
156739 8921279
156250 8923088
155763 8931025
155279 8945868
154798 8940472
154320 8928295
153846 8927865
153374 8924788
152905 8922528
152439 8922282
151975 8911780
151515 8902023
151057 8898863
150602 8900236
150150 8893546
149700 8892422
149253 8897979
148809 8901408
148367 8906175
147928 8902591
147492 8908042
147058 8906848
146627 8922957
146198 8924365
145772 8928328
145348 8933010
144927 8940427
144508 8932092
144092 8928362
143678 8922789
143266 8918515
142857 8910859
142450 8903557
142045 8901619
141643 8899926
141242 8894116
140845 8897681
140449 8893451
140056 8889420
139664 8887709
139275 8890158
138888 8896056
138504 8896368
138121 8898080
137741 8896991
137362 8903125
136986 8909399
136612 8908292
136239 8918761
135869 8919183
135501 8922494
135135 8927543
134770 8929873
134408 8925593
134048 8921172
133689 8917725
133333 8914437
132978 8912417
132625 8901826
132275 8905640
131926 8892453
131578 8894557
131233 8892726
130890 8894652
130548 8889784
130208 8882873
129870 8878083
129533 8881832
129198 8888818
128865 8892185
128534 8891579
128205 8887752
127877 8902765
127551 8905309
127226 8909113
126903 8898134
126582 8914011
126262 8914469
125944 8917115
125628 8926039
125313 8921323
125000 8930216
124688 8928993
124378 8920143
124069 8920547
123762 8922142
123456 8916919
123152 8908388
122850 8902039
122549 8901779
122249 8904303
121951 8892756
121654 8888583
121359 8891243
121065 8884165
120772 8878223
120481 8875221
120192 8868395
119904 8872434
119617 8879173
119331 8881674
119047 8875661
118764 8886562
118483 8880372
118203 8892384
117924 8888891
117647 8890414
117370 8887343
117096 8895151
116822 8899393
116550 8897506
116279 8900662
116009 8918236
115740 8912400
115473 8923617
115207 8921616
114942 8924106
114678 8919414
114416 8924440
114155 8924927
113895 8916159
113636 8902687
113378 8903822
113122 8896485
112866 8900643
112612 8891890
112359 8894681
112107 8892012
111856 8885823
111607 8884061
111358 8878045
111111 8872876
110864 8874759
110619 8875112
110375 8872155
110132 8870263
109890 8868370
109649 8860253
109409 8867027
109170 8869563
108932 8870793
108695 8873970
108459 8887333
108225 8883285
107991 8880525
107758 8883420
107526 8885100
107296 8895205
107066 8894341
106837 8894063
106609 8900979
106382 8903999
106157 8905600
105932 8913041
105708 8918068
105485 8915407
105263 8928414
105042 8931108
104821 8932574
104602 8921255
104384 8917375
104166 8919661
103950 8906178
103734 8910578
103519 8909249
103305 8906922
103092 8892271
102880 8901752
102669 8903537
102459 8892428
102249 8880692
102040 8890093
101832 8898575
101626 8884344
101419 8874494
101214 8870821
101010 8879304
100806 8866968
100603 8862830
100401 8865156
100200 8853300
100000 8861509
99800 8866254
25000000 8574988
16666666 8717216
12500000 8582399
10000000 8079694
8333333 7758506
7142857 8311152
6250000 8360006
5555555 8036925
5000000 8098629
4545454 8203670
4166666 8177354
3846153 8314411
3571428 8292361
3333333 8245162
3125000 8270987
2941176 8374302
2777777 8397414
2631578 8438790
2500000 8456808
2380952 8467408
2272727 8465983
2173913 8507098
2083333 8543312
2000000 8548923
1923076 8577457
1851851 8590074
1785714 8614539
1724137 8643885
1666666 8652321
1612903 8688048
1562500 8712592
1515151 8718373
1470588 8740392
1428571 8735676
1388888 8750533
1351351 8758046
1315789 8769056
1282051 8765002
1250000 8772881
1219512 8761427
1190476 8760999
1162790 8783140
1136363 8799768
1111111 8783721
1086956 8800509
1063829 8793195
1041666 8800300
1020408 8782000
1000000 8780369
980392 8790010
961538 8802285
943396 8809232
925925 8814931
909090 8817369
892857 8823992
877192 8829923
862068 8834876
847457 8845134
833333 8835896
819672 8831053
806451 8843812
793650 8848624
781250 8838745
769230 8849775
757575 8856956
746268 8861021
735294 8866038
724637 8867630
714285 8860212
704225 8865949
694444 8870431
684931 8872998
675675 8871940
666666 8875544
657894 8878607
649350 8880117
641025 8879982
632911 8887467
625000 8891977
617283 8879340
609756 8878983
602409 8891518
595238 8895431
588235 8894612
581395 8891530
574712 8896277
568181 8902981
561797 8886363
555555 8897727
549450 8890761
543478 8893837
537634 8900642
531914 8895621
526315 8901403
520833 8902548
515463 8910514
510204 8888509
505050 8919051
500000 8906534
495049 8912632
490196 8908715
485436 8920722
480769 8904235
476190 8921695
471698 8908840
467289 8914073
462962 8921497
458715 8914032
454545 8917581
450450 8910862
446428 8922131
442477 8918794
438596 8920706
434782 8928463
431034 8910376
427350 8921357
423728 8933174
420168 8916073
416666 8931191
413223 8920490
409836 8915320
406504 8928768
403225 8930261
400000 8916856
396825 8935025
393700 8933160
390625 8923843
387596 8925995
384615 8932525
381679 8930537
378787 8931729
375939 8944302
373134 8939193
370370 8927602
367647 8935405
364963 8937608
362318 8934812
359712 8937237
357142 8933372
354609 8950804
352112 8942727
349650 8924378
347222 8942064
344827 8944341
342465 8935170
340136 8930363
337837 8928324
335570 8950927
333333 8934973
331125 8936844
328947 8932314
326797 8937749
324675 8951460
322580 8939113
320512 8932305
318471 8932921
316455 8944743
314465 8954743
312500 8944761
310559 8941532
308641 8943365
306748 8942636
304878 8958677
303030 8950730
301204 8938776
299401 8937971
297619 8944400
295857 8950809
294117 8956167
292397 8948871
290697 8932818
289017 8934187
287356 8947995
285714 8954793
284090 8950464
282485 8949624
280898 8940681
279329 8943915
277777 8942364
276243 8953593
274725 8965151
273224 8951004
271739 8943454
270270 8936202
268817 8943423
267379 8946057
265957 8958092
264550 8963093
263157 8953976
261780 8944367
260416 8940240
259067 8950058
257731 8949171
256410 8967087
255102 8952409
253807 8958115
252525 8954340
251256 8942571
250000 8939582
248756 8951524
247524 8952129
246305 8954915
245098 8957992
243902 8959298
242718 8950020
241545 8944558
240384 8940116
239234 8942639
238095 8939176
236966 8955182
235849 8963191
234741 8967070
233644 8959381
232558 8952443
231481 8939020
230414 8936203
229357 8939684
228310 8946233
227272 8950610
226244 8958940
225225 8959033
224215 8960760
223214 8957152
222222 8944216
221238 8945345
220264 8940347
219298 8939686
218340 8946766
217391 8953049
216450 8948703
215517 8959340
214592 8962988
213675 8952454
212765 8951650
211864 8948021
210970 8940683
210084 8932456
209205 8934889
208333 8947826
207468 8946244
206611 8945330
205761 8958094
204918 8955785
204081 8951182
203252 8945615
202429 8937648
201612 8930259
200803 8936544
200000 8924221
199203 8927912
198412 8934656
197628 8935608
196850 8947612
196078 8943456
195312 8953046
194552 8947552
193798 8952740
193050 8942619
192307 8933838
191570 8935544
190839 8926941
190114 8920164
189393 8926541
188679 8923010
187969 8928034
187265 8931023
186567 8935495
185873 8942193
185185 8954897
184501 8946925
183823 8942387
183150 8934326
182481 8937825
181818 8929374
181159 8926261
180505 8916151
179856 8915840
179211 8916525
178571 8914526
177935 8922671
177304 8931239
176678 8932213
176056 8938071
175438 8945088
174825 8946258
174216 8939759
173611 8944858
173010 8938663
172413 8924778
171821 8934228
171232 8915421
170648 8908860
170068 8914160
169491 8901946
168918 8911026
168350 8913777
167785 8923898
167224 8921750
166666 8930969
166112 8931633
165562 8930953
165016 8941452
164473 8937993
163934 8932017
163398 8930254
162866 8930196
162337 8924303
161812 8912552
161290 8916980
160771 8909161
160256 8893008
159744 8897860
159235 8901000
158730 8905383
158227 8912818
157728 8913893
157232 8916447
156739 8920445
156250 8917566
155763 8932300
155279 8935184
154798 8936534
154320 8926147
153846 8923857
153374 8912972
152905 8916134
152439 8910678
151975 8903879
151515 8899106
151057 8903142
150602 8892958
150150 8888722
149700 8892866
149253 8898158
148809 8893239
148367 8902862
147928 8897317
147492 8914910
147058 8906021
146627 8907415
146198 8916476
145772 8925630
145348 8925189
144927 8930000
144508 8937222
144092 8922866
143678 8919341
143266 8918655
142857 8907668
142450 8903183
142045 8909050
141643 8893491
141242 8899696
140845 8890652
140449 8875533
140056 8877996
139664 8883812
139275 8887001
138888 8892426
138504 8888718
138121 8897977
137741 8898711
137362 8896334
136986 8895599
136612 8909620
136239 8915619
135869 8915227
135501 8925724
135135 8930023
134770 8924213
134408 8919987
134048 8921686
133689 8915173
133333 8909358
132978 8908532
132625 8902401
132275 8900982
131926 8908398
131578 8890315
131233 8894093
130890 8886935
130548 8880000
130208 8878940
129870 8877338
129533 8882421
129198 8879741
128865 8885284
128534 8888006
128205 8894479
127877 8895101
127551 8902502
127226 8900313
126903 8905091
126582 8905280
126262 8912870
125944 8923472
125628 8919680
125313 8924326
125000 8934636
124688 8927091
124378 8920491
124069 8917874
123762 8912554
123456 8909961
123152 8905607
122850 8905001
122549 8897518
122249 8892965
121951 8894191
121654 8887469
121359 8883250
121065 8884517
120772 8873624
120481 8876374
120192 8871868
119904 8866454
119617 8878915
119331 8868192
119047 8872207
118764 8878675
118483 8879215
118203 8878073
117924 8882866
117647 8885113
117370 8885962
117096 8886040
116822 8897140
116550 8895553
116279 8900806
116009 8903107
115740 8910179
115473 8924520
115207 8916996
114942 8923539
114678 8929778
114416 8919200
114155 8909589
113895 8907929
113636 8909670
113378 8899983
113122 8902359
112866 8909096
112612 8899987
112359 8887539
112107 8888026
111856 8884550
111607 8880208
111358 8885603
111111 8876176
110864 8870574
110619 8869091
110375 8865589
110132 8856868
109890 8870012
109649 8871053
109409 8861921
109170 8867695
108932 8866493
108695 8874472
108459 8881535
108225 8876026
107991 8881414
107758 8886642
107526 8888131
107296 8889430
107066 8889607
106837 8890254
106609 8894125
106382 8906360
106157 8901961
105932 8909562
105708 8913910
105485 8925460
105263 8925316
105042 8925829
104821 8921058
104602 8916587
104384 8913370
104166 8906597
103950 8911714
103734 8909509
103519 8898420
103305 8900281
103092 8898359
102880 8887981
102669 8892550
102459 8879796
102249 8890630
102040 8881036
101832 8876209
101626 8863969
101419 8876912
101214 8861236
101010 8870183
100806 8858303
100603 8855225
100401 8855881
100200 8852518
100000 8851372
99800 8855949
25000000 8579172
16666666 8720418
12500000 8584350
10000000 8070831
8333333 7745462
7142857 8293427
6250000 8353749
5555555 8028653
5000000 8089747
4545454 8204920
4166666 8174032
3846153 8290764
3571428 8271343
3333333 8230782
3125000 8265175
2941176 8372407
2777777 8393829
2631578 8432491
2500000 8445815
2380952 8462297
2272727 8464950
2173913 8497372
2083333 8536130
2000000 8556713
1923076 8568147
1851851 8582809
1785714 8603933
1724137 8628864
1666666 8655149
1612903 8691381
1562500 8695189
1515151 8704335
1470588 8722622
1428571 8732277
1388888 8738924
1351351 8744556
1315789 8753983
1282051 8744769
1250000 8757967
1219512 8768485
1190476 8760480
1162790 8772408
1136363 8795553
1111111 8774402
1086956 8789695
1063829 8804122
1041666 8805968
1020408 8779267
1000000 8803872
980392 8814572
961538 8814888
943396 8812062
925925 8818325
909090 8812773
892857 8819388
877192 8826446
862068 8834496
847457 8841614
833333 8846231
819672 8837632
806451 8848843
793650 8850701
781250 8849918
769230 8846206
757575 8850643
746268 8865714
735294 8860718
724637 8867735
714285 8867348
704225 8864876
694444 8872852
684931 8868615
675675 8875261
666666 8874742
657894 8879066
649350 8872836
641025 8874830
632911 8879590
625000 8884582
617283 8882636
609756 8883756
602409 8891419
595238 8903312
588235 8892485
581395 8894507
574712 8908803
568181 8889471
561797 8898949
555555 8902064
549450 8893617
543478 8906980
537634 8895577
531914 8902871
526315 8901819
520833 8895704
515463 8910273
510204 8883112
505050 8915574
500000 8898059
495049 8927045
490196 8903424
485436 8914588
480769 8916563
476190 8924195
471698 8912645
467289 8919114
462962 8918465
458715 8911331
454545 8921315
450450 8916564
446428 8927680
442477 8921044
438596 8919910
434782 8925931
431034 8916059
427350 8916716
423728 8930054
420168 8921628
416666 8932468
413223 8928614
409836 8929077
406504 8937114
403225 8933914
400000 8923369
396825 8933542
393700 8936664
390625 8929659
387596 8931707
384615 8943872
381679 8940147
378787 8932261
375939 8943095
373134 8940621
370370 8925406
367647 8940667
364963 8942896
362318 8938495
359712 8926814
357142 8941400
354609 8945247
352112 8937696
349650 8928550
347222 8927163
344827 8947397
342465 8938066
340136 8928601
337837 8928049
335570 8951006
333333 8944021
331125 8927151
328947 8932747
326797 8943257
324675 8949164
322580 8943987
320512 8927997
318471 8939209
316455 8943600
314465 8951308
312500 8942185
310559 8932866
308641 8935549
306748 8947233
304878 8952855
303030 8945069
301204 8939982
299401 8948838
297619 8940627
295857 8954969
294117 8952732
292397 8949172
290697 8937789
289017 8943460
287356 8946472
285714 8955307
284090 8950283
282485 8942041
280898 8939479
279329 8939433
277777 8938587
276243 8944339
274725 8952856
273224 8942254
271739 8937731
270270 8928844
268817 8931322
267379 8944543
265957 8954040
264550 8956323
263157 8945756
261780 8946978
260416 8943227
259067 8937157
257731 8944272
256410 8942294
255102 8957184
253807 8960436
252525 8947716
251256 8945668
250000 8933146
248756 8944639
247524 8953866
246305 8962811
245098 8961139
243902 8954207
242718 8954374
241545 8941928
240384 8938889
239234 8936542
238095 8940006
236966 8947424
235849 8957296
234741 8957826
233644 8950571
232558 8951135
231481 8941328
230414 8932658
229357 8933651
228310 8939212
227272 8946615
226244 8949571
225225 8962735
224215 8955286
223214 8956073
222222 8943707
221238 8933695
220264 8933485
219298 8941757
218340 8929205
217391 8947240
216450 8948839
215517 8952554
214592 8958551
213675 8946496
212765 8944459
211864 8943932
210970 8935640
210084 8923359
209205 8933845
208333 8938588
207468 8943934
206611 8952238
205761 8944961
204918 8959477
204081 8946712
203252 8935264
202429 8937028
201612 8929631
200803 8930290
200000 8928830
199203 8917883
198412 8931467
197628 8938160
196850 8944433
196078 8940526
195312 8954276
194552 8955232
193798 8947999
193050 8935043
192307 8934666
191570 8923783
190839 8927440
190114 8916986
189393 8923819
188679 8932279
187969 8931653
187265 8933856
186567 8938449
185873 8941517
185185 8943647
184501 8949195
183823 8941260
183150 8942152
182481 8929779
181818 8924143
181159 8925800
180505 8917048
179856 8907749
179211 8917416
178571 8922129
177935 8927993
177304 8930554
176678 8933058
176056 8943102
175438 8939467
174825 8945348
174216 8935829
173611 8936591
173010 8929523
172413 8928863
171821 8922775
171232 8921188
170648 8903181
170068 8895046
169491 8895725
168918 8910123
168350 8913105
167785 8919533
167224 8921766
166666 8922108
166112 8929976
165562 8937033
165016 8940292
164473 8939613
163934 8932798
163398 8929037
162866 8926917
162337 8922041
161812 8916394
161290 8908111
160771 8901512
160256 8902991
159744 8895182
159235 8897000
158730 8900621
158227 8911061
157728 8916284
157232 8921581
156739 8920325
156250 8920973
155763 8930952
155279 8931035
154798 8934024
154320 8929551
153846 8922839
153374 8921825
152905 8927919
152439 8912279
151975 8906025
151515 8902266
151057 8904306
150602 8900490
150150 8900172
149700 8890939
149253 8897703
148809 8900187
148367 8898505
147928 8902307
147492 8908512
147058 8915243
146627 8921290
146198 8929356
145772 8930912
145348 8934817
144927 8932327
144508 8920358
144092 8921038
143678 8921435
143266 8910276
142857 8915983
142450 8906130
142045 8903939
141643 8903107
141242 8893514
140845 8890907
140449 8882411
140056 8878523
139664 8878946
139275 8885507
138888 8889988
138504 8890572
138121 8899784
137741 8899010
137362 8895750
136986 8905698
136612 8909177
136239 8910235
135869 8914297
135501 8925023
135135 8928417
134770 8922942
134408 8918466
134048 8917186
133689 8916189
133333 8908996
132978 8911557
132625 8903738
132275 8898821
131926 8893427
131578 8894786
131233 8888178
130890 8881545
130548 8877706
130208 8868660
129870 8874180
129533 8875555
129198 8874249
128865 8883909
128534 8879928
128205 8877662
127877 8888307
127551 8894781
127226 8902246
126903 8899502
126582 8903290
126262 8908936
125944 8908449
125628 8909777
125313 8925192
125000 8934096
124688 8920595
124378 8916550
124069 8914273
123762 8905306
123456 8912518
123152 8906713
122850 8904755
122549 8891703
122249 8885854
121951 8889793
121654 8891843
121359 8885450
121065 8880992
120772 8878627
120481 8870623
120192 8869406
119904 8865102
119617 8875458
119331 8875562
119047 8872716
118764 8874832
118483 8878728
118203 8889907
117924 8887795
117647 8890551
117370 8893960
117096 8890084
116822 8897514
116550 8907362
116279 8908636
116009 8907608
115740 8917645
115473 8922170
115207 8924436
114942 8925484
114678 8910627
114416 8919221
114155 8913989
113895 8914396
113636 8908065
113378 8907017
113122 8889097
112866 8900811
112612 8889896
112359 8891822
112107 8891798
111856 8889238
111607 8881754
111358 8877256
111111 8877656
110864 8870461
110619 8866885
110375 8863193
110132 8855238
109890 8862715
109649 8867259
109409 8867579
109170 8872908
108932 8878479
108695 8877152
108459 8885289
108225 8881880
107991 8887960
107758 8881464
107526 8884500
107296 8893922
107066 8884949
106837 8891123
106609 8900283
106382 8897702
106157 8908402
105932 8916696
105708 8920964
105485 8925296
105263 8923561
105042 8931459
104821 8922537
104602 8922993
104384 8920382
104166 8913647
103950 8910612
103734 8906912
103519 8908341
103305 8899817
103092 8902790
102880 8901144
102669 8891022
102459 8900520
102249 8902597
102040 8894552
101832 8896950
101626 8879324
101419 8880685
101214 8884118
101010 8873002
100806 8872884
100603 8871962
100401 8870069
100200 8871653
100000 8858985
99800 8862439
25000000 8559061
16666666 8709733
12500000 8594037
10000000 8080372
8333333 7767108
7142857 8298022
6250000 8364925
5555555 8036846
5000000 8097282
4545454 8202765
4166666 8168522
3846153 8305745
3571428 8297466
3333333 8256039
3125000 8277954
2941176 8376527
2777777 8418994
2631578 8442344
2500000 8456043
2380952 8461655
2272727 8487912
2173913 8515548
2083333 8554882
2000000 8557927
1923076 8578904
1851851 8585989
1785714 8609167
1724137 8632563
1666666 8659726
1612903 8687110
1562500 8708254
1515151 8724713
1470588 8725572
1428571 8735337
1388888 8744767
1351351 8752394
1315789 8768341
1282051 8752526
1250000 8765047
1219512 8775153
1190476 8763831
1162790 8779981
1136363 8791369
1111111 8785952
1086956 8796617
1063829 8806097
1041666 8791220
1020408 8808131
1000000 8792029
980392 8799014
961538 8810308
943396 8811800
925925 8829505
909090 8813565
892857 8824388
877192 8834263
862068 8832173
847457 8845081
833333 8846729
819672 8843794
806451 8836128
793650 8844805
781250 8837945
769230 8852253
757575 8856271
746268 8863522
735294 8863763
724637 8871532
714285 8879503
704225 8868005
694444 8880084
684931 8881177
675675 8880686
666666 8882784
657894 8882861
649350 8875671
641025 8877736
632911 8886126
625000 8896957
617283 8891187
609756 8889999
602409 8895803
595238 8905241
588235 8891549
581395 8895237
574712 8905496
568181 8904768
561797 8904451
555555 8897501
549450 8907321
543478 8905408
537634 8892494
531914 8910401
526315 8908229
520833 8905026
515463 8917449
510204 8922841
505050 8921156
500000 8894572
495049 8922396
490196 8911817
485436 8924399
480769 8914160
476190 8931098
471698 8917559
467289 8926198
462962 8924571
458715 8925010
454545 8924882
450450 8909817
446428 8925927
442477 8929843
438596 8921856
434782 8923537
431034 8923277
427350 8923852
423728 8931298
420168 8922661
416666 8926213
413223 8928639
409836 8926238
406504 8932907
403225 8932846
400000 8921926
396825 8932089
393700 8934386
390625 8926926
387596 8932774
384615 8938292
381679 8934835
378787 8933468
375939 8939609
373134 8939514
370370 8932199
367647 8939504
364963 8947977
362318 8939416
359712 8929659
357142 8939747
354609 8948937
352112 8937209
349650 8926112
347222 8934289
344827 8952076
342465 8932700
340136 8928533
337837 8949231
335570 8954541
333333 8934954
331125 8935142
328947 8939707
326797 8936645
324675 8949527
322580 8944415
320512 8933781
318471 8942417
316455 8942258
314465 8950161
312500 8938053
310559 8931278
308641 8935391
306748 8944563
304878 8947696
303030 8954459
301204 8937422
299401 8939179
297619 8945910
295857 8952355
294117 8949119
292397 8949208
290697 8941432
289017 8937778
287356 8951489
285714 8960478
284090 8960937
282485 8952271
280898 8935708
279329 8935769
277777 8946081
276243 8958198
274725 8954536
273224 8946898
271739 8942529
270270 8944296
268817 8941775
267379 8947087
265957 8955536
264550 8960625
263157 8952399
261780 8946475
260416 8934351
259067 8947239
257731 8947154
256410 8941497
255102 8972453
253807 8956345
252525 8943356
251256 8940756
250000 8935697
248756 8938693
247524 8950005
246305 8948416
245098 8963848
243902 8950735
242718 8944872
241545 8943070
240384 8932252
239234 8933207
238095 8941073
236966 8950840
235849 8957274
234741 8957165
233644 8958620
232558 8947668
231481 8946098
230414 8939777
229357 8941247
228310 8946333
227272 8946638
226244 8959030
225225 8957739
224215 8950731
223214 8945599
222222 8938128
221238 8936654
220264 8932906
219298 8939449
218340 8923817
217391 8939034
216450 8946800
215517 8951293
214592 8955067
213675 8953637
212765 8951098
211864 8944028
210970 8930017
210084 8927051
209205 8929984
208333 8932349
207468 8938459
206611 8953690
205761 8945223
204918 8957194
204081 8954583
203252 8939180
202429 8943368
201612 8943848
200803 8930870
200000 8922479
199203 8929380
198412 8930423
197628 8931139
196850 8933028
196078 8940962
195312 8948456
194552 8954982
193798 8946228
193050 8943088
192307 8938578
191570 8926292
190839 8922341
190114 8918087
189393 8928587
188679 8920847
187969 8929160
187265 8935295
186567 8940137
185873 8943805
185185 8951320
184501 8940536
183823 8942179
183150 8942193
182481 8943107
181818 8923073
181159 8919353
180505 8917740
179856 8907223
179211 8924556
178571 8918374
177935 8919281
177304 8922124
176678 8929501
176056 8939991
175438 8940517
174825 8942064
174216 8942183
173611 8930498
173010 8920191
172413 8924312
171821 8919247
171232 8912566
170648 8911672
170068 8918606
169491 8897165
168918 8921660
168350 8911819
167785 8917657
167224 8931411
166666 8930097
166112 8924745
165562 8943768
165016 8936911
164473 8945434
163934 8937333
163398 8923836
162866 8919785
162337 8915667
161812 8911757
161290 8912633
160771 8907309
160256 8906586
159744 8902912
159235 8897489
158730 8902855
158227 8906476
157728 8910194
157232 8916470
156739 8916343
156250 8924803
155763 8929534
155279 8939087
154798 8936125
154320 8937429
153846 8925082
153374 8924244
152905 8922050
152439 8923758
151975 8908049
151515 8905151
151057 8898249
150602 8891224
150150 8883986
149700 8892740
149253 8902652
148809 8899417
148367 8905551
147928 8904476
147492 8920375
147058 8921473
146627 8916009
146198 8919579
145772 8929531
145348 8939024
144927 8939975
144508 8928710
144092 8930721
143678 8920932
143266 8915059
142857 8918572
142450 8904296
142045 8903129
141643 8905670
141242 8897845
140845 8883531
140449 8896731
140056 8879754
139664 8888807
139275 8888715
138888 8892421
138504 8887303
138121 8896310
137741 8908172
137362 8897899
136986 8909344
136612 8913077
136239 8927381
135869 8923732
135501 8929226
135135 8929187
134770 8932178
134408 8926094
134048 8918343
133689 8919927
133333 8915367
132978 8908625
132625 8906883
132275 8906890
131926 8898248
131578 8883596
131233 8892610
130890 8885174
130548 8886241
130208 8879046
129870 8875443
129533 8878435
129198 8888982
128865 8889492
128534 8892921
128205 8890391
127877 8888109
127551 8903307
127226 8884978
126903 8915231
126582 8907089
126262 8913964
125944 8916040
125628 8918984
125313 8933795
125000 8923143
124688 8925971
124378 8926249
124069 8919054
123762 8924400
123456 8914972
123152 8913449
122850 8902274
122549 8902424
122249 8900649
121951 8895190
121654 8886978
121359 8887224
121065 8880692
120772 8881030
120481 8880011
120192 8877754
119904 8876195
119617 8878030
119331 8876327
119047 8875663
118764 8879299
118483 8889997
118203 8894398
117924 8895332
117647 8891420
117370 8897976
117096 8910069
116822 8908341
116550 8908009
116279 8918964
116009 8920934
115740 8919894
115473 8928340
115207 8931747
114942 8933541
114678 8941216
114416 8924603
114155 8923553
113895 8918035
113636 8927916
113378 8903050
113122 8912751
112866 8906138
112612 8902550
112359 8904595
112107 8900632
111856 8899705
111607 8891554
111358 8892254
111111 8877828
110864 8873569
110619 8879925
110375 8880321
110132 8874275
109890 8867359
109649 8868410
109409 8870313
109170 8870344
108932 8873991
108695 8880562
108459 8877409
108225 8885039
107991 8889349
107758 8890569
107526 8894524
107296 8890835
107066 8898881
106837 8900426
106609 8903530
106382 8902946
106157 8914450
105932 8921244
105708 8919850
105485 8931072
105263 8927093
105042 8937863
104821 8931027
104602 8934736
104384 8926788
104166 8919339
103950 8917966
103734 8921284
103519 8913344
103305 8904371
103092 8909042
102880 8905392
102669 8900104
102459 8903249
102249 8900421
102040 8887744
101832 8880337
101626 8881087
101419 8887298
101214 8880730
101010 8873852
100806 8878746
100603 8873600
100401 8868847
100200 8865022
100000 8864163
99800 8868485
25000000 8585504
16666666 8728919
12500000 8647071
10000000 8084040
8333333 7761141
7142857 8300689
6250000 8372975
5555555 8045032
5000000 8096654
4545454 8224610
4166666 8183097
3846153 8342422
3571428 8320981
3333333 8268386
3125000 8288083
2941176 8386655
2777777 8419009
2631578 8453690
2500000 8461747
2380952 8471291
2272727 8487424
2173913 8513496
2083333 8551992
2000000 8575659
1923076 8580789
1851851 8589589
1785714 8608376
1724137 8644042
1666666 8674186
1612903 8704779
1562500 8714762
1515151 8735688
1470588 8732387
1428571 8734927
1388888 8744430
1351351 8763027
1315789 8772352
1282051 8758136
1250000 8780882
1219512 8789865
1190476 8772297
1162790 8787772
1136363 8804815
1111111 8801485
1086956 8796516
1063829 8800980
1041666 8779108
1020408 8790673
1000000 8804806
980392 8808637
961538 8809620
943396 8820721
925925 8816176
909090 8824223
892857 8831020
877192 8836123
862068 8835616
847457 8836011
833333 8841893
819672 8846022
806451 8847819
793650 8845003
781250 8846535
769230 8860920
757575 8855318
746268 8865396
735294 8863805
724637 8865737
714285 8864291
704225 8870733
694444 8873734
684931 8879795
675675 8877395
666666 8871781
657894 8879415
649350 8882726
641025 8878413
632911 8890124
625000 8900991
617283 8883327
609756 8890537
602409 8896344
595238 8913255
588235 8897956
581395 8892505
574712 8901994
568181 8915072
561797 8910516
555555 8910954
549450 8897683
543478 8914117
537634 8908970
531914 8909757
526315 8918671
520833 8905938
515463 8916127
510204 8934568
505050 8917401
500000 8907983
495049 8920364
490196 8912839
485436 8921544
480769 8911366
476190 8917413
471698 8923136
467289 8927774
462962 8926171
458715 8922463
454545 8935830
450450 8920748
446428 8929839
442477 8928171
438596 8922423
434782 8936276
431034 8926853
427350 8920221
423728 8936111
420168 8924781
416666 8932605
413223 8931767
409836 8925498
406504 8933155
403225 8931387
400000 8927127
396825 8935484
393700 8936605
390625 8925861
387596 8933273
384615 8947493
381679 8941496
378787 8930185
375939 8935383
373134 8943860
370370 8925963
367647 8934149
364963 8945487
362318 8937920
359712 8929430
357142 8936407
354609 8944999
352112 8939773
349650 8933181
347222 8937356
344827 8954984
342465 8931786
340136 8933421
337837 8933761
335570 8950280
333333 8951326
331125 8932248
328947 8938138
326797 8946284
324675 8952952
322580 8945406
320512 8937998
318471 8945401
316455 8949475
314465 8949688
312500 8942432
310559 8940289
308641 8944091
306748 8955412
304878 8958322
303030 8953010
301204 8942787
299401 8938139
297619 8948082
295857 8959266
294117 8953327
292397 8957308
290697 8945969
289017 8942671
287356 8947680
285714 8958543
284090 8956339
282485 8947548
280898 8941433
279329 8941159
277777 8949748
276243 8959702
274725 8957029
273224 8951970
271739 8943171
270270 8939518
268817 8939556
267379 8948935
265957 8956358
264550 8960846
263157 8956828
261780 8950014
260416 8944130
259067 8943157
257731 8945300
256410 8959312
255102 8970618
253807 8957710
252525 8945443
251256 8944679
250000 8930735
248756 8942460
247524 8951899
246305 8953554
245098 8963365
243902 8960395
242718 8944669
241545 8943567
240384 8938137
239234 8938830
238095 8939893
236966 8950229
235849 8955851
234741 8964839
233644 8951721
232558 8948272
231481 8948438
230414 8927286
229357 8934828
228310 8944300
227272 8949125
226244 8953360
225225 8964495
224215 8954222
223214 8954341
222222 8941449
221238 8938367
220264 8933061
219298 8936240
218340 8940401
217391 8940375
216450 8953455
215517 8960500
214592 8958013
213675 8954227
212765 8947683
211864 8943568
210970 8938833
210084 8918390
209205 8939099
208333 8930876
207468 8945218
206611 8946509
205761 8952943
204918 8958480
204081 8946009
203252 8951644
202429 8945662
201612 8928761
200803 8917334
200000 8922793
199203 8924162
198412 8937148
197628 8932942
196850 8948927
196078 8943757
195312 8956860
194552 8948420
193798 8946108
193050 8937577
192307 8932259
191570 8925312
190839 8919337
190114 8912043
189393 8921805
188679 8925392
187969 8928291
187265 8945549
186567 8932885
185873 8941712
185185 8947996
184501 8946249
183823 8940730
183150 8938687
182481 8933714
181818 8931840
181159 8919996
180505 8915778
179856 8911458
179211 8913705
178571 8921329
177935 8924924
177304 8931127
176678 8933544
176056 8947093
175438 8942584
174825 8948645
174216 8942487
173611 8930018
173010 8933416
172413 8921808
171821 8926285
171232 8924629
170648 8915529
170068 8904194
169491 8903234
168918 8917470
168350 8920267
167785 8916048
167224 8917743
166666 8930179
166112 8934235
165562 8936346
165016 8941859
164473 8938335
163934 8939530
163398 8927738
162866 8920236
162337 8926524
161812 8909944
161290 8914211
160771 8903622
160256 8896061
159744 8901063
159235 8901562
158730 8898759
158227 8908603
157728 8910421
157232 8917797
156739 8920757
156250 8929046
155763 8939461
155279 8930527
154798 8940403
154320 8929178
153846 8930568
153374 8923123
152905 8916086
152439 8919802
151975 8913073
151515 8907719
151057 8911658
150602 8892931
150150 8893510
149700 8898505
149253 8896034
148809 8905013
148367 8901899
147928 8902456
147492 8915763
147058 8914715
146627 8920348
146198 8919223
145772 8941335
145348 8934982
144927 8942402
144508 8933447
144092 8924277
143678 8926758
143266 8912904
142857 8917554
142450 8915224
142045 8912665
141643 8912469
141242 8898123
140845 8888228
140449 8888321
140056 8892078
139664 8892096
139275 8892685
138888 8899171
138504 8900749
138121 8901223
137741 8894610
137362 8905658
136986 8909818
136612 8906613
136239 8918255
135869 8915271
135501 8921399
135135 8927006
134770 8932576
134408 8926011
134048 8921587
133689 8916997
133333 8910844
132978 8905321
132625 8905753
132275 8903177
131926 8891060
131578 8886801
131233 8889799
130890 8881953
130548 8886266
130208 8877201
129870 8880049
129533 8881017
129198 8888621
128865 8885985
128534 8882517
128205 8888487
127877 8897548
127551 8900729
127226 8905568
126903 8907827
126582 8906008
126262 8911131
125944 8920515
125628 8922948
125313 8928417
125000 8933913
124688 8922908
124378 8928963
124069 8919942
123762 8920410
123456 8911424
123152 8902942
122850 8904640
122549 8903469
122249 8896786
121951 8896165
121654 8888732
121359 8891212
121065 8889463
120772 8881207
120481 8881803
120192 8871078
119904 8865064
119617 8875271
119331 8873520
119047 8879711
118764 8879990
118483 8890303
118203 8889271
117924 8882316
117647 8891220
117370 8892685
117096 8891880
116822 8902215
116550 8901566
116279 8908290
116009 8915348
115740 8924522
115473 8923030
115207 8928828
114942 8922587
114678 8928907
114416 8915964
114155 8915560
113895 8918112
113636 8911399
113378 8902338
113122 8902645
112866 8900700
112612 8893465
112359 8900666
112107 8884836
111856 8888688
111607 8889817
111358 8877795
111111 8881357
110864 8884062
110619 8876979
110375 8875652
110132 8869419
109890 8868624
109649 8872060
109409 8868573
109170 8870042
108932 8868938
108695 8872491
108459 8880523
108225 8879950
107991 8885470
107758 8887607
107526 8888307
107296 8888140
107066 8889716
106837 8890922
106609 8900534
106382 8905625
106157 8914710
105932 8910663
105708 8918129
105485 8923555
105263 8931939
105042 8937471
104821 8932261
104602 8920723
104384 8919589
104166 8917494
103950 8909011
103734 8908386
103519 8904570
103305 8906680
103092 8904169
102880 8893250
102669 8898983
102459 8890746
102249 8885439
102040 8882761
101832 8889569
101626 8880459
101419 8876227
101214 8872141
101010 8873179
100806 8861949
100603 8862811
100401 8868157
100200 8859459
100000 8864778
99800 8865620
25000000 8579400
16666666 8758487
12500000 8572007
10000000 8076534
8333333 7760969
7142857 8309373
6250000 8359225
5555555 8034135
5000000 8095743
4545454 8211713
4166666 8183483
3846153 8327909
3571428 8293477
3333333 8241912
3125000 8269228
2941176 8367386
2777777 8403126
2631578 8438482
2500000 8455519
2380952 8467529
2272727 8483378
2173913 8504568
2083333 8536425
2000000 8555943
1923076 8575592
1851851 8585564
1785714 8593504
1724137 8625944
1666666 8654407
1612903 8695905
1562500 8709088
1515151 8729078
1470588 8724544
1428571 8737558
1388888 8753176
1351351 8759282
1315789 8771407
1282051 8755275
1250000 8767872
1219512 8771301
1190476 8773553
1162790 8786030
1136363 8789477
1111111 8789819
1086956 8795738
1063829 8802027
1041666 8809626
1020408 8806698
1000000 8813008
980392 8796106
961538 8814148
943396 8817925
925925 8803839
909090 8819090
892857 8822967
877192 8825990
862068 8827614
847457 8829231
833333 8845574
819672 8847969
806451 8845923
793650 8854675
781250 8845546
769230 8851136
757575 8861192
746268 8861912
735294 8867315
724637 8867094
714285 8867598
704225 8871634
694444 8871682
684931 8878612
675675 8879340
666666 8886161
657894 8878812
649350 8881925
641025 8876558
632911 8894608
625000 8885407
617283 8885395
609756 8892121
602409 8896952
595238 8900115
588235 8897019
581395 8894342
574712 8903661
568181 8899812
561797 8902679
555555 8910424
549450 8893807
543478 8909249
537634 8915047
531914 8906521
526315 8907942
520833 8895886
515463 8908544
510204 8915831
505050 8927168
500000 8921901
495049 8916529
490196 8906241
485436 8923919
480769 8916577
476190 8922826
471698 8923287
467289 8915439
462962 8916063
458715 8924344
454545 8934926
450450 8915343
446428 8928238
442477 8922950
438596 8919760
434782 8930643
431034 8922508
427350 8916833
423728 8932610
420168 8917550
416666 8929420
413223 8936154
409836 8923138
406504 8929641
403225 8930367
400000 8925368
396825 8931953
393700 8936008
390625 8916218
387596 8933301
384615 8939376
381679 8937579
378787 8930620
375939 8937936
373134 8933177
370370 8931334
367647 8937782
364963 8946182
362318 8933790
359712 8928818
357142 8940366
354609 8939161
352112 8941564
349650 8920514
347222 8936188
344827 8948382
342465 8948229
340136 8933249
337837 8939788
335570 8954246
333333 8943593
331125 8937226
328947 8942765
326797 8941891
324675 8956977
322580 8940553
320512 8928702
318471 8938048
316455 8953333
314465 8952345
312500 8945696
310559 8932160
308641 8935712
306748 8951590
304878 8953104
303030 8949264
301204 8937788
299401 8942351
297619 8952227
295857 8958090
294117 8950121
292397 8947875
290697 8943366
289017 8939083
287356 8949065
285714 8960066
284090 8958297
282485 8944110
280898 8940202
279329 8942335
277777 8953717
276243 8952204
274725 8957824
273224 8951663
271739 8942114
270270 8938652
268817 8936597
267379 8948239
265957 8956404
264550 8962271
263157 8962725
261780 8946192
260416 8937563
259067 8947966
257731 8945227
256410 8949564
255102 8964373
253807 8963485
252525 8942828
251256 8940997
250000 8944382
248756 8944832
247524 8943391
246305 8955481
245098 8960511
243902 8952015
242718 8953282
241545 8942577
240384 8933202
239234 8940253
238095 8944889
236966 8948965
235849 8955247
234741 8958414
233644 8952687
232558 8941986
231481 8943715
230414 8929631
229357 8941999
228310 8943141
227272 8946786
226244 8958263
225225 8959637
224215 8956570
223214 8954289
222222 8943018
221238 8944145
220264 8936881
219298 8933016
218340 8946443
217391 8944721
216450 8945728
215517 8954275
214592 8958978
213675 8949397
212765 8940419
211864 8945730
210970 8937470
210084 8934346
209205 8933042
208333 8930177
207468 8944422
206611 8944992
205761 8957855
204918 8948852
204081 8951162
203252 8943799
202429 8936076
201612 8922423
200803 8931576
200000 8925160
199203 8922479
198412 8934172
197628 8935991
196850 8939039
196078 8949271
195312 8954058
194552 8947199
193798 8941786
193050 8936309
192307 8933804
191570 8929296
190839 8928962
190114 8911780
189393 8915418
188679 8924645
187969 8934848
187265 8937548
186567 8941362
185873 8947717
185185 8951061
184501 8940714
183823 8948009
183150 8934310
182481 8928669
181818 8929201
181159 8918664
180505 8925016
179856 8913689
179211 8925002
178571 8924780
177935 8926708
177304 8933200
176678 8930307
176056 8940368
175438 8950188
174825 8948182
174216 8933109
173611 8934769
173010 8927727
172413 8933590
171821 8918369
171232 8916902
170648 8913599
170068 8921409
169491 8904396
168918 8904755
168350 8919961
167785 8917038
167224 8924192
166666 8936825
166112 8937598
165562 8938055
165016 8946253
164473 8939051
163934 8937431
163398 8928159
162866 8921668
162337 8919291
161812 8910567
161290 8909579
160771 8908654
160256 8896710
159744 8896736
159235 8908112
158730 8899194
158227 8902998
157728 8919832
157232 8913953
156739 8920971
156250 8920773
155763 8931889
155279 8940553
154798 8938428
154320 8930596
153846 8923354
153374 8922333
152905 8920911
152439 8920576
151975 8909234
151515 8906392
151057 8901347
150602 8894641
150150 8885287
149700 8898091
149253 8901498
148809 8904463
148367 8906954
147928 8900103
147492 8910581
147058 8911492
146627 8918198
146198 8922166
145772 8926132
145348 8930487
144927 8940719
144508 8937211
144092 8923538
143678 8924872
143266 8914225
142857 8906663
142450 8914884
142045 8908108
141643 8899970
141242 8901701
140845 8892927
140449 8888023
140056 8878158
139664 8889038
139275 8890560
138888 8895802
138504 8898751
138121 8900582
137741 8895647
137362 8905021
136986 8907250
136612 8915129
136239 8914639
135869 8922443
135501 8927862
135135 8929260
134770 8924785
134408 8924718
134048 8916721
133689 8922241
133333 8916666
132978 8905534
132625 8914570
132275 8902366
131926 8893099
131578 8894023
131233 8894058
130890 8886173
130548 8876703
130208 8881596
129870 8878698
129533 8881015
129198 8881666
128865 8885307
128534 8877439
128205 8894631
127877 8899052
127551 8904105
127226 8895354
126903 8897746
126582 8905963
126262 8909545
125944 8915225
125628 8919864
125313 8922615
125000 8930263
124688 8922208
124378 8920197
124069 8916626
123762 8911759
123456 8910318
123152 8909398
122850 8905336
122549 8901489
122249 8897869
121951 8894126
121654 8886923
121359 8884423
121065 8880880
120772 8877899
120481 8878282
120192 8876352
119904 8872082
119617 8880233
119331 8878618
119047 8875982
118764 8880140
118483 8888340
118203 8882471
117924 8888625
117647 8890140
117370 8892974
117096 8903571
116822 8901034
116550 8903787
116279 8901707
116009 8917879
115740 8912370
115473 8931305
115207 8932761
114942 8930147
114678 8930447
114416 8918087
114155 8921440
113895 8925406
113636 8913539
113378 8903001
113122 8902407
112866 8896319
112612 8896681
112359 8898417
112107 8888512
111856 8882800
111607 8882490
111358 8875321
111111 8880283
110864 8870774
110619 8870844
110375 8868096
110132 8866728
109890 8868066
109649 8866780
109409 8877200
109170 8871928
108932 8873601
108695 8873772
108459 8885983
108225 8886819
107991 8888663
107758 8885863
107526 8889873
107296 8889100
107066 8891425
106837 8899758
106609 8895750
106382 8904918
106157 8912677
105932 8916933
105708 8913750
105485 8918007
105263 8928643
105042 8935648
104821 8926346
104602 8923149
104384 8923336
104166 8925037
103950 8921436
103734 8910717
103519 8911071
103305 8910576
103092 8902988
102880 8898059
102669 8896323
102459 8889971
102249 8890296
102040 8881772
101832 8879009
101626 8881028
101419 8875480
101214 8875154
101010 8863376
100806 8869805
100603 8863619
100401 8863459
100200 8852759
100000 8851915
99800 8852637
25000000 8568639
16666666 8775084
12500000 8581454
10000000 8078656
8333333 7753968
7142857 8308261
6250000 8355657
5555555 8034389
5000000 8087263
4545454 8209534
4166666 8179343
3846153 8320473
3571428 8280800
3333333 8244697
3125000 8271323
2941176 8369368
2777777 8412821
2631578 8428174
2500000 8451594
2380952 8463577
2272727 8477005
2173913 8501452
2083333 8535927
2000000 8551668
1923076 8564075
1851851 8590246
1785714 8601649
1724137 8636474
1666666 8663229
1612903 8689127
1562500 8706307
1515151 8720277
1470588 8717037
1428571 8732794
1388888 8747438
1351351 8750689
1315789 8765373
1282051 8755091
1250000 8764640
1219512 8774530
1190476 8775025
1162790 8785742
1136363 8787849
1111111 8779599
1086956 8800385
1063829 8795075
1041666 8782321
1020408 8783668
1000000 8820858
980392 8790382
961538 8802408
943396 8807831
925925 8823227
909090 8816452
892857 8819312
877192 8832256
862068 8824806
847457 8841841
833333 8837576
819672 8831498
806451 8835713
793650 8840883
781250 8825118
769230 8840613
757575 8847007
746268 8860668
735294 8868940
724637 8865092
714285 8861125
704225 8876032
694444 8872587
684931 8868975
675675 8879044
666666 8878584
657894 8873193
649350 8880822
641025 8878550
632911 8891580
625000 8879692
617283 8888763
609756 8879376
602409 8893415
595238 8896261
588235 8887959
581395 8892634
574712 8897257
568181 8888062
561797 8893215
555555 8903441
549450 8893426
543478 8898770
537634 8899499
531914 8892033
526315 8904904
520833 8898578
515463 8914590
510204 8880172
505050 8918905
500000 8896349
495049 8920549
490196 8906345
485436 8918178
480769 8910387
476190 8917897
471698 8917007
467289 8915958
462962 8915888
458715 8918266
454545 8926053
450450 8911835
446428 8920803
442477 8920117
438596 8922011
434782 8932622
431034 8923657
427350 8923316
423728 8926475
420168 8924482
416666 8930820
413223 8923928
409836 8915825
406504 8928993
403225 8930371
400000 8917958
396825 8930046
393700 8933711
390625 8925359
387596 8935760
384615 8942359
381679 8934345
378787 8932807
375939 8935289
373134 8934416
370370 8922079
367647 8934491
364963 8949088
362318 8927848
359712 8931788
357142 8931753
354609 8947411
352112 8940604
349650 8929471
347222 8951602
344827 8949207
342465 8948864
340136 8925031
337837 8933738
335570 8944951
333333 8934795
331125 8938977
328947 8942694
326797 8950406
324675 8959541
322580 8938895
320512 8936187
318471 8942080
316455 8944184
314465 8953910
312500 8945451
310559 8935978
308641 8942553
306748 8949865
304878 8955623
303030 8950596
301204 8945246
299401 8943851
297619 8947413
295857 8961027
294117 8947431
292397 8948255
290697 8946607
289017 8943066
287356 8948945
285714 8956644
284090 8957665
282485 8953829
280898 8941314
279329 8938840
277777 8949288
276243 8954189
274725 8959661
273224 8958226
271739 8947508
270270 8939062
268817 8943500
267379 8953856
265957 8957444
264550 8957510
263157 8959732
261780 8946256
260416 8940736
259067 8942126
257731 8949929
256410 8940540
255102 8959754
253807 8950236
252525 8947284
251256 8941763
250000 8937272
248756 8940602
247524 8946311
246305 8958379
245098 8964857
243902 8961682
242718 8954330
241545 8944915
240384 8938500
239234 8939425
238095 8945417
236966 8950684
235849 8958653
234741 8961527
233644 8958997
232558 8943584
231481 8939979
230414 8943158
229357 8937215
228310 8945571
227272 8943240
226244 8952711
225225 8957936
224215 8960680
223214 8954272
222222 8946058
221238 8945939
220264 8932752
219298 8932699
218340 8941842
217391 8944966
216450 8949814
215517 8954167
214592 8958294
213675 8951036
212765 8944220
211864 8943499
210970 8937194
210084 8931279
209205 8937227
208333 8935149
207468 8947783
206611 8947763
205761 8959487
204918 8961173
204081 8953191
203252 8934703
202429 8943372
201612 8936303
200803 8927387
200000 8930610
199203 8925602
198412 8934435
197628 8936650
196850 8943132
196078 8944116
195312 8956957
194552 8961054
193798 8947869
193050 8937020
192307 8939228
191570 8928789
190839 8923798
190114 8929600
189393 8927895
188679 8920984
187969 8929049
187265 8933730
186567 8932185
185873 8938895
185185 8944390
184501 8941032
183823 8936928
183150 8936521
182481 8931945
181818 8928006
181159 8923739
180505 8906572
179856 8904507
179211 8915859
178571 8920229
177935 8929176
177304 8924880
176678 8929391
176056 8934851
175438 8938589
174825 8943013
174216 8944595
173611 8932028
173010 8928021
172413 8922355
171821 8918098
171232 8916599
170648 8912134
170068 8902446
169491 8895470
168918 8910420
168350 8920865
167785 8928614
167224 8918739
166666 8920663
166112 8936760
165562 8933355
165016 8946793
164473 8937248
163934 8939003
163398 8928421
162866 8922116
162337 8921479
161812 8915261
161290 8907193
160771 8911465
160256 8897267
159744 8904874
159235 8898934
158730 8903562
158227 8906758
157728 8918512
157232 8920965
156739 8916530
156250 8926501
155763 8933314
155279 8938073
154798 8936209
154320 8927326
153846 8928484
153374 8922996
152905 8919674
152439 8919600
151975 8913692
151515 8902222
151057 8900258
150602 8890829
150150 8892313
149700 8888463
149253 8894734
148809 8892397
148367 8901182
147928 8906965
147492 8905471
147058 8908937
146627 8913025
146198 8930972
145772 8923503
145348 8935141
144927 8941362
144508 8927255
144092 8928879
143678 8914015
143266 8910075
142857 8915060
142450 8911689
142045 8898605
141643 8902166
141242 8895123
140845 8893316
140449 8885788
140056 8886265
139664 8884438
139275 8886012
138888 8888133
138504 8888786
138121 8892821
137741 8891613
137362 8899501
136986 8904967
136612 8911658
136239 8915430
135869 8916362
135501 8922928
135135 8927939
134770 8927582
134408 8925455
134048 8921532
133689 8917974
133333 8914867
132978 8901740
132625 8904701
132275 8901034
131926 8896600
131578 8894971
131233 8894089
130890 8886726
130548 8882099
130208 8882056
129870 8877610
129533 8879371
129198 8882152
128865 8887720
128534 8898073
128205 8887147
127877 8899917
127551 8897270
127226 8897053
126903 8902133
126582 8905285
126262 8910912
125944 8913011
125628 8920161
125313 8929544
125000 8931597
124688 8931355
124378 8920656
124069 8919022
123762 8910426
123456 8917615
123152 8917217
122850 8912808
122549 8903750
122249 8898789
121951 8900440
121654 8896769
121359 8889582
121065 8886702
120772 8878700
120481 8875549
120192 8878390
119904 8868486
119617 8877397
119331 8876619
119047 8871617
118764 8881150
118483 8880601
118203 8887773
117924 8887472
117647 8891460
117370 8890768
117096 8896980
116822 8900213
116550 8904861
116279 8909152
116009 8908075
115740 8922389
115473 8918845
115207 8927763
114942 8930538
114678 8925327
114416 8914672
114155 8921976
113895 8909602
113636 8912138
113378 8912288
113122 8902631
112866 8902851
112612 8903213
112359 8904134
112107 8888956
111856 8892919
111607 8887281
111358 8881642
111111 8881667
110864 8867496
110619 8875489
110375 8877401
110132 8866460
109890 8864063
109649 8869670
109409 8873018
109170 8873995
108932 8877467
108695 8880245
108459 8883358
108225 8883416
107991 8889029
107758 8883554
107526 8886838
107296 8890195
107066 8899622
106837 8896270
106609 8894937
106382 8907128
106157 8904010
105932 8914068
105708 8921678
105485 8924769
105263 8929799
105042 8927010
104821 8929942
104602 8926552
104384 8917679
104166 8911627
103950 8914137
103734 8911630
103519 8909655
103305 8901574
103092 8900728
102880 8899193
102669 8894098
102459 8886420
102249 8884779
102040 8898376
101832 8893177
101626 8881758
101419 8882006
101214 8875934
101010 8880395
100806 8872159
100603 8869286
100401 8867089
100200 8857753
100000 8864303
99800 8868212
