0 0 23
0 1 23
0 2 23
0 3 24
0 4 24
0 5 24
0 6 24
0 7 24
0 8 24
0 9 24
0 10 24
0 11 24
0 12 24
0 13 24
0 14 24
0 15 24
0 16 24
0 17 24
0 18 24
0 19 24
0 20 25
0 21 25
0 22 23
0 23 23
0 24 23
0 25 24
0 26 24
0 27 24
0 28 24
0 29 23
0 30 23
0 31 23
0 32 24
0 33 24
0 34 24
0 35 24
0 36 24
0 37 24
0 38 24
0 39 24
0 40 24
0 41 24
0 42 25
0 43 25
0 44 25
0 45 25
0 46 23
0 47 23
0 48 24
0 49 24
0 50 24
0 51 24
0 52 24
0 53 24
0 54 24
0 55 24
0 56 23
0 57 24
0 58 24
0 59 24
0 60 24
0 61 24
0 62 25
0 63 25
0 64 25
0 65 24
0 66 23
0 67 24
0 68 24
0 69 24
0 70 24
0 71 23
0 72 23
0 73 23
0 74 23
0 75 24
0 76 24
0 77 24
0 78 24
0 79 24
0 80 24
0 81 23
0 82 23
0 83 23
0 84 23
0 85 23
0 86 24
0 87 24
0 88 24
0 89 24
0 90 24
0 91 24
0 92 24
0 93 24
0 94 24
0 95 24
0 96 24
0 97 24
0 98 24
0 99 24
0 100 24
0 101 23
0 102 24
0 103 24
0 104 23
0 105 23
0 106 23
0 107 24
0 108 24
0 109 24
0 110 24
0 111 24
0 112 23
0 113 23
0 114 23
0 115 24
0 116 24
0 117 24
0 118 24
0 119 24
0 120 24
0 121 24
0 122 24
0 123 24
0 124 24
0 125 23
0 126 23
0 127 23
0 128 24
0 129 24
0 130 24
0 131 24
0 132 24
0 133 24
0 134 23
0 135 24
0 136 24
0 137 24
0 138 24
0 139 24
0 140 24
0 141 24
0 142 25
0 143 25
0 144 25
0 145 25
0 146 23
0 147 23
0 148 23
0 149 24
0 150 24
0 151 24
0 152 24
0 153 24
0 154 24
0 155 24
0 156 24
0 157 24
0 158 24
0 159 24
0 160 24
0 161 24
0 162 23
0 163 24
0 164 24
0 165 23
0 166 23
0 167 23
0 168 24
0 169 24
0 170 24
0 171 23
0 172 23
0 173 23
0 174 23
0 175 24
0 176 24
0 177 24
0 178 24
0 179 24
0 180 24
0 181 23
0 182 23
0 183 24
0 184 23
0 185 23
0 186 24
0 187 24
0 188 24
0 189 24
0 190 24
0 191 24
0 192 24
0 193 24
0 194 24
0 195 24
0 196 24
0 197 24
0 198 24
0 199 24
0 200 24
0 201 23
0 202 23
0 203 24
0 204 23
0 205 23
0 206 24
0 207 24
0 208 24
0 209 24
0 210 24
0 211 24
0 212 23
0 213 23
0 214 23
0 215 24
0 216 24
0 217 24
0 218 24
0 219 24
0 220 24
0 221 24
0 222 24
0 223 24
0 224 24
0 225 23
0 226 24
0 227 24
0 228 24
0 229 24
0 230 24
0 231 23
0 232 24
0 233 24
0 234 24
0 235 24
0 236 24
0 237 24
0 238 24
0 239 24
0 240 24
0 241 24
0 242 25
0 243 24
0 244 24
0 245 25
0 246 23
0 247 23
0 248 23
0 249 24
0 250 24
0 251 23
0 252 24
0 253 23
0 254 24
0 255 24
0 256 24
0 257 24
0 258 24
0 259 25
0 260 24
0 261 24
0 262 25
0 263 24
0 264 24
0 265 23
0 266 23
0 267 24
0 268 24
0 269 24
0 270 24
0 271 24
0 272 23
0 273 24
0 274 24
0 275 24
0 276 24
0 277 24
0 278 24
0 279 24
0 280 24
0 281 23
0 282 23
0 283 23
0 284 24
0 285 23
0 286 24
0 287 24
0 288 24
0 289 24
0 290 24
0 291 24
0 292 24
0 293 24
0 294 23
0 295 24
0 296 24
0 297 24
0 298 24
0 299 24
0 300 23
0 301 23
0 302 24
0 303 23
0 304 23
0 305 23
0 306 24
0 307 24
0 308 24
0 309 24
0 310 24
0 311 24
0 312 24
0 313 24
0 314 23
0 315 24
0 316 24
0 317 24
0 318 24
0 319 24
0 320 24
0 321 23
0 322 23
0 323 24
0 324 23
0 325 23
0 326 23
0 327 24
0 328 23
0 329 24
0 330 24
0 331 23
0 332 23
0 333 23
0 334 24
0 335 24
0 336 24
0 337 24
0 338 24
0 339 24
0 340 24
0 341 24
0 342 25
0 343 24
0 344 25
0 345 24
0 346 23
0 347 23
0 348 23
0 349 24
0 350 24
0 351 23
0 352 23
0 353 23
0 354 23
0 355 24
0 356 24
0 357 24
0 358 24
0 359 24
0 360 24
0 361 24
0 362 24
0 363 24
0 364 24
0 365 24
0 366 23
0 367 24
0 368 24
0 369 24
0 370 24
0 371 24
0 372 23
0 373 23
0 374 23
0 375 24
0 376 24
0 377 24
0 378 24
0 379 24
0 380 24
0 381 23
0 382 23
0 383 24
0 384 23
0 385 23
0 386 24
0 387 24
0 388 24
0 389 24
0 390 24
0 391 24
0 392 23
0 393 24
0 394 23
0 395 24
0 396 24
0 397 24
0 398 24
0 399 24
0 400 23
0 401 23
0 402 23
0 403 23
0 404 23
0 405 23
0 406 24
0 407 24
0 408 24
0 409 24
0 410 24
0 411 24
0 412 24
0 413 23
0 414 23
0 415 24
0 416 24
0 417 24
0 418 24
0 419 24
0 420 24
0 421 23
0 422 24
0 423 24
0 424 24
0 425 24
0 426 23
0 427 23
0 428 24
0 429 24
0 430 24
0 431 24
0 432 23
0 433 24
0 434 23
0 435 24
0 436 24
0 437 24
0 438 24
0 439 24
0 440 24
0 441 24
0 442 25
0 443 24
0 444 24
0 445 24
0 446 23
0 447 23
0 448 24
0 449 24
0 450 24
0 451 23
0 452 24
0 453 23
0 454 23
0 455 24
0 456 24
0 457 24
0 458 24
0 459 24
0 460 24
0 461 23
0 462 24
0 463 24
0 464 24
0 465 23
0 466 24
0 467 24
0 468 24
0 469 24
0 470 24
0 471 24
0 472 23
0 473 23
0 474 23
0 475 24
0 476 24
0 477 24
0 478 24
0 479 24
0 480 24
0 481 23
0 482 23
0 483 23
0 484 23
0 485 23
0 486 24
0 487 24
0 488 24
0 489 24
0 490 24
0 491 24
0 492 23
0 493 24
0 494 24
0 495 23
0 496 24
0 497 24
0 498 25
0 499 24
0 500 24
0 501 23
0 502 24
0 503 25
0 504 26
0 505 25
0 506 25
0 507 25
0 508 26
0 509 26
0 510 24
0 511 24
0 512 24
0 513 24
0 514 24
0 515 24
0 516 24
0 517 24
0 518 26
0 519 26
0 520 24
0 521 24
0 522 24
0 523 24
0 524 24
0 525 24
0 526 24
0 527 24
0 528 24
0 529 24
0 530 24
0 531 24
0 532 24
0 533 24
0 534 24
0 535 24
0 536 24
0 537 24
0 538 24
0 539 24
0 540 24
0 541 24
0 542 24
0 543 23
0 544 24
0 545 24
0 546 24
0 547 24
0 548 24
0 549 24
0 550 24
0 551 24
0 552 24
0 553 24
0 554 24
0 555 24
0 556 24
0 557 24
0 558 25
0 559 24
0 560 24
0 561 24
0 562 24
0 563 24
0 564 24
0 565 24
0 566 24
0 567 24
0 568 24
0 569 24
0 570 24
0 571 24
0 572 24
0 573 24
0 574 24
0 575 24
0 576 24
0 577 25
0 578 25
0 579 27
0 580 24
0 581 24
0 582 24
0 583 24
0 584 24
0 585 24
0 586 24
0 587 24
0 588 24
0 589 24
0 590 25
0 591 24
0 592 24
0 593 24
0 594 24
0 595 24
0 596 25
0 597 24
0 598 24
0 599 26
0 600 24
0 601 24
0 602 24
0 603 24
0 604 24
0 605 24
0 606 24
0 607 24
0 608 24
0 609 24
0 610 24
0 611 24
0 612 24
0 613 24
0 614 24
0 615 24
0 616 24
0 617 24
0 618 26
0 619 24
0 620 24
0 621 24
0 622 24
0 623 24
0 624 24
0 625 24
0 626 24
0 627 24
0 628 24
0 629 24
0 630 24
0 631 24
0 632 24
0 633 24
0 634 24
0 635 24
0 636 24
0 637 24
0 638 25
0 639 24
0 640 24
0 641 24
0 642 24
0 643 24
0 644 24
0 645 24
0 646 24
0 647 24
0 648 24
0 649 24
0 650 24
0 651 24
0 652 24
0 653 24
0 654 24
0 655 24
0 656 24
0 657 24
0 658 24
0 659 24
0 660 24
0 661 24
0 662 24
0 663 24
0 664 24
0 665 24
0 666 24
0 667 24
0 668 24
0 669 24
0 670 24
0 671 24
0 672 24
0 673 24
0 674 24
0 675 24
0 676 25
0 677 24
0 678 26
0 679 26
0 680 25
0 681 24
0 682 24
0 683 24
0 684 24
0 685 24
0 686 24
0 687 24
0 688 24
0 689 24
0 690 27
0 691 27
0 692 27
0 693 24
0 694 24
0 695 24
0 696 25
0 697 24
0 698 25
0 699 27
0 700 25
0 701 24
0 702 24
0 703 24
0 704 24
0 705 24
0 706 24
0 707 24
0 708 25
0 709 25
0 710 25
0 711 24
0 712 24
0 713 24
0 714 24
0 715 24
0 716 24
0 717 24
0 718 24
0 719 27
0 720 24
0 721 24
0 722 24
0 723 24
0 724 24
0 725 24
0 726 24
0 727 24
0 728 24
0 729 24
0 730 24
0 731 24
0 732 24
0 733 24
0 734 24
0 735 24
0 736 24
0 737 24
0 738 26
0 739 26
0 740 24
0 741 24
0 742 24
0 743 24
0 744 24
0 745 24
0 746 24
0 747 24
0 748 24
0 749 24
0 750 25
0 751 24
0 752 24
0 753 24
0 754 24
0 755 24
0 756 25
0 757 24
0 758 26
0 759 26
0 760 24
0 761 24
0 762 24
0 763 24
0 764 24
0 765 24
0 766 24
0 767 24
0 768 24
0 769 25
0 770 27
0 771 27
0 772 25
0 773 24
0 774 24
0 775 24
0 776 25
0 777 24
0 778 25
0 779 27
0 780 25
0 781 24
0 782 24
0 783 24
0 784 24
0 785 24
0 786 24
0 787 24
0 788 25
0 789 27
0 790 27
0 791 27
0 792 27
0 793 24
0 794 24
0 795 24
0 796 26
0 797 26
0 798 25
0 799 26
0 800 25
0 801 26
0 802 24
0 803 24
0 804 24
0 805 24
0 806 24
0 807 24
0 808 24
0 809 24
0 810 25
0 811 25
0 812 24
0 813 24
0 814 24
0 815 24
0 816 25
0 817 24
0 818 25
0 819 27
0 820 25
0 821 24
0 822 24
0 823 24
0 824 24
0 825 24
0 826 24
0 827 24
0 828 24
0 829 24
0 830 24
0 831 24
0 832 24
0 833 24
0 834 24
0 835 24
0 836 24
0 837 24
0 838 26
0 839 26
0 840 24
0 841 24
0 842 24
0 843 24
0 844 24
0 845 24
0 846 24
0 847 24
0 848 24
0 849 25
0 850 25
0 851 25
0 852 24
0 853 24
0 854 24
0 855 24
0 856 24
0 857 24
0 858 25
0 859 27
0 860 25
0 861 24
0 862 24
0 863 24
0 864 24
0 865 24
0 866 24
0 867 25
0 868 25
0 869 26
0 870 26
0 871 27
0 872 27
0 873 25
0 874 24
0 875 24
0 876 26
0 877 26
0 878 25
0 879 25
0 880 27
0 881 26
0 882 24
0 883 24
0 884 24
0 885 24
0 886 24
0 887 25
0 888 27
0 889 26
0 890 25
0 891 26
0 892 27
0 893 27
0 894 25
0 895 24
0 896 27
0 897 26
0 898 26
0 899 25
0 900 27
0 901 26
0 902 24
0 903 24
0 904 24
0 905 24
0 906 24
0 907 24
0 908 25
0 909 27
0 910 26
0 911 27
0 912 27
0 913 27
0 914 24
0 915 24
0 916 27
0 917 25
0 918 25
0 919 27
0 920 25
0 921 24
0 922 24
0 923 24
0 924 24
0 925 24
0 926 24
0 927 24
0 928 25
0 929 25
0 930 27
0 931 27
0 932 24
0 933 24
0 934 24
0 935 24
0 936 25
0 937 25
0 938 25
0 939 26
0 940 25
0 941 24
0 942 24
0 943 24
0 944 24
0 945 24
0 946 24
0 947 24
0 948 25
0 949 25
0 950 25
0 951 24
0 952 24
0 953 24
0 954 24
0 955 24
0 956 25
0 957 25
0 958 25
0 959 27
0 960 25
0 961 26
0 962 24
0 963 24
0 964 24
0 965 24
0 966 25
0 967 25
0 968 27
0 969 26
0 970 26
0 971 27
0 972 27
0 973 27
0 974 25
0 975 24
0 976 26
0 977 26
0 978 25
0 979 25
0 980 27
0 981 26
0 982 24
0 983 24
0 984 24
0 985 24
0 986 25
0 987 26
0 988 26
0 989 25
0 990 25
0 991 25
0 992 27
0 993 27
0 994 27
0 995 24
0 996 25
0 997 26
0 998 25
0 999 25
0 1000 27
0 1001 26
0 1002 25
0 1003 26
0 1004 25
0 1005 26
0 1006 26
0 1007 26
0 1008 26
0 1009 26
0 1010 25
0 1011 25
0 1012 25
0 1013 25
0 1014 25
0 1015 26
0 1016 26
0 1017 26
0 1018 25
0 1019 26
0 1020 25
0 1021 25
0 1022 25
0 1023 25
0 1024 25
0 1025 25
0 1026 25
0 1027 25
0 1028 25
0 1029 25
0 1030 25
0 1031 25
0 1032 25
0 1033 25
0 1034 25
0 1035 25
0 1036 26
0 1037 26
0 1038 26
0 1039 26
0 1040 25
0 1041 25
0 1042 25
0 1043 25
0 1044 25
0 1045 25
0 1046 25
0 1047 25
0 1048 25
0 1049 26
0 1050 26
0 1051 26
0 1052 25
0 1053 25
0 1054 25
0 1055 25
0 1056 26
0 1057 26
0 1058 25
0 1059 26
0 1060 25
0 1061 25
0 1062 25
0 1063 25
0 1064 25
0 1065 25
0 1066 25
0 1067 26
0 1068 26
0 1069 26
0 1070 26
0 1071 26
0 1072 25
0 1073 25
0 1074 26
0 1075 25
0 1076 26
0 1077 26
0 1078 25
0 1079 26
0 1080 25
0 1081 25
0 1082 25
0 1083 25
0 1084 25
0 1085 25
0 1086 25
0 1087 26
0 1088 26
0 1089 26
0 1090 26
0 1091 26
0 1092 25
0 1093 26
0 1094 25
0 1095 25
0 1096 26
0 1097 26
0 1098 25
0 1099 26
0 1100 25
0 1101 25
0 1102 25
0 1103 25
0 1104 25
0 1105 25
0 1106 26
0 1107 26
0 1108 26
0 1109 26
0 1110 26
0 1111 26
0 1112 25
0 1113 25
0 1114 26
0 1115 25
0 1116 26
0 1117 26
0 1118 26
0 1119 26
0 1120 25
0 1121 25
0 1122 25
0 1123 25
0 1124 25
0 1125 25
0 1126 25
0 1127 25
0 1128 25
0 1129 26
0 1130 26
0 1131 26
0 1132 25
0 1133 25
0 1134 25
0 1135 25
0 1136 26
0 1137 26
0 1138 25
0 1139 26
0 1140 25
0 1141 25
0 1142 25
0 1143 25
0 1144 25
0 1145 25
0 1146 25
0 1147 26
0 1148 26
0 1149 26
0 1150 26
0 1151 26
0 1152 25
0 1153 25
0 1154 26
0 1155 25
0 1156 26
0 1157 26
0 1158 25
0 1159 26
0 1160 25
0 1161 25
0 1162 25
0 1163 25
0 1164 25
0 1165 26
0 1166 26
0 1167 26
0 1168 26
0 1169 26
0 1170 26
0 1171 26
0 1172 26
0 1173 26
0 1174 26
0 1175 25
0 1176 26
0 1177 26
0 1178 27
0 1179 27
0 1180 26
0 1181 26
0 1182 25
0 1183 25
0 1184 26
0 1185 26
0 1186 26
0 1187 26
0 1188 26
0 1189 26
0 1190 26
0 1191 26
0 1192 26
0 1193 26
0 1194 26
0 1195 25
0 1196 26
0 1197 26
0 1198 27
0 1199 27
0 1200 25
0 1201 26
0 1202 25
0 1203 25
0 1204 25
0 1205 25
0 1206 26
0 1207 26
0 1208 26
0 1209 26
0 1210 26
0 1211 26
0 1212 26
0 1213 26
0 1214 26
0 1215 25
0 1216 26
0 1217 26
0 1218 25
0 1219 26
0 1220 25
0 1221 25
0 1222 25
0 1223 25
0 1224 25
0 1225 25
0 1226 25
0 1227 25
0 1228 26
0 1229 26
0 1230 26
0 1231 26
0 1232 25
0 1233 25
0 1234 26
0 1235 25
0 1236 26
0 1237 26
0 1238 25
0 1239 26
0 1240 25
0 1241 25
0 1242 25
0 1243 25
0 1244 25
0 1245 25
0 1246 26
0 1247 26
0 1248 26
0 1249 26
0 1250 26
0 1251 26
0 1252 26
0 1253 25
0 1254 26
0 1255 25
0 1256 26
0 1257 25
0 1258 26
0 1259 27
0 1260 26
0 1261 26
0 1262 25
0 1263 25
0 1264 25
0 1265 26
0 1266 26
0 1267 26
0 1268 26
0 1269 26
0 1270 25
0 1271 26
0 1272 26
0 1273 26
0 1274 26
0 1275 25
0 1276 26
0 1277 26
0 1278 27
0 1279 27
0 1280 26
0 1281 26
0 1282 26
0 1283 26
0 1284 26
0 1285 26
0 1286 26
0 1287 26
0 1288 26
0 1289 26
0 1290 26
0 1291 26
0 1292 26
0 1293 26
0 1294 26
0 1295 26
0 1296 26
0 1297 25
0 1298 27
0 1299 26
0 1300 25
0 1301 26
0 1302 25
0 1303 26
0 1304 26
0 1305 26
0 1306 26
0 1307 26
0 1308 26
0 1309 26
0 1310 26
0 1311 26
0 1312 26
0 1313 26
0 1314 26
0 1315 25
0 1316 26
0 1317 26
0 1318 25
0 1319 27
0 1320 25
0 1321 25
0 1322 25
0 1323 25
0 1324 25
0 1325 25
0 1326 26
0 1327 26
0 1328 26
0 1329 26
0 1330 26
0 1331 26
0 1332 26
0 1333 26
0 1334 26
0 1335 25
0 1336 26
0 1337 25
0 1338 27
0 1339 27
0 1340 25
0 1341 26
0 1342 25
0 1343 26
0 1344 26
0 1345 26
0 1346 26
0 1347 26
0 1348 26
0 1349 26
0 1350 26
0 1351 26
0 1352 26
0 1353 26
0 1354 26
0 1355 25
0 1356 25
0 1357 25
0 1358 27
0 1359 26
0 1360 25
0 1361 26
0 1362 26
0 1363 26
0 1364 26
0 1365 26
0 1366 26
0 1367 26
0 1368 25
0 1369 25
0 1370 25
0 1371 26
0 1372 26
0 1373 26
0 1374 26
0 1375 26
0 1376 26
0 1377 26
0 1378 27
0 1379 26
0 1380 26
0 1381 26
0 1382 26
0 1383 26
0 1384 26
0 1385 26
0 1386 26
0 1387 26
0 1388 26
0 1389 25
0 1390 26
0 1391 26
0 1392 26
0 1393 26
0 1394 26
0 1395 26
0 1396 25
0 1397 25
0 1398 27
0 1399 26
0 1400 26
0 1401 26
0 1402 26
0 1403 26
0 1404 26
0 1405 26
0 1406 26
0 1407 26
0 1408 26
0 1409 26
0 1410 25
0 1411 26
0 1412 26
0 1413 26
0 1414 26
0 1415 25
0 1416 26
0 1417 26
0 1418 27
0 1419 27
0 1420 25
0 1421 26
0 1422 25
0 1423 25
0 1424 25
0 1425 25
0 1426 26
0 1427 26
0 1428 26
0 1429 26
0 1430 26
0 1431 26
0 1432 26
0 1433 26
0 1434 26
0 1435 25
0 1436 26
0 1437 26
0 1438 25
0 1439 27
0 1440 26
0 1441 26
0 1442 26
0 1443 25
0 1444 26
0 1445 26
0 1446 26
0 1447 26
0 1448 26
0 1449 26
0 1450 25
0 1451 25
0 1452 26
0 1453 26
0 1454 26
0 1455 26
0 1456 26
0 1457 25
0 1458 27
0 1459 26
0 1460 25
0 1461 26
0 1462 26
0 1463 26
0 1464 26
0 1465 26
0 1466 26
0 1467 25
0 1468 25
0 1469 26
0 1470 26
0 1471 26
0 1472 26
0 1473 27
0 1474 26
0 1475 26
0 1476 26
0 1477 26
0 1478 27
0 1479 26
0 1480 26
0 1481 27
0 1482 26
0 1483 26
0 1484 26
0 1485 26
0 1486 26
0 1487 25
0 1488 26
0 1489 26
0 1490 26
0 1491 26
0 1492 27
0 1493 26
0 1494 26
0 1495 26
0 1496 26
0 1497 25
0 1498 27
0 1499 26
0 1500 26
0 1501 27
0 1502 26
0 1503 26
0 1504 26
0 1505 26
0 1506 26
0 1507 26
0 1508 26
0 1509 26
0 1510 27
0 1511 27
0 1512 27
0 1513 26
0 1514 26
0 1515 26
0 1516 26
0 1517 27
0 1518 26
0 1519 27
0 1520 27
0 1521 27
0 1522 27
0 1523 27
0 1524 26
0 1525 27
0 1526 27
0 1527 27
0 1528 27
0 1529 27
0 1530 27
0 1531 27
0 1532 27
0 1533 27
0 1534 27
0 1535 27
0 1536 26
0 1537 26
0 1538 26
0 1539 27
0 1540 27
0 1541 26
0 1542 26
0 1543 26
0 1544 26
0 1545 26
0 1546 27
0 1547 27
0 1548 27
0 1549 26
0 1550 26
0 1551 27
0 1552 27
0 1553 27
0 1554 26
0 1555 27
0 1556 26
0 1557 27
0 1558 26
0 1559 27
0 1560 27
0 1561 27
0 1562 27
0 1563 27
0 1564 27
0 1565 27
0 1566 26
0 1567 27
0 1568 26
0 1569 26
0 1570 26
0 1571 27
0 1572 27
0 1573 27
0 1574 27
0 1575 27
0 1576 26
0 1577 26
0 1578 26
0 1579 26
0 1580 27
0 1581 27
0 1582 27
0 1583 27
0 1584 27
0 1585 27
0 1586 26
0 1587 27
0 1588 26
0 1589 26
0 1590 26
0 1591 27
0 1592 27
0 1593 27
0 1594 27
0 1595 27
0 1596 26
0 1597 26
0 1598 26
0 1599 26
0 1600 27
0 1601 27
0 1602 27
0 1603 27
0 1604 27
0 1605 27
0 1606 26
0 1607 27
0 1608 27
0 1609 26
0 1610 26
0 1611 27
0 1612 27
0 1613 27
0 1614 27
0 1615 27
0 1616 26
0 1617 26
0 1618 26
0 1619 26
0 1620 27
0 1621 27
0 1622 26
0 1623 27
0 1624 26
0 1625 27
0 1626 27
0 1627 27
0 1628 27
0 1629 27
0 1630 27
0 1631 27
0 1632 27
0 1633 27
0 1634 27
0 1635 27
0 1636 26
0 1637 27
0 1638 26
0 1639 26
0 1640 27
0 1641 27
0 1642 27
0 1643 27
0 1644 27
0 1645 27
0 1646 27
0 1647 27
0 1648 26
0 1649 26
0 1650 26
0 1651 26
0 1652 27
0 1653 27
0 1654 27
0 1655 27
0 1656 26
0 1657 26
0 1658 26
0 1659 28
0 1660 27
0 1661 27
0 1662 27
0 1663 27
0 1664 27
0 1665 27
0 1666 26
0 1667 26
0 1668 26
0 1669 26
0 1670 26
0 1671 26
0 1672 26
0 1673 26
0 1674 26
0 1675 27
0 1676 26
0 1677 26
0 1678 25
0 1679 27
0 1680 27
0 1681 26
0 1682 27
0 1683 27
0 1684 27
0 1685 27
0 1686 26
0 1687 26
0 1688 26
0 1689 26
0 1690 26
0 1691 26
0 1692 26
0 1693 26
0 1694 26
0 1695 27
0 1696 26
0 1697 26
0 1698 26
0 1699 27
0 1700 27
0 1701 27
0 1702 27
0 1703 27
0 1704 27
0 1705 27
0 1706 26
0 1707 26
0 1708 26
0 1709 26
0 1710 26
0 1711 26
0 1712 27
0 1713 27
0 1714 27
0 1715 27
0 1716 26
0 1717 26
0 1718 26
0 1719 26
0 1720 27
0 1721 27
0 1722 27
0 1723 27
0 1724 27
0 1725 27
0 1726 27
0 1727 27
0 1728 26
0 1729 26
0 1730 26
0 1731 27
0 1732 27
0 1733 27
0 1734 27
0 1735 27
0 1736 26
0 1737 26
0 1738 25
0 1739 27
0 1740 27
0 1741 27
0 1742 27
0 1743 27
0 1744 27
0 1745 27
0 1746 26
0 1747 26
0 1748 26
0 1749 26
0 1750 26
0 1751 26
0 1752 26
0 1753 26
0 1754 26
0 1755 27
0 1756 26
0 1757 26
0 1758 26
0 1759 26
0 1760 27
0 1761 26
0 1762 26
0 1763 27
0 1764 26
0 1765 26
0 1766 26
0 1767 26
0 1768 26
0 1769 26
0 1770 26
0 1771 26
0 1772 26
0 1773 26
0 1774 26
0 1775 27
0 1776 27
0 1777 26
0 1778 26
0 1779 26
0 1780 27
0 1781 26
0 1782 27
0 1783 27
0 1784 27
0 1785 26
0 1786 26
0 1787 26
0 1788 26
0 1789 26
0 1790 26
0 1791 26
0 1792 26
0 1793 26
0 1794 26
0 1795 27
0 1796 26
0 1797 26
0 1798 25
0 1799 26
0 1800 27
0 1801 26
0 1802 27
0 1803 27
0 1804 27
0 1805 27
0 1806 26
0 1807 26
0 1808 26
0 1809 26
0 1810 26
0 1811 26
0 1812 26
0 1813 26
0 1814 26
0 1815 27
0 1816 26
0 1817 26
0 1818 26
0 1819 27
0 1820 27
0 1821 27
0 1822 27
0 1823 27
0 1824 27
0 1825 27
0 1826 26
0 1827 26
0 1828 26
0 1829 26
0 1830 26
0 1831 26
0 1832 27
0 1833 26
0 1834 27
0 1835 27
0 1836 26
0 1837 26
0 1838 26
0 1839 27
0 1840 27
0 1841 26
0 1842 27
0 1843 27
0 1844 27
0 1845 27
0 1846 26
0 1847 26
0 1848 26
0 1849 26
0 1850 26
0 1851 26
0 1852 26
0 1853 26
0 1854 26
0 1855 26
0 1856 27
0 1857 27
0 1858 26
0 1859 26
0 1860 26
0 1861 27
0 1862 27
0 1863 27
0 1864 26
0 1865 26
0 1866 26
0 1867 26
0 1868 26
0 1869 26
0 1870 26
0 1871 27
0 1872 26
0 1873 26
0 1874 26
0 1875 27
0 1876 26
0 1877 27
0 1878 26
0 1879 26
0 1880 27
0 1881 27
0 1882 26
0 1883 26
0 1884 26
0 1885 26
0 1886 26
0 1887 26
0 1888 26
0 1889 26
0 1890 26
0 1891 26
0 1892 26
0 1893 26
0 1894 26
0 1895 27
0 1896 26
0 1897 26
0 1898 26
0 1899 26
0 1900 27
0 1901 27
0 1902 27
0 1903 27
0 1904 26
0 1905 26
0 1906 26
0 1907 26
0 1908 26
0 1909 26
0 1910 26
0 1911 26
0 1912 26
0 1913 26
0 1914 26
0 1915 27
0 1916 26
0 1917 26
0 1918 26
0 1919 27
0 1920 27
0 1921 26
0 1922 26
0 1923 27
0 1924 27
0 1925 27
0 1926 26
0 1927 26
0 1928 26
0 1929 26
0 1930 26
0 1931 26
0 1932 26
0 1933 26
0 1934 26
0 1935 27
0 1936 26
0 1937 26
0 1938 26
0 1939 26
0 1940 27
0 1941 26
0 1942 26
0 1943 26
0 1944 26
0 1945 26
0 1946 26
0 1947 26
0 1948 26
0 1949 27
0 1950 26
0 1951 26
0 1952 26
0 1953 26
0 1954 26
0 1955 26
0 1956 26
0 1957 27
0 1958 26
0 1959 26
0 1960 26
0 1961 27
0 1962 26
0 1963 26
0 1964 26
0 1965 26
0 1966 26
0 1967 26
0 1968 26
0 1969 26
0 1970 26
0 1971 26
0 1972 26
0 1973 27
0 1974 26
0 1975 26
0 1976 26
0 1977 26
0 1978 26
0 1979 26
0 1980 27
0 1981 27
0 1982 26
0 1983 26
0 1984 26
0 1985 26
0 1986 26
0 1987 26
0 1988 26
0 1989 26
0 1990 26
0 1991 26
0 1992 27
0 1993 26
0 1994 26
0 1995 27
0 1996 26
0 1997 27
0 1998 26
0 1999 26
0 2000 27
0 2001 27
0 2002 26
0 2003 26
0 2004 25
0 2005 25
0 2006 25
0 2007 25
0 2008 26
0 2009 26
0 2010 26
0 2011 26
0 2012 27
0 2013 26
0 2014 26
0 2015 26
0 2016 26
0 2017 26
0 2018 25
0 2019 26
0 2020 26
0 2021 26
0 2022 26
0 2023 26
0 2024 26
0 2025 26
0 2026 26
0 2027 26
0 2028 26
0 2029 26
0 2030 26
0 2031 26
0 2032 26
0 2033 26
0 2034 26
0 2035 26
0 2036 26
0 2037 26
0 2038 25
0 2039 26
0 2040 26
0 2041 26
0 2042 26
0 2043 26
0 2044 26
0 2045 26
0 2046 26
0 2047 26
0 2048 26
0 2049 26
0 2050 26
0 2051 26
0 2052 26
0 2053 26
0 2054 26
0 2055 26
0 2056 26
0 2057 26
0 2058 25
0 2059 26
0 2060 26
0 2061 26
0 2062 26
0 2063 26
0 2064 26
0 2065 26
0 2066 26
0 2067 26
0 2068 26
0 2069 26
0 2070 26
0 2071 26
0 2072 26
0 2073 26
0 2074 26
0 2075 26
0 2076 26
0 2077 26
0 2078 25
0 2079 26
0 2080 26
0 2081 26
0 2082 26
0 2083 26
0 2084 26
0 2085 26
0 2086 26
0 2087 26
0 2088 26
0 2089 26
0 2090 26
0 2091 26
0 2092 26
0 2093 26
0 2094 26
0 2095 26
0 2096 26
0 2097 26
0 2098 25
0 2099 26
0 2100 26
0 2101 26
0 2102 26
0 2103 26
0 2104 26
0 2105 26
0 2106 26
0 2107 26
0 2108 26
0 2109 26
0 2110 26
0 2111 26
0 2112 26
0 2113 26
0 2114 26
0 2115 26
0 2116 26
0 2117 26
0 2118 26
0 2119 26
0 2120 26
0 2121 26
0 2122 26
0 2123 26
0 2124 26
0 2125 26
0 2126 26
0 2127 26
0 2128 26
0 2129 26
0 2130 26
0 2131 26
0 2132 26
0 2133 26
0 2134 26
0 2135 26
0 2136 26
0 2137 26
0 2138 25
0 2139 26
0 2140 26
0 2141 26
0 2142 26
0 2143 26
0 2144 26
0 2145 26
0 2146 26
0 2147 26
0 2148 26
0 2149 26
0 2150 26
0 2151 26
0 2152 26
0 2153 26
0 2154 26
0 2155 26
0 2156 26
0 2157 25
0 2158 25
0 2159 25
0 2160 26
0 2161 26
0 2162 26
0 2163 26
0 2164 26
0 2165 26
0 2166 26
0 2167 26
0 2168 26
0 2169 26
0 2170 26
0 2171 26
0 2172 26
0 2173 26
0 2174 26
0 2175 26
0 2176 26
0 2177 25
0 2178 25
0 2179 25
0 2180 26
0 2181 26
0 2182 26
0 2183 26
0 2184 26
0 2185 26
0 2186 26
0 2187 26
0 2188 26
0 2189 26
0 2190 26
0 2191 26
0 2192 26
0 2193 26
0 2194 26
0 2195 26
0 2196 26
0 2197 26
0 2198 25
0 2199 26
0 2200 26
0 2201 26
0 2202 26
0 2203 26
0 2204 26
0 2205 26
0 2206 26
0 2207 26
0 2208 26
0 2209 26
0 2210 26
0 2211 26
0 2212 26
0 2213 26
0 2214 26
0 2215 26
0 2216 26
0 2217 26
0 2218 25
0 2219 26
0 2220 26
0 2221 26
0 2222 26
0 2223 26
0 2224 26
0 2225 26
0 2226 26
0 2227 26
0 2228 26
0 2229 26
0 2230 26
0 2231 26
0 2232 26
0 2233 26
0 2234 26
0 2235 26
0 2236 26
0 2237 26
0 2238 25
0 2239 26
0 2240 26
0 2241 26
0 2242 26
0 2243 26
0 2244 26
0 2245 26
0 2246 26
0 2247 26
0 2248 26
0 2249 26
0 2250 25
0 2251 26
0 2252 26
0 2253 26
0 2254 26
0 2255 26
0 2256 25
0 2257 25
0 2258 25
0 2259 25
0 2260 26
0 2261 26
0 2262 26
0 2263 26
0 2264 26
0 2265 26
0 2266 26
0 2267 26
0 2268 26
0 2269 25
0 2270 25
0 2271 25
0 2272 26
0 2273 26
0 2274 26
0 2275 26
0 2276 25
0 2277 25
0 2278 25
0 2279 25
0 2280 26
0 2281 26
0 2282 26
0 2283 26
0 2284 26
0 2285 26
0 2286 26
0 2287 26
0 2288 26
0 2289 25
0 2290 25
0 2291 25
0 2292 26
0 2293 26
0 2294 26
0 2295 26
0 2296 26
0 2297 25
0 2298 25
0 2299 25
0 2300 26
0 2301 26
0 2302 26
0 2303 26
0 2304 26
0 2305 26
0 2306 26
0 2307 26
0 2308 26
0 2309 26
0 2310 26
0 2311 26
0 2312 26
0 2313 26
0 2314 26
0 2315 26
0 2316 26
0 2317 26
0 2318 25
0 2319 26
0 2320 26
0 2321 26
0 2322 26
0 2323 26
0 2324 26
0 2325 26
0 2326 26
0 2327 26
0 2328 26
0 2329 26
0 2330 26
0 2331 26
0 2332 26
0 2333 26
0 2334 26
0 2335 26
0 2336 26
0 2337 25
0 2338 25
0 2339 25
0 2340 26
0 2341 26
0 2342 26
0 2343 26
0 2344 26
0 2345 26
0 2346 26
0 2347 26
0 2348 25
0 2349 25
0 2350 25
0 2351 25
0 2352 26
0 2353 25
0 2354 25
0 2355 26
0 2356 25
0 2357 25
0 2358 25
0 2359 25
0 2360 26
0 2361 26
0 2362 26
0 2363 26
0 2364 26
0 2365 26
0 2366 26
0 2367 25
0 2368 25
0 2369 25
0 2370 25
0 2371 25
0 2372 25
0 2373 26
0 2374 26
0 2375 26
0 2376 25
0 2377 25
0 2378 25
0 2379 25
0 2380 26
0 2381 26
0 2382 26
0 2383 26
0 2384 26
0 2385 26
0 2386 25
0 2387 25
0 2388 25
0 2389 25
0 2390 25
0 2391 25
0 2392 26
0 2393 26
0 2394 26
0 2395 26
0 2396 25
0 2397 25
0 2398 25
0 2399 25
0 2400 26
0 2401 26
0 2402 26
0 2403 26
0 2404 26
0 2405 26
0 2406 26
0 2407 26
0 2408 26
0 2409 26
0 2410 25
0 2411 26
0 2412 26
0 2413 26
0 2414 26
0 2415 26
0 2416 25
0 2417 25
0 2418 25
0 2419 25
0 2420 26
0 2421 26
0 2422 26
0 2423 26
0 2424 26
0 2425 26
0 2426 26
0 2427 26
0 2428 25
0 2429 25
0 2430 25
0 2431 25
0 2432 26
0 2433 26
0 2434 25
0 2435 26
0 2436 25
0 2437 25
0 2438 25
0 2439 25
0 2440 25
0 2441 26
0 2442 26
0 2443 26
0 2444 26
0 2445 26
0 2446 25
0 2447 25
0 2448 25
0 2449 25
0 2450 25
0 2451 25
0 2452 25
0 2453 25
0 2454 25
0 2455 26
0 2456 25
0 2457 25
0 2458 24
0 2459 25
0 2460 25
0 2461 26
0 2462 26
0 2463 26
0 2464 26
0 2465 26
0 2466 25
0 2467 25
0 2468 25
0 2469 25
0 2470 25
0 2471 25
0 2472 25
0 2473 25
0 2474 25
0 2475 26
0 2476 25
0 2477 25
0 2478 25
0 2479 25
0 2480 25
0 2481 26
0 2482 26
0 2483 26
0 2484 26
0 2485 26
0 2486 26
0 2487 25
0 2488 25
0 2489 25
0 2490 25
0 2491 25
0 2492 26
0 2493 26
0 2494 26
0 2495 26
0 2496 25
0 2497 25
0 2498 25
0 2499 25
0 2500 26
0 2501 26
0 2502 25
0 2503 25
0 2504 26
0 2505 25
0 2506 26
0 2507 27
0 2508 26
0 2509 24
0 2510 24
0 2511 25
0 2512 25
0 2513 25
0 2514 25
0 2515 25
0 2516 25
0 2517 25
0 2518 26
0 2519 24
0 2520 24
0 2521 24
0 2522 25
0 2523 25
0 2524 25
0 2525 25
0 2526 25
0 2527 25
0 2528 24
0 2529 24
0 2530 24
0 2531 24
0 2532 24
0 2533 24
0 2534 24
0 2535 24
0 2536 25
0 2537 25
0 2538 26
0 2539 27
0 2540 25
0 2541 24
0 2542 25
0 2543 25
0 2544 25
0 2545 24
0 2546 24
0 2547 24
0 2548 25
0 2549 26
0 2550 26
0 2551 25
0 2552 25
0 2553 24
0 2554 24
0 2555 24
0 2556 25
0 2557 25
0 2558 25
0 2559 26
0 2560 25
0 2561 24
0 2562 24
0 2563 24
0 2564 24
0 2565 24
0 2566 24
0 2567 24
0 2568 24
0 2569 24
0 2570 25
0 2571 25
0 2572 25
0 2573 24
0 2574 24
0 2575 24
0 2576 25
0 2577 25
0 2578 26
0 2579 26
0 2580 25
0 2581 24
0 2582 25
0 2583 25
0 2584 25
0 2585 25
0 2586 24
0 2587 24
0 2588 24
0 2589 24
0 2590 25
0 2591 24
0 2592 24
0 2593 24
0 2594 24
0 2595 24
0 2596 25
0 2597 24
0 2598 25
0 2599 24
0 2600 24
0 2601 24
0 2602 25
0 2603 25
0 2604 25
0 2605 25
0 2606 24
0 2607 24
0 2608 24
0 2609 24
0 2610 24
0 2611 24
0 2612 24
0 2613 24
0 2614 24
0 2615 25
0 2616 24
0 2617 24
0 2618 25
0 2619 26
0 2620 24
0 2621 24
0 2622 25
0 2623 25
0 2624 25
0 2625 25
0 2626 24
0 2627 24
0 2628 24
0 2629 24
0 2630 25
0 2631 25
0 2632 24
0 2633 24
0 2634 24
0 2635 24
0 2636 26
0 2637 25
0 2638 26
0 2639 26
0 2640 26
0 2641 24
0 2642 24
0 2643 24
0 2644 24
0 2645 24
0 2646 24
0 2647 24
0 2648 25
0 2649 25
0 2650 27
0 2651 27
0 2652 26
0 2653 24
0 2654 25
0 2655 24
0 2656 26
0 2657 26
0 2658 26
0 2659 26
0 2660 26
0 2661 24
0 2662 24
0 2663 24
0 2664 24
0 2665 24
0 2666 24
0 2667 25
0 2668 26
0 2669 26
0 2670 26
0 2671 26
0 2672 25
0 2673 24
0 2674 24
0 2675 24
0 2676 26
0 2677 25
0 2678 26
0 2679 25
0 2680 26
0 2681 24
0 2682 24
0 2683 24
0 2684 24
0 2685 24
0 2686 24
0 2687 25
0 2688 25
0 2689 26
0 2690 27
0 2691 26
0 2692 25
0 2693 24
0 2694 24
0 2695 24
0 2696 25
0 2697 25
0 2698 26
0 2699 26
0 2700 25
0 2701 24
0 2702 25
0 2703 24
0 2704 25
0 2705 25
0 2706 24
0 2707 24
0 2708 24
0 2709 24
0 2710 24
0 2711 24
0 2712 24
0 2713 24
0 2714 24
0 2715 25
0 2716 25
0 2717 24
0 2718 25
0 2719 26
0 2720 25
0 2721 24
0 2722 24
0 2723 24
0 2724 24
0 2725 24
0 2726 24
0 2727 24
0 2728 24
0 2729 25
0 2730 25
0 2731 25
0 2732 25
0 2733 24
0 2734 24
0 2735 24
0 2736 26
0 2737 27
0 2738 26
0 2739 27
0 2740 27
0 2741 24
0 2742 24
0 2743 24
0 2744 24
0 2745 24
0 2746 25
0 2747 26
0 2748 27
0 2749 27
0 2750 26
0 2751 27
0 2752 25
0 2753 25
0 2754 25
0 2755 24
0 2756 26
0 2757 26
0 2758 26
0 2759 27
0 2760 27
0 2761 25
0 2762 24
0 2763 24
0 2764 24
0 2765 24
0 2766 25
0 2767 25
0 2768 26
0 2769 27
0 2770 26
0 2771 26
0 2772 26
0 2773 26
0 2774 25
0 2775 24
0 2776 26
0 2777 27
0 2778 27
0 2779 26
0 2780 26
0 2781 24
0 2782 24
0 2783 24
0 2784 24
0 2785 24
0 2786 24
0 2787 25
0 2788 26
0 2789 27
0 2790 26
0 2791 27
0 2792 25
0 2793 24
0 2794 24
0 2795 24
0 2796 25
0 2797 26
0 2798 26
0 2799 26
0 2800 26
0 2801 24
0 2802 24
0 2803 24
0 2804 24
0 2805 24
0 2806 24
0 2807 24
0 2808 24
0 2809 25
0 2810 25
0 2811 25
0 2812 24
0 2813 24
0 2814 24
0 2815 24
0 2816 26
0 2817 26
0 2818 26
0 2819 26
0 2820 26
0 2821 24
0 2822 24
0 2823 24
0 2824 24
0 2825 24
0 2826 24
0 2827 24
0 2828 25
0 2829 26
0 2830 26
0 2831 27
0 2832 27
0 2833 26
0 2834 25
0 2835 24
0 2836 26
0 2837 26
0 2838 26
0 2839 27
0 2840 26
0 2841 25
0 2842 24
0 2843 24
0 2844 24
0 2845 25
0 2846 26
0 2847 26
0 2848 27
0 2849 26
0 2850 26
0 2851 26
0 2852 26
0 2853 26
0 2854 25
0 2855 25
0 2856 26
0 2857 26
0 2858 27
0 2859 27
0 2860 26
0 2861 25
0 2862 24
0 2863 24
0 2864 24
0 2865 25
0 2866 26
0 2867 27
0 2868 26
0 2869 26
0 2870 26
0 2871 26
0 2872 27
0 2873 25
0 2874 25
0 2875 24
0 2876 26
0 2877 26
0 2878 26
0 2879 27
0 2880 26
0 2881 26
0 2882 24
0 2883 25
0 2884 24
0 2885 24
0 2886 25
0 2887 25
0 2888 26
0 2889 27
0 2890 26
0 2891 26
0 2892 27
0 2893 25
0 2894 25
0 2895 24
0 2896 26
0 2897 27
0 2898 27
0 2899 27
0 2900 26
0 2901 24
0 2902 24
0 2903 24
0 2904 24
0 2905 24
0 2906 24
0 2907 24
0 2908 25
0 2909 25
0 2910 26
0 2911 25
0 2912 25
0 2913 24
0 2914 25
0 2915 24
0 2916 27
0 2917 27
0 2918 26
0 2919 27
0 2920 25
0 2921 24
0 2922 24
0 2923 24
0 2924 24
0 2925 24
0 2926 24
0 2927 25
0 2928 26
0 2929 27
0 2930 26
0 2931 26
0 2932 26
0 2933 27
0 2934 26
0 2935 25
0 2936 26
0 2937 26
0 2938 27
0 2939 27
0 2940 26
0 2941 25
0 2942 24
0 2943 24
0 2944 25
0 2945 25
0 2946 27
0 2947 27
0 2948 26
0 2949 26
0 2950 26
0 2951 26
0 2952 26
0 2953 27
0 2954 26
0 2955 25
0 2956 26
0 2957 26
0 2958 27
0 2959 27
0 2960 26
0 2961 26
0 2962 25
0 2963 25
0 2964 25
0 2965 25
0 2966 26
0 2967 26
0 2968 26
0 2969 26
0 2970 26
0 2971 26
0 2972 26
0 2973 26
0 2974 27
0 2975 25
0 2976 26
0 2977 26
0 2978 27
0 2979 27
0 2980 26
0 2981 25
0 2982 24
0 2983 24
0 2984 24
0 2985 24
0 2986 25
0 2987 26
0 2988 27
0 2989 27
0 2990 26
0 2991 27
0 2992 26
0 2993 25
0 2994 26
0 2995 24
0 2996 26
0 2997 27
0 2998 27
0 2999 27
0 3000 26
0 3001 25
0 3002 26
0 3003 27
0 3004 25
0 3005 25
0 3006 26
0 3007 26
0 3008 26
0 3009 26
0 3010 26
0 3011 27
0 3012 27
0 3013 27
0 3014 27
0 3015 27
0 3016 26
0 3017 26
0 3018 25
0 3019 26
0 3020 26
0 3021 27
0 3022 27
0 3023 27
0 3024 27
0 3025 27
0 3026 27
0 3027 27
0 3028 27
0 3029 26
0 3030 25
0 3031 26
0 3032 26
0 3033 27
0 3034 26
0 3035 27
0 3036 26
0 3037 27
0 3038 26
0 3039 27
0 3040 26
0 3041 26
0 3042 27
0 3043 27
0 3044 27
0 3045 27
0 3046 27
0 3047 26
0 3048 25
0 3049 25
0 3050 25
0 3051 26
0 3052 26
0 3053 26
0 3054 26
0 3055 27
0 3056 25
0 3057 26
0 3058 26
0 3059 25
0 3060 26
0 3061 26
0 3062 27
0 3063 27
0 3064 27
0 3065 27
0 3066 27
0 3067 27
0 3068 26
0 3069 25
0 3070 25
0 3071 26
0 3072 26
0 3073 26
0 3074 26
0 3075 27
0 3076 25
0 3077 26
0 3078 25
0 3079 26
0 3080 26
0 3081 27
0 3082 27
0 3083 27
0 3084 28
0 3085 27
0 3086 27
0 3087 27
0 3088 26
0 3089 26
0 3090 25
0 3091 26
0 3092 26
0 3093 27
0 3094 27
0 3095 27
0 3096 26
0 3097 25
0 3098 25
0 3099 25
0 3100 26
0 3101 28
0 3102 27
0 3103 27
0 3104 27
0 3105 27
0 3106 27
0 3107 27
0 3108 27
0 3109 27
0 3110 27
0 3111 27
0 3112 27
0 3113 27
0 3114 27
0 3115 27
0 3116 25
0 3117 26
0 3118 25
0 3119 26
0 3120 27
0 3121 27
0 3122 27
0 3123 27
0 3124 27
0 3125 27
0 3126 27
0 3127 27
0 3128 26
0 3129 26
0 3130 25
0 3131 26
0 3132 26
0 3133 26
0 3134 27
0 3135 27
0 3136 26
0 3137 26
0 3138 27
0 3139 27
0 3140 26
0 3141 26
0 3142 27
0 3143 27
0 3144 27
0 3145 27
0 3146 26
0 3147 25
0 3148 25
0 3149 25
0 3150 25
0 3151 26
0 3152 26
0 3153 26
0 3154 26
0 3155 27
0 3156 25
0 3157 26
0 3158 26
0 3159 27
0 3160 26
0 3161 26
0 3162 27
0 3163 27
0 3164 27
0 3165 27
0 3166 26
0 3167 26
0 3168 25
0 3169 25
0 3170 25
0 3171 26
0 3172 26
0 3173 26
0 3174 26
0 3175 27
0 3176 25
0 3177 25
0 3178 26
0 3179 26
0 3180 26
0 3181 27
0 3182 27
0 3183 27
0 3184 27
0 3185 27
0 3186 27
0 3187 27
0 3188 26
0 3189 26
0 3190 25
0 3191 26
0 3192 26
0 3193 27
0 3194 27
0 3195 27
0 3196 25
0 3197 26
0 3198 25
0 3199 25
0 3200 27
0 3201 26
0 3202 27
0 3203 27
0 3204 27
0 3205 27
0 3206 27
0 3207 27
0 3208 27
0 3209 27
0 3210 25
0 3211 26
0 3212 26
0 3213 26
0 3214 26
0 3215 27
0 3216 25
0 3217 26
0 3218 26
0 3219 26
0 3220 26
0 3221 27
0 3222 27
0 3223 27
0 3224 27
0 3225 27
0 3226 25
0 3227 26
0 3228 25
0 3229 26
0 3230 25
0 3231 26
0 3232 26
0 3233 26
0 3234 25
0 3235 26
0 3236 25
0 3237 26
0 3238 26
0 3239 27
0 3240 26
0 3241 26
0 3242 27
0 3243 26
0 3244 26
0 3245 26
0 3246 25
0 3247 26
0 3248 25
0 3249 25
0 3250 26
0 3251 25
0 3252 26
0 3253 26
0 3254 26
0 3255 26
0 3256 26
0 3257 26
0 3258 27
0 3259 26
0 3260 26
0 3261 26
0 3262 27
0 3263 27
0 3264 26
0 3265 26
0 3266 25
0 3267 25
0 3268 25
0 3269 25
0 3270 25
0 3271 26
0 3272 26
0 3273 26
0 3274 26
0 3275 27
0 3276 25
0 3277 26
0 3278 25
0 3279 26
0 3280 26
0 3281 26
0 3282 27
0 3283 27
0 3284 27
0 3285 27
0 3286 26
0 3287 26
0 3288 25
0 3289 25
0 3290 25
0 3291 26
0 3292 26
0 3293 26
0 3294 26
0 3295 27
0 3296 25
0 3297 26
0 3298 26
0 3299 27
0 3300 26
0 3301 27
0 3302 27
0 3303 27
0 3304 27
0 3305 27
0 3306 27
0 3307 27
0 3308 26
0 3309 25
0 3310 25
0 3311 26
0 3312 26
0 3313 26
0 3314 26
0 3315 27
0 3316 25
0 3317 26
0 3318 25
0 3319 27
0 3320 26
0 3321 26
0 3322 27
0 3323 26
0 3324 27
0 3325 27
0 3326 25
0 3327 25
0 3328 25
0 3329 25
0 3330 26
0 3331 26
0 3332 26
0 3333 26
0 3334 25
0 3335 26
0 3336 26
0 3337 26
0 3338 28
0 3339 27
0 3340 26
0 3341 26
0 3342 26
0 3343 26
0 3344 26
0 3345 26
0 3346 25
0 3347 25
0 3348 25
0 3349 25
0 3350 25
0 3351 26
0 3352 25
0 3353 26
0 3354 25
0 3355 26
0 3356 26
0 3357 26
0 3358 28
0 3359 27
0 3360 26
0 3361 25
0 3362 26
0 3363 26
0 3364 26
0 3365 26
0 3366 25
0 3367 25
0 3368 25
0 3369 25
0 3370 26
0 3371 26
0 3372 25
0 3373 26
0 3374 26
0 3375 26
0 3376 25
0 3377 26
0 3378 26
0 3379 27
0 3380 26
0 3381 26
0 3382 27
0 3383 27
0 3384 27
0 3385 27
0 3386 26
0 3387 25
0 3388 25
0 3389 25
0 3390 25
0 3391 26
0 3392 26
0 3393 26
0 3394 26
0 3395 27
0 3396 25
0 3397 26
0 3398 25
0 3399 25
0 3400 26
0 3401 26
0 3402 27
0 3403 27
0 3404 27
0 3405 27
0 3406 27
0 3407 26
0 3408 25
0 3409 25
0 3410 25
0 3411 26
0 3412 26
0 3413 26
0 3414 26
0 3415 26
0 3416 25
0 3417 26
0 3418 26
0 3419 27
0 3420 26
0 3421 26
0 3422 27
0 3423 26
0 3424 27
0 3425 26
0 3426 25
0 3427 25
0 3428 25
0 3429 26
0 3430 26
0 3431 25
0 3432 25
0 3433 25
0 3434 25
0 3435 26
0 3436 26
0 3437 26
0 3438 28
0 3439 27
0 3440 26
0 3441 25
0 3442 25
0 3443 26
0 3444 26
0 3445 25
0 3446 25
0 3447 25
0 3448 25
0 3449 26
0 3450 26
0 3451 25
0 3452 25
0 3453 25
0 3454 26
0 3455 26
0 3456 26
0 3457 26
0 3458 28
0 3459 27
0 3460 27
0 3461 25
0 3462 26
0 3463 26
0 3464 26
0 3465 26
0 3466 25
0 3467 25
0 3468 25
0 3469 25
0 3470 25
0 3471 25
0 3472 25
0 3473 25
0 3474 25
0 3475 26
0 3476 26
0 3477 26
0 3478 28
0 3479 27
0 3480 26
0 3481 26
0 3482 27
0 3483 26
0 3484 26
0 3485 26
0 3486 26
0 3487 26
0 3488 25
0 3489 25
0 3490 26
0 3491 26
0 3492 26
0 3493 26
0 3494 26
0 3495 26
0 3496 25
0 3497 26
0 3498 26
0 3499 26
0 3500 26
0 3501 26
0 3502 26
0 3503 28
0 3504 28
0 3505 28
0 3506 28
0 3507 28
0 3508 28
0 3509 28
0 3510 28
0 3511 28
0 3512 27
0 3513 27
0 3514 27
0 3515 27
0 3516 28
0 3517 28
0 3518 28
0 3519 29
0 3520 28
0 3521 28
0 3522 28
0 3523 28
0 3524 28
0 3525 28
0 3526 28
0 3527 28
0 3528 28
0 3529 28
0 3530 28
0 3531 28
0 3532 28
0 3533 28
0 3534 28
0 3535 28
0 3536 28
0 3537 28
0 3538 28
0 3539 29
0 3540 28
0 3541 28
0 3542 28
0 3543 28
0 3544 27
0 3545 28
0 3546 28
0 3547 28
0 3548 28
0 3549 28
0 3550 28
0 3551 28
0 3552 28
0 3553 28
0 3554 28
0 3555 28
0 3556 28
0 3557 28
0 3558 28
0 3559 29
0 3560 28
0 3561 28
0 3562 28
0 3563 28
0 3564 28
0 3565 28
0 3566 28
0 3567 28
0 3568 28
0 3569 28
0 3570 28
0 3571 28
0 3572 28
0 3573 28
0 3574 28
0 3575 28
0 3576 28
0 3577 28
0 3578 28
0 3579 28
0 3580 28
0 3581 27
0 3582 27
0 3583 27
0 3584 27
0 3585 27
0 3586 28
0 3587 28
0 3588 28
0 3589 28
0 3590 28
0 3591 28
0 3592 28
0 3593 28
0 3594 28
0 3595 27
0 3596 28
0 3597 28
0 3598 28
0 3599 28
0 3600 28
0 3601 27
0 3602 27
0 3603 27
0 3604 27
0 3605 27
0 3606 28
0 3607 28
0 3608 28
0 3609 28
0 3610 28
0 3611 28
0 3612 28
0 3613 28
0 3614 28
0 3615 28
0 3616 28
0 3617 28
0 3618 27
0 3619 28
0 3620 28
0 3621 28
0 3622 28
0 3623 28
0 3624 27
0 3625 28
0 3626 28
0 3627 28
0 3628 28
0 3629 28
0 3630 28
0 3631 28
0 3632 28
0 3633 28
0 3634 28
0 3635 28
0 3636 28
0 3637 28
0 3638 28
0 3639 28
0 3640 28
0 3641 28
0 3642 28
0 3643 28
0 3644 28
0 3645 28
0 3646 28
0 3647 28
0 3648 28
0 3649 28
0 3650 28
0 3651 28
0 3652 28
0 3653 28
0 3654 28
0 3655 28
0 3656 28
0 3657 28
0 3658 27
0 3659 29
0 3660 28
0 3661 28
0 3662 28
0 3663 28
0 3664 28
0 3665 28
0 3666 28
0 3667 28
0 3668 28
0 3669 28
0 3670 28
0 3671 28
0 3672 28
0 3673 28
0 3674 28
0 3675 28
0 3676 28
0 3677 28
0 3678 28
0 3679 28
0 3680 28
0 3681 27
0 3682 28
0 3683 28
0 3684 27
0 3685 28
0 3686 28
0 3687 28
0 3688 28
0 3689 28
0 3690 28
0 3691 28
0 3692 28
0 3693 28
0 3694 28
0 3695 27
0 3696 28
0 3697 28
0 3698 28
0 3699 28
0 3700 28
0 3701 27
0 3702 27
0 3703 27
0 3704 27
0 3705 27
0 3706 28
0 3707 28
0 3708 28
0 3709 28
0 3710 28
0 3711 28
0 3712 28
0 3713 28
0 3714 28
0 3715 28
0 3716 28
0 3717 28
0 3718 27
0 3719 29
0 3720 28
0 3721 27
0 3722 28
0 3723 28
0 3724 28
0 3725 28
0 3726 28
0 3727 28
0 3728 28
0 3729 28
0 3730 28
0 3731 28
0 3732 28
0 3733 28
0 3734 28
0 3735 28
0 3736 28
0 3737 28
0 3738 28
0 3739 28
0 3740 28
0 3741 28
0 3742 28
0 3743 28
0 3744 28
0 3745 28
0 3746 28
0 3747 28
0 3748 28
0 3749 28
0 3750 28
0 3751 28
0 3752 28
0 3753 28
0 3754 28
0 3755 28
0 3756 28
0 3757 28
0 3758 28
0 3759 28
0 3760 28
0 3761 28
0 3762 28
0 3763 28
0 3764 28
0 3765 28
0 3766 28
0 3767 28
0 3768 28
0 3769 28
0 3770 28
0 3771 28
0 3772 28
0 3773 28
0 3774 28
0 3775 28
0 3776 28
0 3777 28
0 3778 27
0 3779 29
0 3780 28
0 3781 28
0 3782 28
0 3783 27
0 3784 27
0 3785 27
0 3786 28
0 3787 28
0 3788 28
0 3789 28
0 3790 28
0 3791 28
0 3792 28
0 3793 28
0 3794 28
0 3795 27
0 3796 28
0 3797 28
0 3798 28
0 3799 28
0 3800 28
0 3801 27
0 3802 27
0 3803 28
0 3804 27
0 3805 28
0 3806 28
0 3807 28
0 3808 28
0 3809 28
0 3810 28
0 3811 28
0 3812 28
0 3813 28
0 3814 28
0 3815 28
0 3816 28
0 3817 28
0 3818 27
0 3819 28
0 3820 28
0 3821 28
0 3822 28
0 3823 28
0 3824 28
0 3825 28
0 3826 28
0 3827 28
0 3828 28
0 3829 28
0 3830 28
0 3831 28
0 3832 28
0 3833 28
0 3834 28
0 3835 28
0 3836 28
0 3837 28
0 3838 28
0 3839 28
0 3840 28
0 3841 28
0 3842 28
0 3843 28
0 3844 28
0 3845 28
0 3846 28
0 3847 28
0 3848 28
0 3849 28
0 3850 28
0 3851 28
0 3852 28
0 3853 28
0 3854 28
0 3855 28
0 3856 28
0 3857 28
0 3858 28
0 3859 29
0 3860 28
0 3861 28
0 3862 28
0 3863 28
0 3864 28
0 3865 28
0 3866 28
0 3867 28
0 3868 28
0 3869 28
0 3870 28
0 3871 28
0 3872 28
0 3873 28
0 3874 28
0 3875 28
0 3876 28
0 3877 28
0 3878 28
0 3879 29
0 3880 28
0 3881 28
0 3882 27
0 3883 28
0 3884 27
0 3885 28
0 3886 28
0 3887 28
0 3888 28
0 3889 28
0 3890 28
0 3891 28
0 3892 28
0 3893 28
0 3894 28
0 3895 27
0 3896 28
0 3897 28
0 3898 27
0 3899 28
0 3900 28
0 3901 27
0 3902 28
0 3903 28
0 3904 28
0 3905 28
0 3906 28
0 3907 28
0 3908 28
0 3909 28
0 3910 28
0 3911 28
0 3912 28
0 3913 28
0 3914 28
0 3915 28
0 3916 28
0 3917 28
0 3918 28
0 3919 28
0 3920 28
0 3921 28
0 3922 28
0 3923 28
0 3924 28
0 3925 28
0 3926 28
0 3927 28
0 3928 28
0 3929 28
0 3930 28
0 3931 28
0 3932 28
0 3933 28
0 3934 28
0 3935 28
0 3936 28
0 3937 28
0 3938 28
0 3939 28
0 3940 28
0 3941 28
0 3942 28
0 3943 28
0 3944 28
0 3945 28
0 3946 28
0 3947 28
0 3948 28
0 3949 28
0 3950 28
0 3951 28
0 3952 28
0 3953 28
0 3954 28
0 3955 28
0 3956 28
0 3957 28
0 3958 28
0 3959 28
0 3960 28
0 3961 28
0 3962 28
0 3963 28
0 3964 28
0 3965 28
0 3966 28
0 3967 28
0 3968 28
0 3969 28
0 3970 28
0 3971 28
0 3972 28
0 3973 28
0 3974 28
0 3975 28
0 3976 28
0 3977 28
0 3978 27
0 3979 28
0 3980 28
0 3981 28
0 3982 28
0 3983 28
0 3984 28
0 3985 28
0 3986 28
0 3987 28
0 3988 28
0 3989 28
0 3990 28
0 3991 28
0 3992 28
0 3993 28
0 3994 28
0 3995 28
0 3996 28
0 3997 28
0 3998 28
0 3999 28
0 4000 28
0 4001 28
0 4002 28
0 4003 28
0 4004 28
0 4005 28
0 4006 28
0 4007 28
0 4008 28
0 4009 28
0 4010 28
0 4011 29
0 4012 28
0 4013 28
0 4014 28
0 4015 28
0 4016 28
0 4017 28
0 4018 28
0 4019 28
0 4020 28
0 4021 28
0 4022 28
0 4023 28
0 4024 28
0 4025 28
0 4026 29
0 4027 29
0 4028 28
0 4029 28
0 4030 28
0 4031 28
0 4032 28
0 4033 28
0 4034 28
0 4035 28
0 4036 28
0 4037 28
0 4038 28
0 4039 28
0 4040 28
0 4041 28
0 4042 29
0 4043 29
0 4044 29
0 4045 29
0 4046 28
0 4047 28
0 4048 28
0 4049 28
0 4050 28
0 4051 28
0 4052 28
0 4053 28
0 4054 28
0 4055 29
0 4056 28
0 4057 28
0 4058 28
0 4059 28
0 4060 28
0 4061 28
0 4062 28
0 4063 28
0 4064 28
0 4065 28
0 4066 29
0 4067 28
0 4068 28
0 4069 28
0 4070 28
0 4071 28
0 4072 28
0 4073 29
0 4074 29
0 4075 28
0 4076 28
0 4077 28
0 4078 28
0 4079 28
0 4080 28
0 4081 29
0 4082 28
0 4083 28
0 4084 28
0 4085 28
0 4086 28
0 4087 28
0 4088 28
0 4089 29
0 4090 28
0 4091 29
0 4092 29
0 4093 28
0 4094 28
0 4095 28
0 4096 29
0 4097 28
0 4098 28
0 4099 28
0 4100 28
0 4101 29
0 4102 28
0 4103 28
0 4104 28
0 4105 28
0 4106 28
0 4107 28
0 4108 28
0 4109 28
0 4110 28
0 4111 28
0 4112 28
0 4113 29
0 4114 29
0 4115 29
0 4116 28
0 4117 28
0 4118 28
0 4119 28
0 4120 28
0 4121 29
0 4122 28
0 4123 28
0 4124 29
0 4125 29
0 4126 28
0 4127 28
0 4128 28
0 4129 28
0 4130 28
0 4131 28
0 4132 28
0 4133 28
0 4134 28
0 4135 28
0 4136 28
0 4137 28
0 4138 29
0 4139 28
0 4140 28
0 4141 28
0 4142 29
0 4143 28
0 4144 29
0 4145 28
0 4146 28
0 4147 28
0 4148 28
0 4149 28
0 4150 28
0 4151 28
0 4152 28
0 4153 28
0 4154 28
0 4155 28
0 4156 28
0 4157 28
0 4158 29
0 4159 28
0 4160 28
0 4161 28
0 4162 29
0 4163 29
0 4164 29
0 4165 28
0 4166 29
0 4167 28
0 4168 28
0 4169 28
0 4170 28
0 4171 28
0 4172 28
0 4173 29
0 4174 28
0 4175 28
0 4176 28
0 4177 28
0 4178 28
0 4179 28
0 4180 28
0 4181 28
0 4182 28
0 4183 28
0 4184 28
0 4185 28
0 4186 28
0 4187 28
0 4188 29
0 4189 29
0 4190 28
0 4191 28
0 4192 28
0 4193 29
0 4194 28
0 4195 28
0 4196 28
0 4197 28
0 4198 28
0 4199 28
0 4200 28
0 4201 29
0 4202 28
0 4203 28
0 4204 28
0 4205 28
0 4206 28
0 4207 29
0 4208 28
0 4209 28
0 4210 28
0 4211 28
0 4212 28
0 4213 28
0 4214 29
0 4215 29
0 4216 28
0 4217 28
0 4218 29
0 4219 28
0 4220 28
0 4221 28
0 4222 28
0 4223 29
0 4224 29
0 4225 28
0 4226 28
0 4227 28
0 4228 28
0 4229 28
0 4230 28
0 4231 28
0 4232 28
0 4233 28
0 4234 28
0 4235 29
0 4236 28
0 4237 28
0 4238 29
0 4239 28
0 4240 28
0 4241 28
0 4242 29
0 4243 29
0 4244 29
0 4245 28
0 4246 28
0 4247 28
0 4248 28
0 4249 28
0 4250 28
0 4251 28
0 4252 28
0 4253 28
0 4254 28
0 4255 29
0 4256 28
0 4257 28
0 4258 29
0 4259 28
0 4260 28
0 4261 28
0 4262 28
0 4263 29
0 4264 28
0 4265 28
0 4266 28
0 4267 28
0 4268 28
0 4269 28
0 4270 28
0 4271 28
0 4272 28
0 4273 28
0 4274 28
0 4275 28
0 4276 28
0 4277 28
0 4278 28
0 4279 28
0 4280 29
0 4281 29
0 4282 28
0 4283 28
0 4284 28
0 4285 28
0 4286 28
0 4287 29
0 4288 28
0 4289 28
0 4290 28
0 4291 28
0 4292 28
0 4293 29
0 4294 28
0 4295 28
0 4296 28
0 4297 29
0 4298 28
0 4299 28
0 4300 28
0 4301 29
0 4302 28
0 4303 28
0 4304 28
0 4305 28
0 4306 28
0 4307 29
0 4308 28
0 4309 28
0 4310 28
0 4311 28
0 4312 28
0 4313 28
0 4314 28
0 4315 29
0 4316 28
0 4317 28
0 4318 29
0 4319 28
0 4320 28
0 4321 28
0 4322 29
0 4323 28
0 4324 28
0 4325 28
0 4326 28
0 4327 28
0 4328 28
0 4329 28
0 4330 28
0 4331 28
0 4332 28
0 4333 28
0 4334 28
0 4335 28
0 4336 28
0 4337 28
0 4338 29
0 4339 28
0 4340 28
0 4341 28
0 4342 28
0 4343 29
0 4344 29
0 4345 29
0 4346 28
0 4347 28
0 4348 28
0 4349 28
0 4350 28
0 4351 28
0 4352 28
0 4353 28
0 4354 28
0 4355 28
0 4356 28
0 4357 28
0 4358 28
0 4359 28
0 4360 28
0 4361 28
0 4362 29
0 4363 28
0 4364 28
0 4365 28
0 4366 28
0 4367 28
0 4368 28
0 4369 28
0 4370 28
0 4371 28
0 4372 28
0 4373 28
0 4374 29
0 4375 29
0 4376 28
0 4377 28
0 4378 28
0 4379 28
0 4380 28
0 4381 29
0 4382 28
0 4383 28
0 4384 28
0 4385 28
0 4386 29
0 4387 28
0 4388 28
0 4389 28
0 4390 28
0 4391 28
0 4392 28
0 4393 29
0 4394 29
0 4395 28
0 4396 28
0 4397 28
0 4398 28
0 4399 28
0 4400 28
0 4401 29
0 4402 28
0 4403 28
0 4404 28
0 4405 28
0 4406 28
0 4407 28
0 4408 28
0 4409 28
0 4410 28
0 4411 28
0 4412 28
0 4413 28
0 4414 28
0 4415 29
0 4416 28
0 4417 28
0 4418 29
0 4419 28
0 4420 28
0 4421 28
0 4422 29
0 4423 28
0 4424 29
0 4425 28
0 4426 28
0 4427 28
0 4428 28
0 4429 28
0 4430 28
0 4431 28
0 4432 28
0 4433 28
0 4434 28
0 4435 28
0 4436 28
0 4437 28
0 4438 29
0 4439 28
0 4440 28
0 4441 28
0 4442 29
0 4443 28
0 4444 29
0 4445 29
0 4446 28
0 4447 28
0 4448 28
0 4449 28
0 4450 28
0 4451 28
0 4452 28
0 4453 28
0 4454 28
0 4455 28
0 4456 28
0 4457 28
0 4458 28
0 4459 28
0 4460 28
0 4461 28
0 4462 29
0 4463 28
0 4464 28
0 4465 29
0 4466 28
0 4467 28
0 4468 28
0 4469 28
0 4470 28
0 4471 28
0 4472 28
0 4473 29
0 4474 28
0 4475 28
0 4476 28
0 4477 28
0 4478 28
0 4479 28
0 4480 28
0 4481 29
0 4482 28
0 4483 28
0 4484 28
0 4485 28
0 4486 28
0 4487 29
0 4488 28
0 4489 28
0 4490 28
0 4491 28
0 4492 28
0 4493 29
0 4494 29
0 4495 28
0 4496 28
0 4497 28
0 4498 28
0 4499 28
0 4500 28
0 4501 28
0 4502 28
0 4503 28
0 4504 28
0 4505 28
0 4506 28
0 4507 28
0 4508 28
0 4509 28
0 4510 28
0 4511 28
0 4512 29
0 4513 29
0 4514 28
0 4515 29
0 4516 28
0 4517 28
0 4518 28
0 4519 28
0 4520 28
0 4521 28
0 4522 28
0 4523 28
0 4524 28
0 4525 28
0 4526 28
0 4527 28
0 4528 28
0 4529 28
0 4530 28
0 4531 28
0 4532 28
0 4533 28
0 4534 28
0 4535 28
0 4536 28
0 4537 28
0 4538 28
0 4539 28
0 4540 28
0 4541 28
0 4542 28
0 4543 28
0 4544 29
0 4545 28
0 4546 28
0 4547 28
0 4548 28
0 4549 28
0 4550 28
0 4551 28
0 4552 28
0 4553 28
0 4554 28
0 4555 29
0 4556 28
0 4557 28
0 4558 28
0 4559 28
0 4560 28
0 4561 29
0 4562 28
0 4563 29
0 4564 29
0 4565 28
0 4566 28
0 4567 28
0 4568 28
0 4569 28
0 4570 28
0 4571 28
0 4572 28
0 4573 28
0 4574 28
0 4575 29
0 4576 28
0 4577 28
0 4578 28
0 4579 28
0 4580 29
0 4581 28
0 4582 29
0 4583 29
0 4584 29
0 4585 29
0 4586 28
0 4587 28
0 4588 28
0 4589 28
0 4590 28
0 4591 28
0 4592 28
0 4593 28
0 4594 28
0 4595 29
0 4596 28
0 4597 28
0 4598 28
0 4599 28
0 4600 28
0 4601 29
0 4602 28
0 4603 29
0 4604 29
0 4605 28
0 4606 28
0 4607 28
0 4608 28
0 4609 28
0 4610 28
0 4611 28
0 4612 28
0 4613 28
0 4614 28
0 4615 28
0 4616 28
0 4617 28
0 4618 28
0 4619 28
0 4620 28
0 4621 29
0 4622 28
0 4623 28
0 4624 28
0 4625 28
0 4626 28
0 4627 28
0 4628 28
0 4629 28
0 4630 28
0 4631 28
0 4632 28
0 4633 28
0 4634 28
0 4635 28
0 4636 28
0 4637 28
0 4638 28
0 4639 28
0 4640 28
0 4641 28
0 4642 28
0 4643 28
0 4644 28
0 4645 28
0 4646 28
0 4647 28
0 4648 28
0 4649 28
0 4650 28
0 4651 28
0 4652 28
0 4653 28
0 4654 28
0 4655 28
0 4656 28
0 4657 28
0 4658 28
0 4659 28
0 4660 28
0 4661 29
0 4662 28
0 4663 29
0 4664 29
0 4665 29
0 4666 28
0 4667 28
0 4668 28
0 4669 28
0 4670 28
0 4671 28
0 4672 28
0 4673 28
0 4674 28
0 4675 29
0 4676 28
0 4677 28
0 4678 28
0 4679 28
0 4680 28
0 4681 29
0 4682 29
0 4683 29
0 4684 29
0 4685 29
0 4686 28
0 4687 28
0 4688 28
0 4689 28
0 4690 28
0 4691 28
0 4692 28
0 4693 28
0 4694 28
0 4695 28
0 4696 28
0 4697 28
0 4698 28
0 4699 28
0 4700 28
0 4701 28
0 4702 28
0 4703 29
0 4704 28
0 4705 28
0 4706 28
0 4707 28
0 4708 28
0 4709 28
0 4710 28
0 4711 28
0 4712 28
0 4713 28
0 4714 28
0 4715 28
0 4716 28
0 4717 28
0 4718 28
0 4719 28
0 4720 28
0 4721 28
0 4722 28
0 4723 28
0 4724 28
0 4725 28
0 4726 28
0 4727 28
0 4728 28
0 4729 28
0 4730 28
0 4731 28
0 4732 28
0 4733 28
0 4734 28
0 4735 28
0 4736 28
0 4737 28
0 4738 28
0 4739 28
0 4740 28
0 4741 28
0 4742 28
0 4743 28
0 4744 28
0 4745 28
0 4746 28
0 4747 28
0 4748 28
0 4749 28
0 4750 28
0 4751 28
0 4752 28
0 4753 28
0 4754 28
0 4755 28
0 4756 28
0 4757 28
0 4758 28
0 4759 28
0 4760 28
0 4761 29
0 4762 28
0 4763 29
0 4764 28
0 4765 28
0 4766 28
0 4767 28
0 4768 28
0 4769 28
0 4770 28
0 4771 28
0 4772 28
0 4773 28
0 4774 28
0 4775 28
0 4776 28
0 4777 28
0 4778 28
0 4779 28
0 4780 28
0 4781 29
0 4782 29
0 4783 29
0 4784 29
0 4785 29
0 4786 28
0 4787 28
0 4788 28
0 4789 28
0 4790 28
0 4791 28
0 4792 28
0 4793 28
0 4794 28
0 4795 28
0 4796 28
0 4797 28
0 4798 28
0 4799 28
0 4800 28
0 4801 29
0 4802 28
0 4803 28
0 4804 28
0 4805 28
0 4806 28
0 4807 28
0 4808 28
0 4809 28
0 4810 28
0 4811 28
0 4812 28
0 4813 28
0 4814 28
0 4815 28
0 4816 28
0 4817 28
0 4818 28
0 4819 28
0 4820 28
0 4821 28
0 4822 28
0 4823 28
0 4824 28
0 4825 28
0 4826 28
0 4827 28
0 4828 28
0 4829 28
0 4830 28
0 4831 28
0 4832 28
0 4833 28
0 4834 28
0 4835 28
0 4836 28
0 4837 28
0 4838 28
0 4839 28
0 4840 28
0 4841 28
0 4842 28
0 4843 28
0 4844 28
0 4845 28
0 4846 28
0 4847 28
0 4848 28
0 4849 28
0 4850 28
0 4851 28
0 4852 28
0 4853 28
0 4854 28
0 4855 28
0 4856 28
0 4857 28
0 4858 28
0 4859 28
0 4860 28
0 4861 29
0 4862 29
0 4863 29
0 4864 29
0 4865 28
0 4866 28
0 4867 28
0 4868 28
0 4869 28
0 4870 28
0 4871 28
0 4872 28
0 4873 28
0 4874 28
0 4875 29
0 4876 28
0 4877 28
0 4878 28
0 4879 28
0 4880 28
0 4881 29
0 4882 29
0 4883 28
0 4884 29
0 4885 28
0 4886 28
0 4887 28
0 4888 28
0 4889 28
0 4890 28
0 4891 28
0 4892 28
0 4893 28
0 4894 28
0 4895 28
0 4896 28
0 4897 28
0 4898 28
0 4899 28
0 4900 28
0 4901 28
0 4902 28
0 4903 28
0 4904 28
0 4905 28
0 4906 28
0 4907 28
0 4908 28
0 4909 28
0 4910 28
0 4911 28
0 4912 28
0 4913 28
0 4914 28
0 4915 28
0 4916 28
0 4917 28
0 4918 28
0 4919 28
0 4920 28
0 4921 28
0 4922 28
0 4923 28
0 4924 28
0 4925 28
0 4926 28
0 4927 28
0 4928 28
0 4929 28
0 4930 28
0 4931 28
0 4932 28
0 4933 28
0 4934 28
0 4935 28
0 4936 28
0 4937 28
0 4938 28
0 4939 28
0 4940 28
0 4941 28
0 4942 28
0 4943 28
0 4944 28
0 4945 28
0 4946 28
0 4947 28
0 4948 28
0 4949 28
0 4950 28
0 4951 28
0 4952 28
0 4953 28
0 4954 28
0 4955 28
0 4956 28
0 4957 28
0 4958 28
0 4959 28
0 4960 28
0 4961 29
0 4962 28
0 4963 28
0 4964 29
0 4965 28
0 4966 28
0 4967 28
0 4968 28
0 4969 28
0 4970 28
0 4971 28
0 4972 28
0 4973 28
0 4974 28
0 4975 28
0 4976 28
0 4977 28
0 4978 28
0 4979 28
0 4980 28
0 4981 29
0 4982 29
0 4983 29
0 4984 29
0 4985 28
0 4986 28
0 4987 28
0 4988 28
0 4989 28
0 4990 28
0 4991 28
0 4992 28
0 4993 28
0 4994 28
0 4995 28
0 4996 28
0 4997 28
0 4998 28
0 4999 28
0 5000 28
0 5001 28
0 5002 28
0 5003 28
0 5004 29
0 5005 30
0 5006 29
0 5007 29
0 5008 30
0 5009 30
0 5010 30
0 5011 29
0 5012 29
0 5013 28
0 5014 28
0 5015 28
0 5016 29
0 5017 29
0 5018 30
0 5019 30
0 5020 29
0 5021 29
0 5022 28
0 5023 28
0 5024 28
0 5025 28
0 5026 28
0 5027 29
0 5028 29
0 5029 29
0 5030 29
0 5031 29
0 5032 29
0 5033 29
0 5034 29
0 5035 28
0 5036 29
0 5037 29
0 5038 31
0 5039 30
0 5040 29
0 5041 29
0 5042 29
0 5043 28
0 5044 28
0 5045 28
0 5046 28
0 5047 28
0 5048 29
0 5049 29
0 5050 29
0 5051 29
0 5052 29
0 5053 29
0 5054 28
0 5055 28
0 5056 29
0 5057 29
0 5058 30
0 5059 30
0 5060 29
0 5061 29
0 5062 28
0 5063 28
0 5064 28
0 5065 28
0 5066 28
0 5067 28
0 5068 28
0 5069 29
0 5070 29
0 5071 29
0 5072 28
0 5073 28
0 5074 28
0 5075 28
0 5076 29
0 5077 29
0 5078 29
0 5079 30
0 5080 28
0 5081 28
0 5082 28
0 5083 28
0 5084 28
0 5085 28
0 5086 28
0 5087 28
0 5088 29
0 5089 29
0 5090 29
0 5091 29
0 5092 29
0 5093 29
0 5094 28
0 5095 28
0 5096 29
0 5097 29
0 5098 30
0 5099 30
0 5100 29
0 5101 29
0 5102 28
0 5103 28
0 5104 28
0 5105 28
0 5106 29
0 5107 29
0 5108 29
0 5109 29
0 5110 29
0 5111 29
0 5112 29
0 5113 29
0 5114 29
0 5115 29
0 5116 29
0 5117 29
0 5118 30
0 5119 30
0 5120 29
0 5121 29
0 5122 28
0 5123 29
0 5124 28
0 5125 29
0 5126 29
0 5127 29
0 5128 29
0 5129 29
0 5130 29
0 5131 29
0 5132 29
0 5133 29
0 5134 29
0 5135 29
0 5136 29
0 5137 29
0 5138 30
0 5139 30
0 5140 29
0 5141 29
0 5142 28
0 5143 28
0 5144 28
0 5145 28
0 5146 28
0 5147 28
0 5148 29
0 5149 29
0 5150 29
0 5151 29
0 5152 29
0 5153 29
0 5154 29
0 5155 28
0 5156 29
0 5157 29
0 5158 29
0 5159 30
0 5160 28
0 5161 29
0 5162 28
0 5163 28
0 5164 28
0 5165 28
0 5166 28
0 5167 28
0 5168 28
0 5169 29
0 5170 29
0 5171 29
0 5172 28
0 5173 28
0 5174 28
0 5175 28
0 5176 28
0 5177 28
0 5178 29
0 5179 29
0 5180 29
0 5181 29
0 5182 28
0 5183 28
0 5184 28
0 5185 28
0 5186 28
0 5187 28
0 5188 29
0 5189 29
0 5190 29
0 5191 29
0 5192 29
0 5193 29
0 5194 28
0 5195 28
0 5196 29
0 5197 29
0 5198 31
0 5199 30
0 5200 29
0 5201 29
0 5202 28
0 5203 28
0 5204 28
0 5205 28
0 5206 28
0 5207 29
0 5208 29
0 5209 29
0 5210 29
0 5211 29
0 5212 29
0 5213 29
0 5214 29
0 5215 29
0 5216 29
0 5217 29
0 5218 31
0 5219 30
0 5220 29
0 5221 29
0 5222 28
0 5223 28
0 5224 28
0 5225 28
0 5226 29
0 5227 29
0 5228 29
0 5229 29
0 5230 29
0 5231 29
0 5232 29
0 5233 29
0 5234 29
0 5235 29
0 5236 29
0 5237 29
0 5238 30
0 5239 30
0 5240 29
0 5241 29
0 5242 28
0 5243 28
0 5244 28
0 5245 28
0 5246 28
0 5247 28
0 5248 29
0 5249 29
0 5250 29
0 5251 29
0 5252 29
0 5253 29
0 5254 29
0 5255 28
0 5256 29
0 5257 29
0 5258 29
0 5259 30
0 5260 29
0 5261 29
0 5262 28
0 5263 28
0 5264 28
0 5265 28
0 5266 28
0 5267 28
0 5268 29
0 5269 29
0 5270 29
0 5271 29
0 5272 28
0 5273 28
0 5274 28
0 5275 28
0 5276 29
0 5277 29
0 5278 29
0 5279 30
0 5280 29
0 5281 29
0 5282 28
0 5283 28
0 5284 28
0 5285 28
0 5286 28
0 5287 28
0 5288 29
0 5289 29
0 5290 29
0 5291 29
0 5292 29
0 5293 29
0 5294 29
0 5295 28
0 5296 29
0 5297 29
0 5298 30
0 5299 30
0 5300 29
0 5301 29
0 5302 28
0 5303 28
0 5304 28
0 5305 28
0 5306 28
0 5307 29
0 5308 29
0 5309 29
0 5310 29
0 5311 29
0 5312 29
0 5313 29
0 5314 29
0 5315 29
0 5316 29
0 5317 29
0 5318 31
0 5319 30
0 5320 29
0 5321 30
0 5322 29
0 5323 29
0 5324 29
0 5325 29
0 5326 29
0 5327 29
0 5328 29
0 5329 29
0 5330 29
0 5331 29
0 5332 29
0 5333 29
0 5334 29
0 5335 29
0 5336 29
0 5337 29
0 5338 30
0 5339 30
0 5340 29
0 5341 29
0 5342 28
0 5343 28
0 5344 28
0 5345 28
0 5346 28
0 5347 29
0 5348 29
0 5349 29
0 5350 29
0 5351 29
0 5352 29
0 5353 29
0 5354 29
0 5355 28
0 5356 29
0 5357 29
0 5358 30
0 5359 30
0 5360 29
0 5361 29
0 5362 28
0 5363 28
0 5364 28
0 5365 28
0 5366 28
0 5367 28
0 5368 29
0 5369 29
0 5370 29
0 5371 29
0 5372 29
0 5373 29
0 5374 28
0 5375 28
0 5376 29
0 5377 29
0 5378 30
0 5379 30
0 5380 29
0 5381 29
0 5382 28
0 5383 28
0 5384 28
0 5385 28
0 5386 28
0 5387 29
0 5388 29
0 5389 29
0 5390 29
0 5391 29
0 5392 29
0 5393 29
0 5394 29
0 5395 29
0 5396 29
0 5397 29
0 5398 30
0 5399 30
0 5400 29
0 5401 29
0 5402 29
0 5403 28
0 5404 29
0 5405 29
0 5406 29
0 5407 29
0 5408 29
0 5409 29
0 5410 29
0 5411 29
0 5412 29
0 5413 29
0 5414 29
0 5415 29
0 5416 29
0 5417 29
0 5418 30
0 5419 30
0 5420 30
0 5421 29
0 5422 28
0 5423 29
0 5424 29
0 5425 29
0 5426 29
0 5427 29
0 5428 29
0 5429 29
0 5430 30
0 5431 29
0 5432 29
0 5433 29
0 5434 29
0 5435 29
0 5436 30
0 5437 30
0 5438 31
0 5439 30
0 5440 29
0 5441 29
0 5442 29
0 5443 28
0 5444 29
0 5445 28
0 5446 28
0 5447 29
0 5448 29
0 5449 29
0 5450 29
0 5451 29
0 5452 29
0 5453 29
0 5454 29
0 5455 28
0 5456 29
0 5457 29
0 5458 30
0 5459 30
0 5460 29
0 5461 29
0 5462 28
0 5463 28
0 5464 28
0 5465 28
0 5466 28
0 5467 28
0 5468 29
0 5469 29
0 5470 29
0 5471 29
0 5472 29
0 5473 29
0 5474 29
0 5475 28
0 5476 29
0 5477 29
0 5478 31
0 5479 30
0 5480 29
0 5481 29
0 5482 28
0 5483 28
0 5484 28
0 5485 28
0 5486 28
0 5487 29
0 5488 29
0 5489 29
0 5490 29
0 5491 29
0 5492 29
0 5493 29
0 5494 29
0 5495 28
0 5496 29
0 5497 29
0 5498 30
0 5499 30
0 5500 30
0 5501 30
0 5502 30
0 5503 29
0 5504 27
0 5505 26
0 5506 26
0 5507 26
0 5508 27
0 5509 27
0 5510 28
0 5511 29
0 5512 28
0 5513 30
0 5514 30
0 5515 30
0 5516 28
0 5517 28
0 5518 27
0 5519 27
0 5520 28
0 5521 28
0 5522 29
0 5523 30
0 5524 29
0 5525 29
0 5526 29
0 5527 29
0 5528 29
0 5529 29
0 5530 28
0 5531 29
0 5532 29
0 5533 29
0 5534 29
0 5535 29
0 5536 27
0 5537 26
0 5538 27
0 5539 26
0 5540 28
0 5541 28
0 5542 29
0 5543 30
0 5544 30
0 5545 30
0 5546 30
0 5547 30
0 5548 30
0 5549 29
0 5550 29
0 5551 29
0 5552 29
0 5553 29
0 5554 30
0 5555 30
0 5556 29
0 5557 29
0 5558 28
0 5559 29
0 5560 29
0 5561 29
0 5562 30
0 5563 30
0 5564 30
0 5565 30
0 5566 30
0 5567 29
0 5568 30
0 5569 30
0 5570 29
0 5571 29
0 5572 30
0 5573 29
0 5574 30
0 5575 30
0 5576 30
0 5577 29
0 5578 27
0 5579 27
0 5580 29
0 5581 28
0 5582 30
0 5583 30
0 5584 30
0 5585 30
0 5586 29
0 5587 30
0 5588 29
0 5589 29
0 5590 29
0 5591 29
0 5592 29
0 5593 29
0 5594 29
0 5595 29
0 5596 27
0 5597 28
0 5598 27
0 5599 27
0 5600 28
0 5601 29
0 5602 29
0 5603 30
0 5604 29
0 5605 29
0 5606 29
0 5607 29
0 5608 29
0 5609 29
0 5610 28
0 5611 29
0 5612 29
0 5613 29
0 5614 29
0 5615 29
0 5616 28
0 5617 27
0 5618 26
0 5619 26
0 5620 28
0 5621 29
0 5622 28
0 5623 29
0 5624 29
0 5625 30
0 5626 29
0 5627 29
0 5628 29
0 5629 29
0 5630 28
0 5631 28
0 5632 29
0 5633 29
0 5634 29
0 5635 29
0 5636 27
0 5637 28
0 5638 26
0 5639 27
0 5640 29
0 5641 28
0 5642 29
0 5643 29
0 5644 29
0 5645 29
0 5646 30
0 5647 29
0 5648 29
0 5649 29
0 5650 29
0 5651 29
0 5652 29
0 5653 29
0 5654 30
0 5655 30
0 5656 29
0 5657 28
0 5658 27
0 5659 28
0 5660 29
0 5661 29
0 5662 30
0 5663 30
0 5664 30
0 5665 30
0 5666 30
0 5667 30
0 5668 30
0 5669 29
0 5670 29
0 5671 29
0 5672 29
0 5673 29
0 5674 29
0 5675 30
0 5676 29
0 5677 29
0 5678 27
0 5679 28
0 5680 29
0 5681 28
0 5682 30
0 5683 29
0 5684 29
0 5685 29
0 5686 30
0 5687 29
0 5688 29
0 5689 29
0 5690 28
0 5691 29
0 5692 29
0 5693 29
0 5694 29
0 5695 29
0 5696 28
0 5697 26
0 5698 27
0 5699 27
0 5700 28
0 5701 28
0 5702 30
0 5703 29
0 5704 29
0 5705 30
0 5706 29
0 5707 29
0 5708 29
0 5709 28
0 5710 27
0 5711 28
0 5712 28
0 5713 29
0 5714 29
0 5715 29
0 5716 27
0 5717 28
0 5718 26
0 5719 27
0 5720 27
0 5721 29
0 5722 29
0 5723 30
0 5724 29
0 5725 29
0 5726 30
0 5727 29
0 5728 29
0 5729 27
0 5730 27
0 5731 27
0 5732 28
0 5733 29
0 5734 29
0 5735 29
0 5736 29
0 5737 28
0 5738 26
0 5739 27
0 5740 28
0 5741 28
0 5742 30
0 5743 29
0 5744 29
0 5745 29
0 5746 29
0 5747 30
0 5748 29
0 5749 29
0 5750 29
0 5751 29
0 5752 29
0 5753 29
0 5754 30
0 5755 30
0 5756 29
0 5757 28
0 5758 26
0 5759 28
0 5760 28
0 5761 28
0 5762 29
0 5763 29
0 5764 29
0 5765 30
0 5766 29
0 5767 29
0 5768 30
0 5769 29
0 5770 29
0 5771 29
0 5772 29
0 5773 28
0 5774 29
0 5775 29
0 5776 29
0 5777 28
0 5778 26
0 5779 27
0 5780 28
0 5781 28
0 5782 30
0 5783 30
0 5784 30
0 5785 30
0 5786 30
0 5787 30
0 5788 29
0 5789 29
0 5790 28
0 5791 29
0 5792 29
0 5793 29
0 5794 29
0 5795 29
0 5796 27
0 5797 27
0 5798 26
0 5799 27
0 5800 27
0 5801 28
0 5802 29
0 5803 30
0 5804 29
0 5805 30
0 5806 29
0 5807 29
0 5808 28
0 5809 27
0 5810 27
0 5811 27
0 5812 28
0 5813 29
0 5814 29
0 5815 29
0 5816 27
0 5817 26
0 5818 27
0 5819 26
0 5820 28
0 5821 28
0 5822 29
0 5823 30
0 5824 29
0 5825 29
0 5826 29
0 5827 28
0 5828 28
0 5829 27
0 5830 27
0 5831 28
0 5832 28
0 5833 29
0 5834 29
0 5835 29
0 5836 27
0 5837 28
0 5838 27
0 5839 27
0 5840 29
0 5841 28
0 5842 31
0 5843 29
0 5844 29
0 5845 29
0 5846 30
0 5847 29
0 5848 29
0 5849 28
0 5850 29
0 5851 28
0 5852 29
0 5853 29
0 5854 29
0 5855 29
0 5856 29
0 5857 28
0 5858 26
0 5859 27
0 5860 28
0 5861 28
0 5862 30
0 5863 30
0 5864 30
0 5865 30
0 5866 29
0 5867 30
0 5868 30
0 5869 29
0 5870 29
0 5871 29
0 5872 29
0 5873 29
0 5874 29
0 5875 29
0 5876 27
0 5877 28
0 5878 26
0 5879 28
0 5880 29
0 5881 28
0 5882 30
0 5883 29
0 5884 29
0 5885 29
0 5886 30
0 5887 29
0 5888 29
0 5889 27
0 5890 27
0 5891 27
0 5892 28
0 5893 29
0 5894 29
0 5895 29
0 5896 27
0 5897 26
0 5898 27
0 5899 26
0 5900 27
0 5901 28
0 5902 29
0 5903 30
0 5904 29
0 5905 29
0 5906 29
0 5907 29
0 5908 29
0 5909 27
0 5910 27
0 5911 27
0 5912 28
0 5913 28
0 5914 28
0 5915 29
0 5916 27
0 5917 27
0 5918 27
0 5919 27
0 5920 28
0 5921 28
0 5922 29
0 5923 30
0 5924 29
0 5925 29
0 5926 29
0 5927 29
0 5928 29
0 5929 27
0 5930 27
0 5931 27
0 5932 29
0 5933 29
0 5934 29
0 5935 29
0 5936 29
0 5937 27
0 5938 26
0 5939 27
0 5940 28
0 5941 29
0 5942 29
0 5943 29
0 5944 29
0 5945 29
0 5946 30
0 5947 29
0 5948 29
0 5949 29
0 5950 28
0 5951 29
0 5952 29
0 5953 29
0 5954 29
0 5955 29
0 5956 27
0 5957 29
0 5958 26
0 5959 28
0 5960 29
0 5961 29
0 5962 30
0 5963 30
0 5964 30
0 5965 30
0 5966 29
0 5967 29
0 5968 30
0 5969 29
0 5970 29
0 5971 29
0 5972 29
0 5973 29
0 5974 29
0 5975 29
0 5976 29
0 5977 28
0 5978 26
0 5979 27
0 5980 28
0 5981 29
0 5982 29
0 5983 29
0 5984 29
0 5985 30
0 5986 29
0 5987 29
0 5988 29
0 5989 29
0 5990 29
0 5991 29
0 5992 29
0 5993 29
0 5994 29
0 5995 30
0 5996 27
0 5997 27
0 5998 27
0 5999 27
0 6000 27
0 6001 29
0 6002 26
0 6003 27
0 6004 28
0 6005 28
0 6006 30
0 6007 30
0 6008 28
0 6009 28
0 6010 28
0 6011 26
0 6012 27
0 6013 27
0 6014 27
0 6015 27
0 6016 27
0 6017 27
0 6018 30
0 6019 28
0 6020 28
0 6021 28
0 6022 26
0 6023 26
0 6024 26
0 6025 26
0 6026 26
0 6027 26
0 6028 26
0 6029 26
0 6030 27
0 6031 26
0 6032 26
0 6033 26
0 6034 26
0 6035 27
0 6036 28
0 6037 30
0 6038 28
0 6039 28
0 6040 27
0 6041 27
0 6042 27
0 6043 27
0 6044 27
0 6045 27
0 6046 27
0 6047 26
0 6048 26
0 6049 26
0 6050 26
0 6051 26
0 6052 27
0 6053 27
0 6054 27
0 6055 27
0 6056 26
0 6057 26
0 6058 28
0 6059 27
0 6060 27
0 6061 28
0 6062 27
0 6063 27
0 6064 27
0 6065 27
0 6066 27
0 6067 26
0 6068 26
0 6069 26
0 6070 26
0 6071 26
0 6072 27
0 6073 26
0 6074 26
0 6075 27
0 6076 27
0 6077 26
0 6078 28
0 6079 28
0 6080 26
0 6081 28
0 6082 26
0 6083 26
0 6084 27
0 6085 26
0 6086 26
0 6087 26
0 6088 26
0 6089 26
0 6090 28
0 6091 28
0 6092 28
0 6093 27
0 6094 26
0 6095 26
0 6096 30
0 6097 30
0 6098 30
0 6099 28
0 6100 28
0 6101 27
0 6102 26
0 6103 26
0 6104 26
0 6105 26
0 6106 26
0 6107 26
0 6108 28
0 6109 28
0 6110 28
0 6111 28
0 6112 27
0 6113 27
0 6114 28
0 6115 26
0 6116 28
0 6117 30
0 6118 28
0 6119 30
0 6120 28
0 6121 27
0 6122 26
0 6123 27
0 6124 27
0 6125 26
0 6126 26
0 6127 26
0 6128 26
0 6129 26
0 6130 27
0 6131 26
0 6132 26
0 6133 26
0 6134 27
0 6135 27
0 6136 26
0 6137 26
0 6138 30
0 6139 28
0 6140 26
0 6141 27
0 6142 27
0 6143 28
0 6144 27
0 6145 27
0 6146 26
0 6147 26
0 6148 26
0 6149 26
0 6150 26
0 6151 26
0 6152 27
0 6153 27
0 6154 27
0 6155 27
0 6156 26
0 6157 26
0 6158 27
0 6159 27
0 6160 26
0 6161 27
0 6162 27
0 6163 27
0 6164 28
0 6165 27
0 6166 27
0 6167 26
0 6168 26
0 6169 26
0 6170 26
0 6171 26
0 6172 26
0 6173 26
0 6174 26
0 6175 27
0 6176 26
0 6177 26
0 6178 30
0 6179 28
0 6180 28
0 6181 28
0 6182 27
0 6183 27
0 6184 27
0 6185 26
0 6186 26
0 6187 26
0 6188 26
0 6189 27
0 6190 28
0 6191 27
0 6192 27
0 6193 26
0 6194 27
0 6195 26
0 6196 30
0 6197 30
0 6198 28
0 6199 30
0 6200 27
0 6201 27
0 6202 26
0 6203 26
0 6204 26
0 6205 26
0 6206 26
0 6207 26
0 6208 28
0 6209 28
0 6210 28
0 6211 28
0 6212 28
0 6213 26
0 6214 26
0 6215 26
0 6216 28
0 6217 30
0 6218 30
0 6219 30
0 6220 28
0 6221 28
0 6222 26
0 6223 26
0 6224 26
0 6225 26
0 6226 26
0 6227 26
0 6228 27
0 6229 27
0 6230 27
0 6231 27
0 6232 26
0 6233 26
0 6234 26
0 6235 27
0 6236 28
0 6237 26
0 6238 28
0 6239 27
0 6240 27
0 6241 28
0 6242 26
0 6243 27
0 6244 27
0 6245 27
0 6246 26
0 6247 26
0 6248 26
0 6249 26
0 6250 26
0 6251 26
0 6252 26
0 6253 26
0 6254 26
0 6255 27
0 6256 26
0 6257 26
0 6258 30
0 6259 28
0 6260 26
0 6261 27
0 6262 27
0 6263 27
0 6264 27
0 6265 27
0 6266 27
0 6267 26
0 6268 26
0 6269 26
0 6270 27
0 6271 26
0 6272 26
0 6273 26
0 6274 26
0 6275 26
0 6276 28
0 6277 26
0 6278 28
0 6279 30
0 6280 27
0 6281 28
0 6282 26
0 6283 26
0 6284 26
0 6285 26
0 6286 26
0 6287 26
0 6288 26
0 6289 26
0 6290 28
0 6291 28
0 6292 28
0 6293 28
0 6294 28
0 6295 26
0 6296 28
0 6297 30
0 6298 30
0 6299 30
0 6300 28
0 6301 28
0 6302 26
0 6303 26
0 6304 26
0 6305 26
0 6306 27
0 6307 28
0 6308 28
0 6309 28
0 6310 28
0 6311 28
0 6312 28
0 6313 27
0 6314 26
0 6315 26
0 6316 30
0 6317 30
0 6318 28
0 6319 30
0 6320 28
0 6321 27
0 6322 26
0 6323 26
0 6324 26
0 6325 26
0 6326 26
0 6327 26
0 6328 26
0 6329 26
0 6330 28
0 6331 28
0 6332 26
0 6333 26
0 6334 27
0 6335 26
0 6336 27
0 6337 30
0 6338 30
0 6339 30
0 6340 28
0 6341 28
0 6342 27
0 6343 27
0 6344 27
0 6345 26
0 6346 26
0 6347 26
0 6348 26
0 6349 26
0 6350 26
0 6351 26
0 6352 26
0 6353 26
0 6354 26
0 6355 27
0 6356 27
0 6357 26
0 6358 28
0 6359 28
0 6360 27
0 6361 27
0 6362 26
0 6363 26
0 6364 27
0 6365 27
0 6366 26
0 6367 26
0 6368 26
0 6369 26
0 6370 28
0 6371 28
0 6372 28
0 6373 26
0 6374 26
0 6375 26
0 6376 30
0 6377 30
0 6378 30
0 6379 28
0 6380 28
0 6381 27
0 6382 26
0 6383 26
0 6384 26
0 6385 26
0 6386 26
0 6387 28
0 6388 28
0 6389 28
0 6390 28
0 6391 28
0 6392 28
0 6393 27
0 6394 27
0 6395 26
0 6396 30
0 6397 30
0 6398 30
0 6399 30
0 6400 28
0 6401 27
0 6402 26
0 6403 26
0 6404 27
0 6405 26
0 6406 28
0 6407 28
0 6408 28
0 6409 28
0 6410 28
0 6411 28
0 6412 28
0 6413 27
0 6414 27
0 6415 26
0 6416 30
0 6417 30
0 6418 30
0 6419 30
0 6420 28
0 6421 27
0 6422 26
0 6423 26
0 6424 26
0 6425 26
0 6426 26
0 6427 26
0 6428 27
0 6429 28
0 6430 28
0 6431 28
0 6432 26
0 6433 26
0 6434 26
0 6435 26
0 6436 28
0 6437 30
0 6438 28
0 6439 28
0 6440 27
0 6441 27
0 6442 26
0 6443 27
0 6444 27
0 6445 26
0 6446 26
0 6447 26
0 6448 26
0 6449 26
0 6450 27
0 6451 26
0 6452 26
0 6453 27
0 6454 26
0 6455 27
0 6456 27
0 6457 28
0 6458 30
0 6459 28
0 6460 28
0 6461 27
0 6462 26
0 6463 27
0 6464 27
0 6465 26
0 6466 26
0 6467 26
0 6468 27
0 6469 27
0 6470 27
0 6471 27
0 6472 26
0 6473 26
0 6474 27
0 6475 26
0 6476 28
0 6477 30
0 6478 30
0 6479 30
0 6480 28
0 6481 27
0 6482 26
0 6483 26
0 6484 26
0 6485 26
0 6486 26
0 6487 27
0 6488 28
0 6489 28
0 6490 28
0 6491 28
0 6492 28
0 6493 28
0 6494 28
0 6495 26
0 6496 30
0 6497 30
0 6498 30
0 6499 30
0 6500 28
0 6501 27
0 6502 28
0 6503 30
0 6504 30
0 6505 30
0 6506 29
0 6507 29
0 6508 29
0 6509 29
0 6510 30
0 6511 28
0 6512 28
0 6513 28
0 6514 28
0 6515 28
0 6516 30
0 6517 30
0 6518 30
0 6519 30
0 6520 28
0 6521 28
0 6522 30
0 6523 28
0 6524 28
0 6525 28
0 6526 30
0 6527 30
0 6528 30
0 6529 30
0 6530 30
0 6531 30
0 6532 30
0 6533 30
0 6534 30
0 6535 28
0 6536 30
0 6537 30
0 6538 30
0 6539 30
0 6540 28
0 6541 28
0 6542 28
0 6543 28
0 6544 28
0 6545 28
0 6546 28
0 6547 28
0 6548 28
0 6549 30
0 6550 30
0 6551 30
0 6552 28
0 6553 28
0 6554 28
0 6555 28
0 6556 30
0 6557 30
0 6558 30
0 6559 30
0 6560 28
0 6561 28
0 6562 28
0 6563 28
0 6564 28
0 6565 28
0 6566 28
0 6567 30
0 6568 30
0 6569 30
0 6570 30
0 6571 30
0 6572 30
0 6573 30
0 6574 30
0 6575 28
0 6576 30
0 6577 30
0 6578 30
0 6579 30
0 6580 28
0 6581 28
0 6582 30
0 6583 28
0 6584 28
0 6585 30
0 6586 30
0 6587 30
0 6588 30
0 6589 30
0 6590 30
0 6591 30
0 6592 30
0 6593 30
0 6594 30
0 6595 30
0 6596 30
0 6597 30
0 6598 30
0 6599 30
0 6600 28
0 6601 28
0 6602 30
0 6603 30
0 6604 28
0 6605 30
0 6606 30
0 6607 30
0 6608 30
0 6609 30
0 6610 30
0 6611 30
0 6612 30
0 6613 30
0 6614 30
0 6615 28
0 6616 30
0 6617 30
0 6618 30
0 6619 30
0 6620 28
0 6621 30
0 6622 30
0 6623 28
0 6624 28
0 6625 30
0 6626 30
0 6627 30
0 6628 30
0 6629 30
0 6630 30
0 6631 30
0 6632 30
0 6633 30
0 6634 30
0 6635 28
0 6636 30
0 6637 30
0 6638 30
0 6639 30
0 6640 28
0 6641 28
0 6642 28
0 6643 28
0 6644 28
0 6645 28
0 6646 28
0 6647 30
0 6648 30
0 6649 30
0 6650 30
0 6651 28
0 6652 28
0 6653 28
0 6654 28
0 6655 28
0 6656 30
0 6657 30
0 6658 30
0 6659 30
0 6660 28
0 6661 28
0 6662 28
0 6663 28
0 6664 28
0 6665 28
0 6666 30
0 6667 30
0 6668 30
0 6669 30
0 6670 30
0 6671 30
0 6672 30
0 6673 30
0 6674 30
0 6675 28
0 6676 30
0 6677 30
0 6678 30
0 6679 30
0 6680 28
0 6681 30
0 6682 30
0 6683 28
0 6684 30
0 6685 30
0 6686 30
0 6687 30
0 6688 30
0 6689 30
0 6690 30
0 6691 30
0 6692 30
0 6693 30
0 6694 30
0 6695 30
0 6696 30
0 6697 30
0 6698 30
0 6699 30
0 6700 30
0 6701 30
0 6702 30
0 6703 28
0 6704 30
0 6705 30
0 6706 30
0 6707 30
0 6708 30
0 6709 30
0 6710 30
0 6711 30
0 6712 30
0 6713 30
0 6714 30
0 6715 28
0 6716 30
0 6717 30
0 6718 30
0 6719 29
0 6720 30
0 6721 30
0 6722 30
0 6723 28
0 6724 30
0 6725 30
0 6726 30
0 6727 30
0 6728 30
0 6729 30
0 6730 30
0 6731 30
0 6732 30
0 6733 30
0 6734 30
0 6735 28
0 6736 30
0 6737 30
0 6738 30
0 6739 30
0 6740 28
0 6741 28
0 6742 28
0 6743 28
0 6744 28
0 6745 28
0 6746 30
0 6747 30
0 6748 30
0 6749 30
0 6750 30
0 6751 30
0 6752 30
0 6753 30
0 6754 30
0 6755 28
0 6756 30
0 6757 30
0 6758 30
0 6759 30
0 6760 28
0 6761 28
0 6762 30
0 6763 28
0 6764 28
0 6765 30
0 6766 30
0 6767 30
0 6768 30
0 6769 30
0 6770 30
0 6771 30
0 6772 30
0 6773 30
0 6774 30
0 6775 30
0 6776 30
0 6777 30
0 6778 30
0 6779 30
0 6780 28
0 6781 30
0 6782 30
0 6783 30
0 6784 30
0 6785 30
0 6786 30
0 6787 30
0 6788 30
0 6789 30
0 6790 30
0 6791 30
0 6792 30
0 6793 30
0 6794 30
0 6795 30
0 6796 30
0 6797 30
0 6798 30
0 6799 29
0 6800 30
0 6801 30
0 6802 30
0 6803 30
0 6804 30
0 6805 30
0 6806 30
0 6807 30
0 6808 30
0 6809 30
0 6810 30
0 6811 30
0 6812 30
0 6813 30
0 6814 30
0 6815 30
0 6816 30
0 6817 30
0 6818 29
0 6819 29
0 6820 28
0 6821 30
0 6822 30
0 6823 30
0 6824 28
0 6825 30
0 6826 30
0 6827 30
0 6828 30
0 6829 30
0 6830 30
0 6831 30
0 6832 30
0 6833 30
0 6834 30
0 6835 28
0 6836 30
0 6837 30
0 6838 30
0 6839 30
0 6840 28
0 6841 28
0 6842 30
0 6843 28
0 6844 28
0 6845 28
0 6846 30
0 6847 30
0 6848 30
0 6849 30
0 6850 30
0 6851 30
0 6852 30
0 6853 30
0 6854 30
0 6855 28
0 6856 30
0 6857 30
0 6858 30
0 6859 30
0 6860 28
0 6861 28
0 6862 30
0 6863 28
0 6864 30
0 6865 30
0 6866 30
0 6867 30
0 6868 30
0 6869 30
0 6870 30
0 6871 30
0 6872 30
0 6873 30
0 6874 30
0 6875 28
0 6876 30
0 6877 30
0 6878 30
0 6879 29
0 6880 30
0 6881 30
0 6882 30
0 6883 30
0 6884 30
0 6885 30
0 6886 30
0 6887 30
0 6888 30
0 6889 30
0 6890 30
0 6891 30
0 6892 30
0 6893 30
0 6894 30
0 6895 30
0 6896 30
0 6897 30
0 6898 28
0 6899 29
0 6900 29
0 6901 30
0 6902 30
0 6903 30
0 6904 30
0 6905 30
0 6906 30
0 6907 30
0 6908 30
0 6909 30
0 6910 30
0 6911 30
0 6912 30
0 6913 30
0 6914 30
0 6915 30
0 6916 30
0 6917 30
0 6918 29
0 6919 30
0 6920 28
0 6921 30
0 6922 30
0 6923 30
0 6924 30
0 6925 30
0 6926 30
0 6927 30
0 6928 30
0 6929 30
0 6930 30
0 6931 30
0 6932 30
0 6933 30
0 6934 30
0 6935 30
0 6936 30
0 6937 30
0 6938 30
0 6939 30
0 6940 28
0 6941 28
0 6942 30
0 6943 28
0 6944 28
0 6945 30
0 6946 30
0 6947 30
0 6948 30
0 6949 30
0 6950 30
0 6951 30
0 6952 30
0 6953 30
0 6954 30
0 6955 28
0 6956 30
0 6957 30
0 6958 30
0 6959 30
0 6960 28
0 6961 30
0 6962 30
0 6963 30
0 6964 30
0 6965 30
0 6966 30
0 6967 30
0 6968 30
0 6969 30
0 6970 30
0 6971 30
0 6972 30
0 6973 30
0 6974 30
0 6975 30
0 6976 30
0 6977 30
0 6978 28
0 6979 29
0 6980 29
0 6981 30
0 6982 30
0 6983 30
0 6984 30
0 6985 30
0 6986 30
0 6987 30
0 6988 30
0 6989 30
0 6990 30
0 6991 30
0 6992 30
0 6993 30
0 6994 30
0 6995 30
0 6996 30
0 6997 30
0 6998 29
0 6999 29
0 7000 30
0 7001 30
0 7002 30
0 7003 30
0 7004 28
0 7005 29
0 7006 29
0 7007 29
0 7008 29
0 7009 29
0 7010 29
0 7011 29
0 7012 29
0 7013 29
0 7014 29
0 7015 30
0 7016 29
0 7017 29
0 7018 28
0 7019 29
0 7020 29
0 7021 29
0 7022 29
0 7023 30
0 7024 30
0 7025 30
0 7026 29
0 7027 29
0 7028 29
0 7029 29
0 7030 29
0 7031 29
0 7032 29
0 7033 29
0 7034 29
0 7035 30
0 7036 29
0 7037 29
0 7038 28
0 7039 30
0 7040 29
0 7041 29
0 7042 30
0 7043 30
0 7044 30
0 7045 30
0 7046 30
0 7047 30
0 7048 30
0 7049 29
0 7050 29
0 7051 29
0 7052 29
0 7053 29
0 7054 29
0 7055 30
0 7056 29
0 7057 29
0 7058 29
0 7059 29
0 7060 29
0 7061 29
0 7062 29
0 7063 30
0 7064 30
0 7065 30
0 7066 30
0 7067 29
0 7068 29
0 7069 29
0 7070 29
0 7071 29
0 7072 29
0 7073 29
0 7074 29
0 7075 29
0 7076 28
0 7077 28
0 7078 29
0 7079 29
0 7080 29
0 7081 29
0 7082 29
0 7083 30
0 7084 29
0 7085 29
0 7086 29
0 7087 29
0 7088 29
0 7089 28
0 7090 28
0 7091 28
0 7092 28
0 7093 29
0 7094 29
0 7095 29
0 7096 28
0 7097 29
0 7098 29
0 7099 29
0 7100 28
0 7101 29
0 7102 29
0 7103 30
0 7104 29
0 7105 29
0 7106 29
0 7107 29
0 7108 28
0 7109 29
0 7110 28
0 7111 29
0 7112 29
0 7113 29
0 7114 29
0 7115 29
0 7116 28
0 7117 29
0 7118 29
0 7119 29
0 7120 29
0 7121 29
0 7122 29
0 7123 30
0 7124 30
0 7125 30
0 7126 30
0 7127 30
0 7128 29
0 7129 29
0 7130 29
0 7131 29
0 7132 29
0 7133 29
0 7134 29
0 7135 30
0 7136 29
0 7137 29
0 7138 29
0 7139 29
0 7140 29
0 7141 29
0 7142 30
0 7143 30
0 7144 30
0 7145 30
0 7146 30
0 7147 30
0 7148 29
0 7149 29
0 7150 29
0 7151 29
0 7152 29
0 7153 29
0 7154 29
0 7155 30
0 7156 29
0 7157 29
0 7158 28
0 7159 29
0 7160 29
0 7161 29
0 7162 29
0 7163 30
0 7164 29
0 7165 29
0 7166 29
0 7167 29
0 7168 29
0 7169 28
0 7170 28
0 7171 28
0 7172 28
0 7173 29
0 7174 29
0 7175 29
0 7176 28
0 7177 28
0 7178 29
0 7179 29
0 7180 28
0 7181 29
0 7182 29
0 7183 29
0 7184 29
0 7185 29
0 7186 29
0 7187 29
0 7188 28
0 7189 28
0 7190 28
0 7191 28
0 7192 28
0 7193 29
0 7194 28
0 7195 29
0 7196 28
0 7197 28
0 7198 29
0 7199 29
0 7200 28
0 7201 28
0 7202 29
0 7203 29
0 7204 29
0 7205 29
0 7206 29
0 7207 29
0 7208 29
0 7209 28
0 7210 28
0 7211 28
0 7212 29
0 7213 29
0 7214 29
0 7215 29
0 7216 28
0 7217 29
0 7218 29
0 7219 29
0 7220 28
0 7221 29
0 7222 29
0 7223 30
0 7224 29
0 7225 29
0 7226 29
0 7227 29
0 7228 29
0 7229 29
0 7230 28
0 7231 29
0 7232 29
0 7233 29
0 7234 29
0 7235 29
0 7236 29
0 7237 29
0 7238 28
0 7239 29
0 7240 29
0 7241 29
0 7242 29
0 7243 30
0 7244 30
0 7245 30
0 7246 30
0 7247 29
0 7248 29
0 7249 29
0 7250 29
0 7251 29
0 7252 29
0 7253 29
0 7254 29
0 7255 29
0 7256 28
0 7257 28
0 7258 29
0 7259 29
0 7260 28
0 7261 29
0 7262 29
0 7263 30
0 7264 29
0 7265 29
0 7266 29
0 7267 29
0 7268 28
0 7269 28
0 7270 28
0 7271 28
0 7272 28
0 7273 29
0 7274 29
0 7275 29
0 7276 29
0 7277 28
0 7278 29
0 7279 29
0 7280 28
0 7281 30
0 7282 29
0 7283 29
0 7284 29
0 7285 29
0 7286 29
0 7287 28
0 7288 28
0 7289 28
0 7290 28
0 7291 28
0 7292 28
0 7293 28
0 7294 29
0 7295 29
0 7296 28
0 7297 28
0 7298 29
0 7299 29
0 7300 28
0 7301 29
0 7302 29
0 7303 29
0 7304 29
0 7305 29
0 7306 29
0 7307 29
0 7308 28
0 7309 28
0 7310 28
0 7311 29
0 7312 28
0 7313 29
0 7314 28
0 7315 29
0 7316 29
0 7317 28
0 7318 29
0 7319 29
0 7320 28
0 7321 29
0 7322 29
0 7323 29
0 7324 29
0 7325 29
0 7326 29
0 7327 29
0 7328 28
0 7329 28
0 7330 28
0 7331 29
0 7332 28
0 7333 29
0 7334 29
0 7335 29
0 7336 29
0 7337 29
0 7338 29
0 7339 29
0 7340 29
0 7341 29
0 7342 29
0 7343 30
0 7344 30
0 7345 30
0 7346 30
0 7347 29
0 7348 29
0 7349 29
0 7350 29
0 7351 29
0 7352 29
0 7353 29
0 7354 29
0 7355 29
0 7356 29
0 7357 29
0 7358 29
0 7359 29
0 7360 29
0 7361 29
0 7362 29
0 7363 29
0 7364 29
0 7365 29
0 7366 29
0 7367 29
0 7368 28
0 7369 28
0 7370 29
0 7371 29
0 7372 28
0 7373 29
0 7374 28
0 7375 28
0 7376 29
0 7377 29
0 7378 29
0 7379 29
0 7380 29
0 7381 29
0 7382 29
0 7383 29
0 7384 29
0 7385 29
0 7386 28
0 7387 28
0 7388 28
0 7389 29
0 7390 29
0 7391 29
0 7392 29
0 7393 29
0 7394 28
0 7395 29
0 7396 29
0 7397 29
0 7398 29
0 7399 29
0 7400 28
0 7401 29
0 7402 29
0 7403 29
0 7404 28
0 7405 29
0 7406 28
0 7407 28
0 7408 28
0 7409 29
0 7410 29
0 7411 29
0 7412 28
0 7413 29
0 7414 29
0 7415 29
0 7416 28
0 7417 28
0 7418 29
0 7419 29
0 7420 28
0 7421 28
0 7422 29
0 7423 29
0 7424 29
0 7425 29
0 7426 29
0 7427 29
0 7428 29
0 7429 29
0 7430 28
0 7431 29
0 7432 29
0 7433 29
0 7434 29
0 7435 29
0 7436 28
0 7437 29
0 7438 28
0 7439 29
0 7440 29
0 7441 29
0 7442 29
0 7443 30
0 7444 29
0 7445 29
0 7446 29
0 7447 29
0 7448 29
0 7449 29
0 7450 28
0 7451 28
0 7452 29
0 7453 29
0 7454 29
0 7455 29
0 7456 28
0 7457 29
0 7458 29
0 7459 29
0 7460 28
0 7461 29
0 7462 29
0 7463 29
0 7464 29
0 7465 29
0 7466 29
0 7467 28
0 7468 28
0 7469 29
0 7470 29
0 7471 29
0 7472 28
0 7473 28
0 7474 29
0 7475 29
0 7476 29
0 7477 29
0 7478 29
0 7479 29
0 7480 29
0 7481 29
0 7482 29
0 7483 29
0 7484 29
0 7485 29
0 7486 29
0 7487 28
0 7488 29
0 7489 29
0 7490 29
0 7491 29
0 7492 29
0 7493 29
0 7494 28
0 7495 29
0 7496 29
0 7497 29
0 7498 29
0 7499 29
0 7500 28
0 7501 30
0 7502 29
0 7503 29
0 7504 29
0 7505 29
0 7506 28
0 7507 28
0 7508 28
0 7509 28
0 7510 29
0 7511 29
0 7512 28
0 7513 29
0 7514 28
0 7515 29
0 7516 28
0 7517 29
0 7518 29
0 7519 29
0 7520 29
0 7521 28
0 7522 29
0 7523 29
0 7524 29
0 7525 29
0 7526 29
0 7527 29
0 7528 29
0 7529 29
0 7530 28
0 7531 29
0 7532 29
0 7533 29
0 7534 29
0 7535 29
0 7536 28
0 7537 29
0 7538 29
0 7539 29
0 7540 28
0 7541 29
0 7542 29
0 7543 30
0 7544 29
0 7545 29
0 7546 29
0 7547 29
0 7548 29
0 7549 28
0 7550 28
0 7551 28
0 7552 28
0 7553 29
0 7554 28
0 7555 29
0 7556 29
0 7557 29
0 7558 29
0 7559 29
0 7560 29
0 7561 28
0 7562 29
0 7563 29
0 7564 29
0 7565 29
0 7566 28
0 7567 29
0 7568 28
0 7569 28
0 7570 29
0 7571 29
0 7572 29
0 7573 28
0 7574 28
0 7575 28
0 7576 29
0 7577 29
0 7578 29
0 7579 29
0 7580 29
0 7581 29
0 7582 29
0 7583 29
0 7584 29
0 7585 29
0 7586 28
0 7587 29
0 7588 29
0 7589 29
0 7590 29
0 7591 29
0 7592 28
0 7593 28
0 7594 28
0 7595 29
0 7596 29
0 7597 29
0 7598 29
0 7599 29
0 7600 28
0 7601 29
0 7602 29
0 7603 29
0 7604 29
0 7605 29
0 7606 28
0 7607 29
0 7608 28
0 7609 28
0 7610 29
0 7611 28
0 7612 28
0 7613 29
0 7614 29
0 7615 29
0 7616 28
0 7617 28
0 7618 29
0 7619 29
0 7620 29
0 7621 29
0 7622 29
0 7623 29
0 7624 29
0 7625 29
0 7626 29
0 7627 29
0 7628 28
0 7629 28
0 7630 28
0 7631 29
0 7632 28
0 7633 29
0 7634 29
0 7635 29
0 7636 29
0 7637 29
0 7638 29
0 7639 29
0 7640 29
0 7641 29
0 7642 29
0 7643 29
0 7644 29
0 7645 29
0 7646 29
0 7647 29
0 7648 29
0 7649 28
0 7650 28
0 7651 28
0 7652 28
0 7653 29
0 7654 28
0 7655 29
0 7656 29
0 7657 28
0 7658 29
0 7659 29
0 7660 29
0 7661 28
0 7662 29
0 7663 29
0 7664 29
0 7665 29
0 7666 29
0 7667 29
0 7668 28
0 7669 29
0 7670 29
0 7671 29
0 7672 28
0 7673 28
0 7674 28
0 7675 29
0 7676 29
0 7677 29
0 7678 29
0 7679 29
0 7680 29
0 7681 29
0 7682 29
0 7683 28
0 7684 29
0 7685 29
0 7686 28
0 7687 28
0 7688 29
0 7689 29
0 7690 29
0 7691 29
0 7692 29
0 7693 28
0 7694 28
0 7695 29
0 7696 29
0 7697 29
0 7698 29
0 7699 29
0 7700 29
0 7701 29
0 7702 29
0 7703 29
0 7704 29
0 7705 29
0 7706 29
0 7707 29
0 7708 28
0 7709 29
0 7710 29
0 7711 28
0 7712 28
0 7713 29
0 7714 28
0 7715 29
0 7716 29
0 7717 28
0 7718 29
0 7719 29
0 7720 29
0 7721 29
0 7722 29
0 7723 30
0 7724 29
0 7725 29
0 7726 29
0 7727 29
0 7728 28
0 7729 28
0 7730 28
0 7731 28
0 7732 29
0 7733 29
0 7734 29
0 7735 29
0 7736 29
0 7737 29
0 7738 29
0 7739 29
0 7740 29
0 7741 29
0 7742 29
0 7743 29
0 7744 29
0 7745 29
0 7746 29
0 7747 29
0 7748 28
0 7749 28
0 7750 28
0 7751 28
0 7752 28
0 7753 29
0 7754 29
0 7755 29
0 7756 29
0 7757 28
0 7758 29
0 7759 29
0 7760 28
0 7761 29
0 7762 29
0 7763 29
0 7764 29
0 7765 29
0 7766 29
0 7767 29
0 7768 28
0 7769 28
0 7770 29
0 7771 29
0 7772 29
0 7773 28
0 7774 29
0 7775 28
0 7776 29
0 7777 29
0 7778 29
0 7779 29
0 7780 29
0 7781 29
0 7782 29
0 7783 29
0 7784 29
0 7785 29
0 7786 28
0 7787 28
0 7788 29
0 7789 28
0 7790 29
0 7791 28
0 7792 29
0 7793 28
0 7794 28
0 7795 29
0 7796 29
0 7797 29
0 7798 29
0 7799 29
0 7800 28
0 7801 29
0 7802 29
0 7803 29
0 7804 29
0 7805 29
0 7806 29
0 7807 29
0 7808 28
0 7809 28
0 7810 29
0 7811 29
0 7812 28
0 7813 29
0 7814 29
0 7815 29
0 7816 29
0 7817 28
0 7818 29
0 7819 29
0 7820 28
0 7821 29
0 7822 29
0 7823 29
0 7824 29
0 7825 29
0 7826 29
0 7827 29
0 7828 28
0 7829 29
0 7830 28
0 7831 28
0 7832 29
0 7833 29
0 7834 29
0 7835 29
0 7836 28
0 7837 29
0 7838 29
0 7839 29
0 7840 29
0 7841 28
0 7842 29
0 7843 29
0 7844 29
0 7845 29
0 7846 29
0 7847 29
0 7848 28
0 7849 29
0 7850 28
0 7851 28
0 7852 29
0 7853 29
0 7854 29
0 7855 29
0 7856 28
0 7857 28
0 7858 29
0 7859 29
0 7860 28
0 7861 29
0 7862 29
0 7863 29
0 7864 29
0 7865 29
0 7866 29
0 7867 28
0 7868 29
0 7869 29
0 7870 29
0 7871 29
0 7872 28
0 7873 29
0 7874 28
0 7875 29
0 7876 29
0 7877 29
0 7878 29
0 7879 29
0 7880 28
0 7881 28
0 7882 29
0 7883 29
0 7884 29
0 7885 29
0 7886 29
0 7887 28
0 7888 28
0 7889 28
0 7890 29
0 7891 29
0 7892 29
0 7893 28
0 7894 28
0 7895 29
0 7896 29
0 7897 28
0 7898 29
0 7899 29
0 7900 29
0 7901 29
0 7902 29
0 7903 29
0 7904 29
0 7905 29
0 7906 29
0 7907 28
0 7908 28
0 7909 29
0 7910 28
0 7911 29
0 7912 28
0 7913 29
0 7914 29
0 7915 29
0 7916 28
0 7917 28
0 7918 29
0 7919 29
0 7920 29
0 7921 29
0 7922 29
0 7923 30
0 7924 29
0 7925 29
0 7926 29
0 7927 29
0 7928 29
0 7929 29
0 7930 28
0 7931 29
0 7932 29
0 7933 29
0 7934 29
0 7935 29
0 7936 29
0 7937 29
0 7938 29
0 7939 29
0 7940 28
0 7941 29
0 7942 29
0 7943 30
0 7944 29
0 7945 29
0 7946 29
0 7947 29
0 7948 28
0 7949 28
0 7950 28
0 7951 29
0 7952 28
0 7953 29
0 7954 28
0 7955 29
0 7956 29
0 7957 29
0 7958 29
0 7959 29
0 7960 28
0 7961 29
0 7962 29
0 7963 29
0 7964 29
0 7965 29
0 7966 28
0 7967 28
0 7968 29
0 7969 29
0 7970 29
0 7971 29
0 7972 29
0 7973 29
0 7974 28
0 7975 29
0 7976 29
0 7977 28
0 7978 29
0 7979 29
0 7980 29
0 7981 29
0 7982 29
0 7983 29
0 7984 29
0 7985 29
0 7986 28
0 7987 28
0 7988 28
0 7989 28
0 7990 28
0 7991 29
0 7992 28
0 7993 29
0 7994 28
0 7995 29
0 7996 29
0 7997 29
0 7998 29
0 7999 29
0 8000 28
0 8001 30
0 8002 29
0 8003 29
0 8004 29
0 8005 29
0 8006 29
0 8007 29
0 8008 29
0 8009 28
0 8010 28
0 8011 28
0 8012 28
0 8013 29
0 8014 29
0 8015 29
0 8016 28
0 8017 29
0 8018 29
0 8019 29
0 8020 29
0 8021 29
0 8022 29
0 8023 30
0 8024 30
0 8025 30
0 8026 29
0 8027 29
0 8028 29
0 8029 29
0 8030 29
0 8031 29
0 8032 29
0 8033 29
0 8034 29
0 8035 29
0 8036 28
0 8037 29
0 8038 29
0 8039 29
0 8040 29
0 8041 29
0 8042 29
0 8043 29
0 8044 29
0 8045 29
0 8046 29
0 8047 29
0 8048 29
0 8049 29
0 8050 28
0 8051 29
0 8052 29
0 8053 29
0 8054 29
0 8055 29
0 8056 28
0 8057 28
0 8058 29
0 8059 29
0 8060 28
0 8061 29
0 8062 29
0 8063 29
0 8064 29
0 8065 29
0 8066 28
0 8067 28
0 8068 28
0 8069 29
0 8070 29
0 8071 28
0 8072 29
0 8073 28
0 8074 28
0 8075 29
0 8076 29
0 8077 28
0 8078 29
0 8079 29
0 8080 28
0 8081 29
0 8082 29
0 8083 29
0 8084 29
0 8085 29
0 8086 29
0 8087 29
0 8088 28
0 8089 28
0 8090 28
0 8091 28
0 8092 28
0 8093 29
0 8094 28
0 8095 29
0 8096 28
0 8097 29
0 8098 29
0 8099 29
0 8100 29
0 8101 29
0 8102 29
0 8103 30
0 8104 29
0 8105 29
0 8106 29
0 8107 29
0 8108 29
0 8109 29
0 8110 28
0 8111 29
0 8112 28
0 8113 29
0 8114 29
0 8115 29
0 8116 28
0 8117 29
0 8118 29
0 8119 29
0 8120 29
0 8121 29
0 8122 29
0 8123 30
0 8124 29
0 8125 29
0 8126 29
0 8127 29
0 8128 29
0 8129 29
0 8130 28
0 8131 29
0 8132 29
0 8133 29
0 8134 29
0 8135 29
0 8136 29
0 8137 29
0 8138 29
0 8139 29
0 8140 29
0 8141 29
0 8142 29
0 8143 29
0 8144 29
0 8145 29
0 8146 29
0 8147 29
0 8148 28
0 8149 28
0 8150 28
0 8151 28
0 8152 28
0 8153 29
0 8154 28
0 8155 29
0 8156 29
0 8157 29
0 8158 29
0 8159 29
0 8160 28
0 8161 29
0 8162 29
0 8163 29
0 8164 29
0 8165 29
0 8166 29
0 8167 28
0 8168 28
0 8169 28
0 8170 28
0 8171 29
0 8172 28
0 8173 28
0 8174 28
0 8175 29
0 8176 29
0 8177 29
0 8178 29
0 8179 29
0 8180 29
0 8181 29
0 8182 29
0 8183 29
0 8184 29
0 8185 29
0 8186 29
0 8187 28
0 8188 28
0 8189 28
0 8190 28
0 8191 28
0 8192 28
0 8193 28
0 8194 28
0 8195 29
0 8196 29
0 8197 28
0 8198 29
0 8199 29
0 8200 29
0 8201 29
0 8202 29
0 8203 30
0 8204 29
0 8205 29
0 8206 29
0 8207 29
0 8208 29
0 8209 29
0 8210 29
0 8211 28
0 8212 29
0 8213 29
0 8214 29
0 8215 29
0 8216 28
0 8217 29
0 8218 29
0 8219 29
0 8220 29
0 8221 29
0 8222 29
0 8223 30
0 8224 30
0 8225 30
0 8226 30
0 8227 29
0 8228 29
0 8229 29
0 8230 29
0 8231 29
0 8232 29
0 8233 29
0 8234 30
0 8235 30
0 8236 29
0 8237 29
0 8238 28
0 8239 29
0 8240 29
0 8241 29
0 8242 29
0 8243 30
0 8244 30
0 8245 30
0 8246 30
0 8247 29
0 8248 29
0 8249 29
0 8250 28
0 8251 29
0 8252 29
0 8253 29
0 8254 29
0 8255 29
0 8256 28
0 8257 28
0 8258 29
0 8259 29
0 8260 29
0 8261 29
0 8262 29
0 8263 29
0 8264 29
0 8265 29
0 8266 29
0 8267 29
0 8268 28
0 8269 28
0 8270 28
0 8271 28
0 8272 29
0 8273 29
0 8274 29
0 8275 29
0 8276 28
0 8277 28
0 8278 29
0 8279 29
0 8280 29
0 8281 28
0 8282 29
0 8283 29
0 8284 29
0 8285 29
0 8286 29
0 8287 29
0 8288 29
0 8289 28
0 8290 28
0 8291 28
0 8292 28
0 8293 29
0 8294 29
0 8295 29
0 8296 28
0 8297 28
0 8298 29
0 8299 29
0 8300 29
0 8301 29
0 8302 29
0 8303 30
0 8304 30
0 8305 30
0 8306 29
0 8307 29
0 8308 29
0 8309 29
0 8310 29
0 8311 29
0 8312 29
0 8313 29
0 8314 29
0 8315 30
0 8316 29
0 8317 29
0 8318 28
0 8319 29
0 8320 29
0 8321 29
0 8322 29
0 8323 30
0 8324 30
0 8325 30
0 8326 30
0 8327 30
0 8328 29
0 8329 29
0 8330 29
0 8331 29
0 8332 29
0 8333 29
0 8334 29
0 8335 30
0 8336 29
0 8337 29
0 8338 29
0 8339 29
0 8340 29
0 8341 29
0 8342 30
0 8343 30
0 8344 30
0 8345 30
0 8346 30
0 8347 29
0 8348 29
0 8349 29
0 8350 29
0 8351 29
0 8352 29
0 8353 29
0 8354 29
0 8355 29
0 8356 28
0 8357 29
0 8358 29
0 8359 29
0 8360 29
0 8361 29
0 8362 29
0 8363 30
0 8364 29
0 8365 29
0 8366 29
0 8367 29
0 8368 28
0 8369 28
0 8370 28
0 8371 28
0 8372 28
0 8373 29
0 8374 29
0 8375 29
0 8376 29
0 8377 28
0 8378 29
0 8379 29
0 8380 29
0 8381 29
0 8382 29
0 8383 30
0 8384 30
0 8385 30
0 8386 29
0 8387 29
0 8388 29
0 8389 29
0 8390 29
0 8391 28
0 8392 29
0 8393 29
0 8394 29
0 8395 29
0 8396 28
0 8397 29
0 8398 29
0 8399 29
0 8400 29
0 8401 29
0 8402 29
0 8403 30
0 8404 30
0 8405 30
0 8406 29
0 8407 29
0 8408 29
0 8409 29
0 8410 29
0 8411 29
0 8412 29
0 8413 29
0 8414 30
0 8415 30
0 8416 29
0 8417 29
0 8418 28
0 8419 29
0 8420 29
0 8421 29
0 8422 29
0 8423 30
0 8424 30
0 8425 30
0 8426 30
0 8427 30
0 8428 29
0 8429 29
0 8430 29
0 8431 29
0 8432 29
0 8433 29
0 8434 30
0 8435 30
0 8436 29
0 8437 29
0 8438 28
0 8439 29
0 8440 29
0 8441 29
0 8442 30
0 8443 30
0 8444 30
0 8445 30
0 8446 30
0 8447 29
0 8448 29
0 8449 29
0 8450 28
0 8451 28
0 8452 29
0 8453 29
0 8454 29
0 8455 29
0 8456 29
0 8457 28
0 8458 29
0 8459 29
0 8460 29
0 8461 29
0 8462 29
0 8463 30
0 8464 29
0 8465 30
0 8466 29
0 8467 29
0 8468 29
0 8469 29
0 8470 29
0 8471 29
0 8472 29
0 8473 29
0 8474 29
0 8475 29
0 8476 28
0 8477 29
0 8478 29
0 8479 29
0 8480 29
0 8481 29
0 8482 29
0 8483 29
0 8484 29
0 8485 29
0 8486 29
0 8487 29
0 8488 29
0 8489 29
0 8490 28
0 8491 28
0 8492 28
0 8493 29
0 8494 29
0 8495 29
0 8496 29
0 8497 29
0 8498 29
0 8499 29
0 8500 29
0 8501 29
0 8502 29
0 8503 30
0 8504 30
0 8505 30
0 8506 30
0 8507 29
0 8508 29
0 8509 29
0 8510 29
0 8511 29
0 8512 29
0 8513 29
0 8514 29
0 8515 30
0 8516 29
0 8517 29
0 8518 28
0 8519 29
0 8520 29
0 8521 30
0 8522 30
0 8523 30
0 8524 30
0 8525 30
0 8526 30
0 8527 30
0 8528 30
0 8529 29
0 8530 29
0 8531 29
0 8532 29
0 8533 29
0 8534 30
0 8535 30
0 8536 29
0 8537 29
0 8538 29
0 8539 29
0 8540 29
0 8541 29
0 8542 30
0 8543 30
0 8544 30
0 8545 30
0 8546 29
0 8547 29
0 8548 29
0 8549 29
0 8550 29
0 8551 29
0 8552 29
0 8553 29
0 8554 29
0 8555 30
0 8556 28
0 8557 29
0 8558 29
0 8559 29
0 8560 29
0 8561 29
0 8562 29
0 8563 30
0 8564 29
0 8565 29
0 8566 29
0 8567 29
0 8568 29
0 8569 29
0 8570 28
0 8571 28
0 8572 29
0 8573 29
0 8574 29
0 8575 29
0 8576 28
0 8577 28
0 8578 29
0 8579 29
0 8580 28
0 8581 29
0 8582 29
0 8583 30
0 8584 30
0 8585 30
0 8586 29
0 8587 29
0 8588 29
0 8589 29
0 8590 29
0 8591 29
0 8592 29
0 8593 29
0 8594 29
0 8595 30
0 8596 28
0 8597 29
0 8598 28
0 8599 29
0 8600 29
0 8601 29
0 8602 29
0 8603 30
0 8604 30
0 8605 30
0 8606 30
0 8607 30
0 8608 29
0 8609 29
0 8610 29
0 8611 29
0 8612 29
0 8613 29
0 8614 29
0 8615 30
0 8616 29
0 8617 29
0 8618 28
0 8619 29
0 8620 29
0 8621 29
0 8622 30
0 8623 30
0 8624 30
0 8625 30
0 8626 30
0 8627 30
0 8628 30
0 8629 29
0 8630 29
0 8631 29
0 8632 29
0 8633 29
0 8634 29
0 8635 30
0 8636 29
0 8637 29
0 8638 28
0 8639 29
0 8640 29
0 8641 29
0 8642 29
0 8643 30
0 8644 30
0 8645 30
0 8646 30
0 8647 29
0 8648 29
0 8649 29
0 8650 29
0 8651 29
0 8652 29
0 8653 29
0 8654 29
0 8655 29
0 8656 28
0 8657 29
0 8658 29
0 8659 29
0 8660 28
0 8661 29
0 8662 29
0 8663 30
0 8664 30
0 8665 30
0 8666 29
0 8667 29
0 8668 29
0 8669 29
0 8670 29
0 8671 29
0 8672 29
0 8673 29
0 8674 29
0 8675 29
0 8676 28
0 8677 29
0 8678 28
0 8679 29
0 8680 29
0 8681 29
0 8682 29
0 8683 30
0 8684 30
0 8685 30
0 8686 30
0 8687 29
0 8688 29
0 8689 29
0 8690 29
0 8691 29
0 8692 29
0 8693 29
0 8694 30
0 8695 30
0 8696 29
0 8697 29
0 8698 28
0 8699 28
0 8700 29
0 8701 29
0 8702 30
0 8703 30
0 8704 30
0 8705 30
0 8706 30
0 8707 30
0 8708 30
0 8709 30
0 8710 29
0 8711 30
0 8712 30
0 8713 30
0 8714 30
0 8715 30
0 8716 29
0 8717 30
0 8718 28
0 8719 29
0 8720 30
0 8721 29
0 8722 30
0 8723 30
0 8724 30
0 8725 30
0 8726 30
0 8727 30
0 8728 30
0 8729 30
0 8730 29
0 8731 30
0 8732 29
0 8733 29
0 8734 29
0 8735 30
0 8736 29
0 8737 29
0 8738 28
0 8739 28
0 8740 29
0 8741 29
0 8742 30
0 8743 30
0 8744 30
0 8745 30
0 8746 30
0 8747 29
0 8748 29
0 8749 29
0 8750 29
0 8751 29
0 8752 29
0 8753 29
0 8754 29
0 8755 30
0 8756 28
0 8757 29
0 8758 29
0 8759 29
0 8760 29
0 8761 29
0 8762 30
0 8763 30
0 8764 30
0 8765 30
0 8766 30
0 8767 30
0 8768 29
0 8769 29
0 8770 29
0 8771 29
0 8772 29
0 8773 29
0 8774 29
0 8775 30
0 8776 29
0 8777 29
0 8778 29
0 8779 28
0 8780 29
0 8781 29
0 8782 29
0 8783 30
0 8784 30
0 8785 30
0 8786 30
0 8787 30
0 8788 29
0 8789 29
0 8790 29
0 8791 29
0 8792 29
0 8793 29
0 8794 30
0 8795 30
0 8796 29
0 8797 29
0 8798 28
0 8799 29
0 8800 29
0 8801 30
0 8802 30
0 8803 30
0 8804 30
0 8805 30
0 8806 30
0 8807 30
0 8808 30
0 8809 30
0 8810 30
0 8811 30
0 8812 30
0 8813 30
0 8814 30
0 8815 30
0 8816 30
0 8817 30
0 8818 29
0 8819 29
0 8820 29
0 8821 30
0 8822 30
0 8823 30
0 8824 30
0 8825 30
0 8826 30
0 8827 30
0 8828 30
0 8829 29
0 8830 29
0 8831 29
0 8832 29
0 8833 29
0 8834 30
0 8835 30
0 8836 29
0 8837 29
0 8838 28
0 8839 29
0 8840 29
0 8841 29
0 8842 30
0 8843 30
0 8844 30
0 8845 30
0 8846 30
0 8847 29
0 8848 29
0 8849 29
0 8850 29
0 8851 29
0 8852 29
0 8853 29
0 8854 29
0 8855 30
0 8856 29
0 8857 29
0 8858 28
0 8859 29
0 8860 29
0 8861 29
0 8862 29
0 8863 30
0 8864 30
0 8865 30
0 8866 30
0 8867 29
0 8868 29
0 8869 29
0 8870 29
0 8871 29
0 8872 29
0 8873 29
0 8874 30
0 8875 30
0 8876 29
0 8877 29
0 8878 28
0 8879 29
0 8880 29
0 8881 29
0 8882 29
0 8883 30
0 8884 30
0 8885 30
0 8886 30
0 8887 30
0 8888 30
0 8889 29
0 8890 29
0 8891 29
0 8892 29
0 8893 30
0 8894 30
0 8895 30
0 8896 29
0 8897 29
0 8898 28
0 8899 29
0 8900 29
0 8901 29
0 8902 30
0 8903 30
0 8904 30
0 8905 30
0 8906 30
0 8907 30
0 8908 30
0 8909 30
0 8910 30
0 8911 30
0 8912 30
0 8913 30
0 8914 30
0 8915 30
0 8916 30
0 8917 30
0 8918 29
0 8919 29
0 8920 29
0 8921 30
0 8922 30
0 8923 30
0 8924 30
0 8925 30
0 8926 30
0 8927 30
0 8928 30
0 8929 30
0 8930 30
0 8931 30
0 8932 30
0 8933 30
0 8934 30
0 8935 30
0 8936 30
0 8937 29
0 8938 28
0 8939 29
0 8940 29
0 8941 30
0 8942 30
0 8943 30
0 8944 30
0 8945 30
0 8946 30
0 8947 30
0 8948 30
0 8949 29
0 8950 29
0 8951 29
0 8952 29
0 8953 29
0 8954 30
0 8955 30
0 8956 29
0 8957 29
0 8958 28
0 8959 29
0 8960 29
0 8961 29
0 8962 29
0 8963 30
0 8964 30
0 8965 30
0 8966 30
0 8967 30
0 8968 29
0 8969 29
0 8970 29
0 8971 29
0 8972 29
0 8973 29
0 8974 30
0 8975 30
0 8976 29
0 8977 29
0 8978 28
0 8979 29
0 8980 29
0 8981 29
0 8982 30
0 8983 30
0 8984 30
0 8985 30
0 8986 30
0 8987 30
0 8988 30
0 8989 30
0 8990 30
0 8991 29
0 8992 30
0 8993 30
0 8994 30
0 8995 30
0 8996 29
0 8997 29
0 8998 29
0 8999 29
0 9000 29
0 9001 30
0 9002 30
0 9003 30
0 9004 30
0 9005 30
0 9006 30
0 9007 30
0 9008 30
0 9009 30
0 9010 30
0 9011 30
0 9012 30
0 9013 30
0 9014 30
0 9015 30
0 9016 30
0 9017 30
0 9018 30
0 9019 29
0 9020 28
0 9021 30
0 9022 30
0 9023 30
0 9024 30
0 9025 30
0 9026 30
0 9027 30
0 9028 30
0 9029 30
0 9030 30
0 9031 30
0 9032 30
0 9033 30
0 9034 30
0 9035 30
0 9036 30
0 9037 30
0 9038 29
0 9039 28
0 9040 29
0 9041 30
0 9042 30
0 9043 30
0 9044 30
0 9045 30
0 9046 30
0 9047 30
0 9048 30
0 9049 30
0 9050 30
0 9051 29
0 9052 30
0 9053 30
0 9054 29
0 9055 30
0 9056 29
0 9057 29
0 9058 28
0 9059 28
0 9060 29
0 9061 29
0 9062 30
0 9063 30
0 9064 30
0 9065 30
0 9066 30
0 9067 30
0 9068 30
0 9069 29
0 9070 29
0 9071 29
0 9072 29
0 9073 30
0 9074 30
0 9075 30
0 9076 29
0 9077 29
0 9078 28
0 9079 29
0 9080 29
0 9081 30
0 9082 30
0 9083 30
0 9084 30
0 9085 30
0 9086 30
0 9087 30
0 9088 30
0 9089 30
0 9090 30
0 9091 30
0 9092 30
0 9093 30
0 9094 30
0 9095 30
0 9096 30
0 9097 30
0 9098 29
0 9099 29
0 9100 30
0 9101 30
0 9102 30
0 9103 30
0 9104 30
0 9105 30
0 9106 30
0 9107 30
0 9108 30
0 9109 30
0 9110 30
0 9111 30
0 9112 30
0 9113 30
0 9114 30
0 9115 30
0 9116 30
0 9117 30
0 9118 29
0 9119 29
0 9120 28
0 9121 30
0 9122 30
0 9123 30
0 9124 30
0 9125 30
0 9126 30
0 9127 30
0 9128 30
0 9129 30
0 9130 30
0 9131 30
0 9132 30
0 9133 30
0 9134 30
0 9135 30
0 9136 30
0 9137 30
0 9138 28
0 9139 29
0 9140 29
0 9141 30
0 9142 30
0 9143 30
0 9144 30
0 9145 30
0 9146 30
0 9147 30
0 9148 30
0 9149 29
0 9150 29
0 9151 29
0 9152 30
0 9153 30
0 9154 30
0 9155 30
0 9156 29
0 9157 29
0 9158 28
0 9159 29
0 9160 29
0 9161 30
0 9162 30
0 9163 30
0 9164 30
0 9165 30
0 9166 30
0 9167 30
0 9168 30
0 9169 29
0 9170 29
0 9171 29
0 9172 30
0 9173 30
0 9174 30
0 9175 30
0 9176 30
0 9177 29
0 9178 28
0 9179 28
0 9180 29
0 9181 30
0 9182 30
0 9183 30
0 9184 30
0 9185 30
0 9186 30
0 9187 30
0 9188 30
0 9189 30
0 9190 30
0 9191 30
0 9192 30
0 9193 30
0 9194 30
0 9195 30
0 9196 30
0 9197 30
0 9198 30
0 9199 29
0 9200 30
0 9201 30
0 9202 30
0 9203 30
0 9204 30
0 9205 30
0 9206 30
0 9207 30
0 9208 30
0 9209 30
0 9210 30
0 9211 30
0 9212 30
0 9213 30
0 9214 30
0 9215 30
0 9216 30
0 9217 30
0 9218 30
0 9219 29
0 9220 29
0 9221 30
0 9222 30
0 9223 30
0 9224 30
0 9225 30
0 9226 30
0 9227 30
0 9228 30
0 9229 30
0 9230 30
0 9231 30
0 9232 30
0 9233 30
0 9234 30
0 9235 30
0 9236 29
0 9237 30
0 9238 29
0 9239 29
0 9240 29
0 9241 30
0 9242 30
0 9243 30
0 9244 30
0 9245 30
0 9246 30
0 9247 30
0 9248 30
0 9249 30
0 9250 29
0 9251 29
0 9252 29
0 9253 30
0 9254 30
0 9255 30
0 9256 30
0 9257 29
0 9258 28
0 9259 29
0 9260 29
0 9261 30
0 9262 30
0 9263 30
0 9264 30
0 9265 30
0 9266 30
0 9267 30
0 9268 30
0 9269 30
0 9270 30
0 9271 30
0 9272 30
0 9273 30
0 9274 30
0 9275 30
0 9276 29
0 9277 30
0 9278 28
0 9279 29
0 9280 29
0 9281 30
0 9282 30
0 9283 30
0 9284 30
0 9285 30
0 9286 30
0 9287 30
0 9288 30
0 9289 30
0 9290 30
0 9291 30
0 9292 30
0 9293 30
0 9294 30
0 9295 30
0 9296 30
0 9297 30
0 9298 29
0 9299 30
0 9300 30
0 9301 30
0 9302 30
0 9303 30
0 9304 30
0 9305 30
0 9306 30
0 9307 30
0 9308 30
0 9309 30
0 9310 30
0 9311 30
0 9312 30
0 9313 30
0 9314 30
0 9315 30
0 9316 30
0 9317 30
0 9318 30
0 9319 30
0 9320 30
0 9321 30
0 9322 30
0 9323 30
0 9324 30
0 9325 30
0 9326 30
0 9327 30
0 9328 30
0 9329 30
0 9330 30
0 9331 30
0 9332 30
0 9333 30
0 9334 30
0 9335 30
0 9336 30
0 9337 30
0 9338 28
0 9339 29
0 9340 29
0 9341 30
0 9342 30
0 9343 30
0 9344 30
0 9345 30
0 9346 30
0 9347 30
0 9348 30
0 9349 29
0 9350 29
0 9351 29
0 9352 29
0 9353 30
0 9354 30
0 9355 30
0 9356 29
0 9357 30
0 9358 29
0 9359 28
0 9360 29
0 9361 30
0 9362 30
0 9363 30
0 9364 30
0 9365 30
0 9366 30
0 9367 30
0 9368 30
0 9369 30
0 9370 30
0 9371 30
0 9372 30
0 9373 30
0 9374 30
0 9375 30
0 9376 30
0 9377 30
0 9378 28
0 9379 29
0 9380 29
0 9381 30
0 9382 30
0 9383 30
0 9384 30
0 9385 30
0 9386 30
0 9387 30
0 9388 30
0 9389 30
0 9390 30
0 9391 30
0 9392 30
0 9393 30
0 9394 30
0 9395 30
0 9396 30
0 9397 30
0 9398 30
0 9399 30
0 9400 30
0 9401 28
0 9402 30
0 9403 28
0 9404 28
0 9405 30
0 9406 30
0 9407 30
0 9408 30
0 9409 30
0 9410 30
0 9411 30
0 9412 30
0 9413 30
0 9414 30
0 9415 30
0 9416 30
0 9417 30
0 9418 30
0 9419 30
0 9420 28
0 9421 30
0 9422 30
0 9423 30
0 9424 30
0 9425 30
0 9426 30
0 9427 30
0 9428 30
0 9429 30
0 9430 30
0 9431 30
0 9432 30
0 9433 30
0 9434 30
0 9435 30
0 9436 30
0 9437 30
0 9438 28
0 9439 29
0 9440 30
0 9441 30
0 9442 30
0 9443 30
0 9444 30
0 9445 30
0 9446 30
0 9447 30
0 9448 30
0 9449 30
0 9450 30
0 9451 30
0 9452 30
0 9453 30
0 9454 30
0 9455 30
0 9456 30
0 9457 30
0 9458 28
0 9459 29
0 9460 29
0 9461 30
0 9462 30
0 9463 30
0 9464 30
0 9465 30
0 9466 30
0 9467 30
0 9468 30
0 9469 30
0 9470 30
0 9471 30
0 9472 30
0 9473 30
0 9474 30
0 9475 30
0 9476 29
0 9477 30
0 9478 29
0 9479 29
0 9480 30
0 9481 30
0 9482 30
0 9483 30
0 9484 30
0 9485 30
0 9486 30
0 9487 30
0 9488 30
0 9489 30
0 9490 30
0 9491 30
0 9492 30
0 9493 30
0 9494 30
0 9495 28
0 9496 30
0 9497 30
0 9498 30
0 9499 30
0 9500 28
0 9501 28
0 9502 30
0 9503 28
0 9504 28
0 9505 30
0 9506 30
0 9507 30
0 9508 30
0 9509 30
0 9510 30
0 9511 30
0 9512 30
0 9513 30
0 9514 30
0 9515 28
0 9516 30
0 9517 30
0 9518 30
0 9519 30
0 9520 28
0 9521 30
0 9522 30
0 9523 30
0 9524 30
0 9525 30
0 9526 30
0 9527 30
0 9528 30
0 9529 30
0 9530 30
0 9531 30
0 9532 30
0 9533 30
0 9534 30
0 9535 30
0 9536 30
0 9537 30
0 9538 29
0 9539 29
0 9540 29
0 9541 30
0 9542 30
0 9543 30
0 9544 30
0 9545 30
0 9546 30
0 9547 30
0 9548 30
0 9549 30
0 9550 30
0 9551 30
0 9552 30
0 9553 30
0 9554 30
0 9555 30
0 9556 30
0 9557 30
0 9558 29
0 9559 29
0 9560 30
0 9561 30
0 9562 30
0 9563 30
0 9564 30
0 9565 30
0 9566 30
0 9567 30
0 9568 30
0 9569 30
0 9570 30
0 9571 30
0 9572 30
0 9573 30
0 9574 30
0 9575 30
0 9576 30
0 9577 30
0 9578 30
0 9579 29
0 9580 29
0 9581 30
0 9582 30
0 9583 30
0 9584 30
0 9585 30
0 9586 30
0 9587 30
0 9588 30
0 9589 30
0 9590 30
0 9591 30
0 9592 30
0 9593 30
0 9594 30
0 9595 28
0 9596 30
0 9597 30
0 9598 30
0 9599 30
0 9600 28
0 9601 30
0 9602 30
0 9603 28
0 9604 28
0 9605 30
0 9606 30
0 9607 30
0 9608 30
0 9609 30
0 9610 30
0 9611 30
0 9612 30
0 9613 30
0 9614 30
0 9615 28
0 9616 30
0 9617 30
0 9618 30
0 9619 30
0 9620 28
0 9621 28
0 9622 28
0 9623 28
0 9624 28
0 9625 28
0 9626 30
0 9627 30
0 9628 30
0 9629 30
0 9630 30
0 9631 30
0 9632 30
0 9633 30
0 9634 30
0 9635 30
0 9636 30
0 9637 30
0 9638 30
0 9639 29
0 9640 30
0 9641 30
0 9642 30
0 9643 30
0 9644 30
0 9645 30
0 9646 30
0 9647 30
0 9648 30
0 9649 30
0 9650 30
0 9651 30
0 9652 30
0 9653 30
0 9654 30
0 9655 30
0 9656 30
0 9657 30
0 9658 29
0 9659 29
0 9660 30
0 9661 30
0 9662 30
0 9663 30
0 9664 30
0 9665 30
0 9666 30
0 9667 30
0 9668 30
0 9669 30
0 9670 30
0 9671 30
0 9672 30
0 9673 30
0 9674 30
0 9675 30
0 9676 30
0 9677 30
0 9678 30
0 9679 29
0 9680 30
0 9681 30
0 9682 30
0 9683 30
0 9684 30
0 9685 30
0 9686 30
0 9687 30
0 9688 30
0 9689 30
0 9690 30
0 9691 30
0 9692 30
0 9693 30
0 9694 30
0 9695 28
0 9696 30
0 9697 30
0 9698 30
0 9699 30
0 9700 28
0 9701 28
0 9702 28
0 9703 28
0 9704 28
0 9705 30
0 9706 30
0 9707 30
0 9708 30
0 9709 30
0 9710 30
0 9711 30
0 9712 30
0 9713 30
0 9714 30
0 9715 28
0 9716 30
0 9717 30
0 9718 30
0 9719 30
0 9720 28
0 9721 28
0 9722 30
0 9723 28
0 9724 30
0 9725 30
0 9726 30
0 9727 30
0 9728 30
0 9729 30
0 9730 30
0 9731 30
0 9732 30
0 9733 30
0 9734 30
0 9735 30
0 9736 30
0 9737 30
0 9738 30
0 9739 30
0 9740 30
0 9741 30
0 9742 30
0 9743 30
0 9744 30
0 9745 30
0 9746 30
0 9747 30
0 9748 30
0 9749 30
0 9750 30
0 9751 30
0 9752 30
0 9753 30
0 9754 30
0 9755 30
0 9756 30
0 9757 30
0 9758 30
0 9759 30
0 9760 30
0 9761 30
0 9762 30
0 9763 30
0 9764 30
0 9765 30
0 9766 30
0 9767 30
0 9768 30
0 9769 30
0 9770 30
0 9771 30
0 9772 30
0 9773 30
0 9774 30
0 9775 30
0 9776 30
0 9777 30
0 9778 30
0 9779 30
0 9780 28
0 9781 30
0 9782 28
0 9783 28
0 9784 28
0 9785 30
0 9786 30
0 9787 30
0 9788 30
0 9789 30
0 9790 30
0 9791 30
0 9792 30
0 9793 30
0 9794 30
0 9795 28
0 9796 30
0 9797 30
0 9798 30
0 9799 30
0 9800 28
0 9801 28
0 9802 28
0 9803 28
0 9804 28
0 9805 28
0 9806 30
0 9807 30
0 9808 30
0 9809 30
0 9810 30
0 9811 30
0 9812 30
0 9813 30
0 9814 30
0 9815 28
0 9816 30
0 9817 30
0 9818 30
0 9819 30
0 9820 28
0 9821 28
0 9822 28
0 9823 28
0 9824 28
0 9825 30
0 9826 30
0 9827 30
0 9828 30
0 9829 30
0 9830 30
0 9831 30
0 9832 30
0 9833 30
0 9834 30
0 9835 30
0 9836 30
0 9837 30
0 9838 30
0 9839 29
0 9840 30
0 9841 30
0 9842 30
0 9843 30
0 9844 30
0 9845 30
0 9846 30
0 9847 30
0 9848 30
0 9849 30
0 9850 30
0 9851 30
0 9852 30
0 9853 30
0 9854 30
0 9855 30
0 9856 30
0 9857 30
0 9858 30
0 9859 29
0 9860 30
0 9861 30
0 9862 30
0 9863 30
0 9864 30
0 9865 30
0 9866 30
0 9867 30
0 9868 30
0 9869 30
0 9870 30
0 9871 30
0 9872 30
0 9873 30
0 9874 30
0 9875 30
0 9876 30
0 9877 30
0 9878 30
0 9879 30
0 9880 28
0 9881 30
0 9882 30
0 9883 28
0 9884 28
0 9885 30
0 9886 30
0 9887 30
0 9888 30
0 9889 30
0 9890 30
0 9891 30
0 9892 30
0 9893 30
0 9894 30
0 9895 28
0 9896 30
0 9897 30
0 9898 30
0 9899 30
0 9900 28
0 9901 28
0 9902 28
0 9903 28
0 9904 28
0 9905 28
0 9906 30
0 9907 30
0 9908 30
0 9909 30
0 9910 30
0 9911 30
0 9912 30
0 9913 30
0 9914 30
0 9915 28
0 9916 30
0 9917 30
0 9918 30
0 9919 30
0 9920 28
0 9921 30
0 9922 30
0 9923 28
0 9924 28
0 9925 30
0 9926 30
0 9927 30
0 9928 30
0 9929 30
0 9930 30
0 9931 30
0 9932 30
0 9933 30
0 9934 30
0 9935 30
0 9936 30
0 9937 30
0 9938 30
0 9939 30
0 9940 30
0 9941 30
0 9942 30
0 9943 28
0 9944 30
0 9945 30
0 9946 30
0 9947 30
0 9948 30
0 9949 30
0 9950 30
0 9951 30
0 9952 30
0 9953 30
0 9954 30
0 9955 28
0 9956 30
0 9957 30
0 9958 30
0 9959 30
0 9960 28
0 9961 30
0 9962 30
0 9963 30
0 9964 30
0 9965 30
0 9966 30
0 9967 30
0 9968 30
0 9969 30
0 9970 30
0 9971 30
0 9972 30
0 9973 30
0 9974 30
0 9975 30
0 9976 30
0 9977 30
0 9978 30
0 9979 30
0 9980 28
0 9981 30
0 9982 28
0 9983 28
0 9984 28
0 9985 30
0 9986 30
0 9987 30
0 9988 30
0 9989 30
0 9990 30
0 9991 30
0 9992 30
0 9993 28
0 9994 28
0 9995 28
0 9996 30
0 9997 30
0 9998 30
0 9999 30
