3455 29
2 3456 29
2 3457 29
2 3458 29
2 3459 29
2 3460 29
2 3461 29
2 3462 29
2 3463 29
2 3464 29
2 3465 29
2 3466 29
2 3467 29
2 0 27
2 1 27
2 2 27
2 3 27
2 4 27
2 5 27
2 6 27
2 7 27
2 8 27
2 9 27
2 10 27
2 11 26
2 12 27
2 13 27
2 14 27
2 15 27
2 16 27
2 17 28
2 18 27
2 19 28
2 20 27
2 21 27
2 22 27
2 23 27
2 24 27
2 25 27
2 26 27
2 27 27
2 28 27
2 29 28
2 30 28
2 31 27
2 32 27
2 33 27
2 34 28
2 35 27
2 36 27
2 37 28
2 38 27
2 39 28
2 40 28
2 41 28
2 42 27
2 43 27
2 44 27
2 45 27
2 46 27
2 47 27
2 48 27
2 49 27
2 50 28
2 51 27
2 52 27
2 53 27
2 54 28
2 55 27
2 56 27
2 57 28
2 58 27
2 59 28
2 60 27
2 61 27
2 62 27
2 63 27
2 64 27
2 65 28
2 66 27
2 67 27
2 68 28
2 69 27
2 70 27
2 71 27
2 72 28
2 73 27
2 74 28
2 75 27
2 76 28
2 77 27
2 78 27
2 79 27
2 80 27
2 81 27
2 82 27
2 83 27
2 84 27
2 85 27
2 86 27
2 87 28
2 88 27
2 89 27
2 90 27
2 91 28
2 92 26
2 93 27
2 94 28
2 95 27
2 96 27
2 97 27
2 98 27
2 99 27
2 100 27
2 101 27
2 102 29
2 103 30
2 104 29
2 105 30
2 106 30
2 107 31
2 108 29
2 109 29
2 110 27
2 111 27
2 112 28
2 113 28
2 114 28
2 115 28
2 116 29
2 117 29
2 118 29
2 119 30
2 120 30
2 121 30
2 122 30
2 123 30
2 124 30
2 125 30
2 126 30
2 127 30
2 128 28
2 129 28
2 130 28
2 131 30
2 132 30
2 133 29
2 134 29
2 135 30
2 136 30
2 137 28
2 138 28
2 139 28
2 140 28
2 141 28
2 142 29
2 143 30
2 144 30
2 145 30
2 146 30
2 147 30
2 148 30
2 149 30
2 150 30
2 151 30
2 152 30
2 153 29
2 154 29
2 155 30
2 156 30
2 157 28
2 158 28
2 159 28
2 160 29
2 161 30
2 162 30
2 163 29
2 164 29
2 165 29
2 166 29
2 167 29
2 168 29
2 169 30
2 170 30
2 171 29
2 172 29
2 173 29
2 174 29
2 175 29
2 176 29
2 177 30
2 178 30
2 179 30
2 180 30
2 181 30
2 182 29
2 183 29
2 184 29
2 185 29
2 186 29
2 187 29
2 188 29
2 189 29
2 190 30
2 191 29
2 192 29
2 193 29
2 194 29
2 195 29
2 196 29
2 197 30
2 198 30
2 199 30
2 200 30
2 201 30
2 202 29
2 203 29
2 204 29
2 205 29
2 206 29
2 207 29
2 208 30
2 209 30
2 210 30
2 211 29
2 212 29
2 213 29
2 214 29
2 215 30
2 216 29
2 217 29
2 218 29
2 219 30
2 220 30
2 221 30
2 222 30
2 223 30
2 224 30
2 225 30
2 226 29
2 227 30
2 228 30
2 229 30
2 230 30
2 231 30
2 232 30
2 233 29
2 234 29
2 235 30
2 236 30
2 237 29
2 238 29
2 239 30
2 240 29
2 241 30
2 242 30
2 243 29
2 244 29
2 245 29
2 246 29
2 247 30
2 248 30
2 249 30
2 250 30
2 251 29
2 252 29
2 253 29
2 254 29
2 255 29
2 256 29
2 257 30
2 258 29
2 259 29
2 260 29
2 261 29
2 262 29
2 263 29
2 264 29
2 265 29
2 266 29
2 267 29
2 268 29
2 269 29
2 270 29
2 271 29
2 272 29
2 273 29
2 274 29
2 275 29
2 276 29
2 277 30
2 278 30
2 279 30
2 280 29
2 281 29
2 282 29
2 283 29
2 284 29
2 285 29
2 286 29
2 287 29
2 288 29
2 289 29
2 290 29
2 291 29
2 292 29
2 293 29
2 294 29
2 295 29
2 296 29
2 297 30
2 298 29
2 299 30
2 300 29
2 301 29
2 302 29
2 303 29
2 304 29
2 305 29
2 306 29
2 307 29
2 308 29
2 309 29
2 310 30
2 311 29
2 312 29
2 313 29
2 314 29
2 315 29
2 316 29
2 317 30
2 318 30
2 319 30
2 320 30
2 321 30
2 322 29
2 323 29
2 324 29
2 325 29
2 326 29
2 327 29
2 328 29
2 329 30
2 330 30
2 331 29
2 332 29
2 333 29
2 334 29
2 335 29
2 336 29
2 337 30
2 338 30
2 339 30
2 340 30
2 341 30
2 342 29
2 343 29
2 344 29
2 345 29
2 346 29
2 347 29
2 348 29
2 349 29
2 350 30
2 351 29
2 352 29
2 353 29
2 354 29
2 355 29
2 356 29
2 357 29
2 358 29
2 359 30
2 360 29
2 361 29
2 362 29
2 363 29
2 364 29
2 365 29
2 366 29
2 367 29
2 368 29
2 369 29
2 370 29
2 371 29
2 372 29
2 373 29
2 374 29
2 375 29
2 376 29
2 377 29
2 378 29
2 379 29
2 380 29
2 381 29
2 382 29
2 383 29
2 384 29
2 385 29
2 386 29
2 387 29
2 388 29
2 389 29
2 390 29
2 391 29
2 392 29
2 393 29
2 394 29
2 395 29
2 396 29
2 397 29
2 398 29
2 399 29
2 400 29
2 401 29
2 402 29
2 403 29
2 404 29
2 405 29
2 406 29
2 407 29
2 408 29
2 409 29
2 410 29
2 411 29
2 412 29
2 413 29
2 414 29
2 415 29
2 416 29
2 417 30
2 418 29
2 419 30
2 420 29
2 421 29
2 422 29
2 423 29
2 424 29
2 425 29
2 426 29
2 427 29
2 428 29
2 429 29
2 430 29
2 431 29
2 432 29
2 433 29
2 434 29
2 435 29
2 436 29
2 437 30
2 438 29
2 439 29
2 440 29
2 441 29
2 442 29
2 443 29
2 444 29
2 445 29
2 446 29
2 447 29
2 448 29
2 449 29
2 450 29
2 451 29
2 452 29
2 453 29
2 454 29
2 455 29
2 456 29
2 457 29
2 458 29
2 459 29
2 460 29
2 461 29
2 462 29
2 463 29
2 464 29
2 465 29
2 466 29
2 467 29
2 468 29
2 469 29
2 470 29
2 471 29
2 472 29
2 473 29
2 474 29
2 475 29
2 476 29
2 477 29
2 478 29
2 479 29
2 480 29
2 481 29
2 482 29
2 483 29
2 484 29
2 485 29
2 486 29
2 487 29
2 488 29
2 489 29
2 490 29
2 491 29
2 492 29
2 493 29
2 494 29
2 495 29
2 496 29
2 497 29
2 498 29
2 499 29
2 500 29
2 501 29
2 502 29
2 503 29
2 504 29
2 505 29
2 506 29
2 507 29
2 508 29
2 509 29
2 510 29
2 511 29
2 512 29
2 513 29
2 514 29
2 515 29
2 516 29
2 517 29
2 518 29
2 519 29
2 520 29
2 521 29
2 522 29
2 523 29
2 524 29
2 525 29
2 526 29
2 527 29
2 528 29
2 529 29
2 530 29
2 531 29
2 532 29
2 533 29
2 534 29
2 535 29
2 536 29
2 537 29
2 538 29
2 539 29
2 540 29
2 541 29
2 542 29
2 543 29
2 544 29
2 545 29
2 546 29
2 547 29
2 548 29
2 549 29
2 550 29
2 551 29
2 552 29
2 553 29
2 554 29
2 555 29
2 556 29
2 557 29
2 558 29
2 559 29
2 560 29
2 561 29
2 562 29
2 563 29
2 564 29
2 565 29
2 566 29
2 567 29
2 568 29
2 569 29
2 570 29
2 571 29
2 572 29
2 573 29
2 574 31
2 575 29
2 576 29
2 577 29
2 578 29
2 579 29
2 580 29
2 581 29
2 582 29
2 583 29
2 584 29
2 585 29
2 586 29
2 587 29
2 588 29
2 589 29
2 590 29
2 591 29
2 592 29
2 593 29
2 594 30
2 595 29
2 596 29
2 597 29
2 598 29
2 599 29
2 600 29
2 601 29
2 602 29
2 603 29
2 604 29
2 605 29
2 606 29
2 607 29
2 608 29
2 609 29
2 610 29
2 611 29
2 612 29
2 613 29
2 614 29
2 615 29
2 616 29
2 617 29
2 618 29
2 619 29
2 620 29
2 621 29
2 622 29
2 623 29
2 624 29
2 625 29
2 626 29
2 627 29
2 628 29
2 629 29
2 630 29
2 631 29
2 632 29
2 633 29
2 634 29
2 635 29
2 636 29
2 637 29
2 638 29
2 639 29
2 640 29
2 641 29
2 642 29
2 643 29
2 644 29
2 645 29
2 646 29
2 647 29
2 648 29
2 649 29
2 650 29
2 651 30
2 652 29
2 653 30
2 654 31
2 655 29
2 656 29
2 657 29
2 658 29
2 659 29
2 660 29
2 661 29
2 662 29
2 663 29
2 664 29
2 665 29
2 666 29
2 667 29
2 668 29
2 669 29
2 670 29
2 671 29
2 672 30
2 673 30
2 674 31
2 675 29
2 676 29
2 677 29
2 678 29
2 679 29
2 680 29
2 681 29
2 682 29
2 683 29
2 684 29
2 685 29
2 686 29
2 687 29
2 688 29
2 689 29
2 690 29
2 691 30
2 692 29
2 693 30
2 694 31
2 695 29
2 696 29
2 697 29
2 698 29
2 699 29
2 700 29
2 701 29
2 702 29
2 703 29
2 704 29
2 705 29
2 706 29
2 707 29
2 708 29
2 709 29
2 710 29
2 711 29
2 712 29
2 713 29
2 714 29
2 715 29
2 716 29
2 717 29
2 718 29
2 719 29
2 720 29
2 721 29
2 722 29
2 723 29
2 724 29
2 725 29
2 726 29
2 727 29
2 728 29
2 729 29
2 730 29
2 731 29
2 732 29
2 733 29
2 734 29
2 735 29
2 736 29
2 737 29
2 738 29
2 739 29
2 740 29
2 741 29
2 742 29
2 743 29
2 744 29
2 745 29
2 746 29
2 747 29
2 748 29
2 749 29
2 750 29
2 751 29
2 752 30
2 753 30
2 754 31
2 755 30
2 756 30
2 757 29
2 758 29
2 759 29
2 760 29
2 761 29
2 762 29
2 763 30
2 764 30
2 765 31
2 766 31
2 767 30
2 768 30
2 769 29
2 770 29
2 771 31
2 772 31
2 773 30
2 774 31
2 775 30
2 776 30
2 777 29
2 778 29
2 779 29
2 780 29
2 781 29
2 782 29
2 783 31
2 784 30
2 785 30
2 786 31
2 787 30
2 788 29
2 789 30
2 790 29
2 791 29
2 792 31
2 793 31
2 794 31
2 795 29
2 796 29
2 797 29
2 798 29
2 799 29
2 800 29
2 801 29
2 802 29
2 803 29
2 804 29
2 805 29
2 806 29
2 807 29
2 808 29
2 809 29
2 810 29
2 811 29
2 812 29
2 813 29
2 814 31
2 815 29
2 816 29
2 817 29
2 818 29
2 819 29
2 820 29
2 821 29
2 822 29
2 823 29
2 824 29
2 825 29
2 826 29
2 827 29
2 828 29
2 829 29
2 830 29
2 831 29
2 832 29
2 833 29
2 834 31
2 835 29
2 836 29
2 837 29
2 838 29
2 839 29
2 840 29
2 841 29
2 842 29
2 843 29
2 844 29
2 845 30
2 846 30
2 847 29
2 848 29
2 849 29
2 850 29
2 851 31
2 852 31
2 853 31
2 854 31
2 855 29
2 856 30
2 857 29
2 858 29
2 859 29
2 860 29
2 861 29
2 862 29
2 863 31
2 864 31
2 865 31
2 866 31
2 867 31
2 868 30
2 869 30
2 870 29
2 871 31
2 872 31
2 873 30
2 874 31
2 875 30
2 876 30
2 877 29
2 878 29
2 879 29
2 880 29
2 881 29
2 882 30
2 883 31
2 884 30
2 885 31
2 886 31
2 887 30
2 888 30
2 889 29
2 890 29
2 891 31
2 892 30
2 893 30
2 894 31
2 895 29
2 896 30
2 897 29
2 898 29
2 899 29
2 900 29
2 901 29
2 902 29
2 903 29
2 904 29
2 905 29
2 906 29
2 907 29
2 908 29
2 909 29
2 910 29
2 911 29
2 912 30
2 913 30
2 914 31
2 915 29
2 916 29
2 917 29
2 918 29
2 919 29
2 920 29
2 921 29
2 922 29
2 923 29
2 924 29
2 925 29
2 926 29
2 927 29
2 928 29
2 929 29
2 930 29
2 931 30
2 932 30
2 933 30
2 934 31
2 935 29
2 936 29
2 937 29
2 938 29
2 939 29
2 940 29
2 941 29
2 942 29
2 943 30
2 944 30
2 945 31
2 946 31
2 947 30
2 948 30
2 949 30
2 950 29
2 951 31
2 952 31
2 953 30
2 954 31
2 955 30
2 956 30
2 957 29
2 958 29
2 959 29
2 960 29
2 961 29
2 962 31
2 963 31
2 964 30
2 965 31
2 966 31
2 967 30
2 968 30
2 969 30
2 970 29
2 971 31
2 972 31
2 973 30
2 974 30
2 975 30
2 976 30
2 977 30
2 978 29
2 979 29
2 980 29
2 981 29
2 982 31
2 983 31
2 984 31
2 985 31
2 986 30
2 987 30
2 988 30
2 989 30
2 990 29
2 991 31
2 992 30
2 993 31
2 994 31
2 995 30
2 996 30
2 997 29
2 998 29
2 999 29
2 1000 29
2 1001 29
2 1002 29
2 1003 29
2 1004 29
2 1005 30
2 1006 30
2 1007 29
2 1008 29
2 1009 29
2 1010 29
2 1011 29
2 1012 29
2 1013 29
2 1014 31
2 1015 29
2 1016 29
2 1017 29
2 1018 29
2 1019 29
2 1020 29
2 1021 29
2 1022 29
2 1023 29
2 1024 29
2 1025 30
2 1026 31
2 1027 31
2 1028 30
2 1029 30
2 1030 29
2 1031 31
2 1032 31
2 1033 31
2 1034 31
2 1035 30
2 1036 30
2 1037 29
2 1038 29
2 1039 29
2 1040 29
2 1041 29
2 1042 30
2 1043 31
2 1044 31
2 1045 31
2 1046 31
2 1047 30
2 1048 30
2 1049 30
2 1050 29
2 1051 31
2 1052 31
2 1053 30
2 1054 31
2 1055 30
2 1056 30
2 1057 29
2 1058 29
2 1059 29
2 1060 29
2 1061 30
2 1062 31
2 1063 31
2 1064 31
2 1065 31
2 1066 31
2 1067 31
2 1068 30
2 1069 30
2 1070 29
2 1071 31
2 1072 31
2 1073 30
2 1074 30
2 1075 30
2 1076 30
2 1077 30
2 1078 29
2 1079 29
2 1080 29
2 1081 29
2 1082 29
2 1083 31
2 1084 31
2 1085 31
2 1086 31
2 1087 30
2 1088 30
2 1089 30
2 1090 29
2 1091 31
2 1092 31
2 1093 30
2 1094 31
2 1095 30
2 1096 30
2 1097 29
2 1098 29
2 1099 29
2 1100 29
2 1101 29
2 1102 29
2 1103 29
2 1104 30
2 1105 29
2 1106 30
2 1107 29
2 1108 29
2 1109 29
2 1110 29
2 1111 29
2 1112 30
2 1113 30
2 1114 31
2 1115 29
2 1116 29
2 1117 29
2 1118 29
2 1119 29
2 1120 29
2 1121 29
2 1122 29
2 1123 30
2 1124 30
2 1125 31
2 1126 30
2 1127 30
2 1128 29
2 1129 29
2 1130 29
2 1131 31
2 1132 29
2 1133 30
2 1134 31
2 1135 29
2 1136 30
2 1137 29
2 1138 29
2 1139 29
2 1140 29
2 1141 29
2 1142 31
2 1143 31
2 1144 31
2 1145 31
2 1146 31
2 1147 31
2 1148 30
2 1149 30
2 1150 29
2 1151 31
2 1152 31
2 1153 30
2 1154 30
2 1155 31
2 1156 29
2 1157 30
2 1158 29
2 1159 30
2 1160 29
2 1161 30
2 1162 31
2 1163 31
2 1164 30
2 1165 30
2 1166 31
2 1167 31
2 1168 30
2 1169 30
2 1170 30
2 1171 31
2 1172 31
2 1173 30
2 1174 30
2 1175 30
2 1176 30
2 1177 29
2 1178 29
2 1179 29
2 1180 29
2 1181 29
2 1182 31
2 1183 31
2 1184 31
2 1185 31
2 1186 31
2 1187 31
2 1188 30
2 1189 30
2 1190 29
2 1191 30
2 1192 31
2 1193 31
2 1194 30
2 1195 30
2 1196 30
2 1197 29
2 1198 29
2 1199 29
2 1200 29
2 1201 29
2 1202 29
2 1203 29
2 1204 29
2 1205 30
2 1206 29
2 1207 29
2 1208 29
2 1209 29
2 1210 29
2 1211 30
2 1212 29
2 1213 30
2 1214 31
2 1215 29
2 1216 29
2 1217 29
2 1218 29
2 1219 29
2 1220 29
2 1221 29
2 1222 29
2 1223 29
2 1224 30
2 1225 30
2 1226 30
2 1227 30
2 1228 29
2 1229 29
2 1230 29
2 1231 31
2 1232 31
2 1233 30
2 1234 31
2 1235 30
2 1236 30
2 1237 29
2 1238 29
2 1239 29
2 1240 29
2 1241 29
2 1242 31
2 1243 31
2 1244 31
2 1245 31
2 1246 31
2 1247 31
2 1248 30
2 1249 30
2 1250 30
2 1251 31
2 1252 31
2 1253 30
2 1254 30
2 1255 30
2 1256 30
2 1257 30
2 1258 29
2 1259 29
2 1260 29
2 1261 30
2 1262 31
2 1263 31
2 1264 30
2 1265 31
2 1266 30
2 1267 31
2 1268 30
2 1269 30
2 1270 30
2 1271 31
2 1272 31
2 1273 30
2 1274 30
2 1275 30
2 1276 30
2 1277 29
2 1278 29
2 1279 29
2 1280 29
2 1281 30
2 1282 31
2 1283 31
2 1284 30
2 1285 31
2 1286 31
2 1287 30
2 1288 30
2 1289 30
2 1290 29
2 1291 31
2 1292 31
2 1293 31
2 1294 30
2 1295 30
2 1296 30
2 1297 29
2 1298 29
2 1299 29
2 1300 29
2 1301 29
2 1302 29
2 1303 29
2 1304 29
2 1305 29
2 1306 29
2 1307 29
2 1308 29
2 1309 29
2 1310 29
2 1311 29
2 1312 30
2 1313 30
2 1314 31
2 1315 30
2 1316 30
2 1317 29
2 1318 29
2 1319 29
2 1320 29
2 1321 29
2 1322 29
2 1323 29
2 1324 30
2 1325 31
2 1326 30
2 1327 30
2 1328 30
2 1329 30
2 1330 29
2 1331 31
2 1332 31
2 1333 31
2 1334 30
2 1335 30
2 1336 30
2 1337 29
2 1338 29
2 1339 29
2 1340 29
2 1341 30
2 1342 31
2 1343 31
2 1344 31
2 1345 31
2 1346 30
2 1347 31
2 1348 31
2 1349 31
2 1350 30
2 1351 31
2 1352 31
2 1353 30
2 1354 30
2 1355 30
2 1356 30
2 1357 30
2 1358 29
2 1359 29
2 1360 29
2 1361 31
2 1362 31
2 1363 31
2 1364 30
2 1365 30
2 1366 31
2 1367 31
2 1368 30
2 1369 31
2 1370 30
2 1371 31
2 1372 31
2 1373 30
2 1374 30
2 1375 31
2 1376 30
2 1377 30
2 1378 29
2 1379 30
2 1380 29
2 1381 30
2 1382 31
2 1383 31
2 1384 31
2 1385 30
2 1386 30
2 1387 30
2 1388 30
2 1389 29
2 1390 29
2 1391 31
2 1392 31
2 1393 31
2 1394 31
2 1395 30
2 1396 30
2 1397 29
2 1398 29
2 1399 29
2 1400 29
2 1401 29
2 1402 29
2 1403 29
2 1404 30
2 1405 30
2 1406 30
2 1407 29
2 1408 29
2 1409 29
2 1410 29
2 1411 31
2 1412 31
2 1413 30
2 1414 31
2 1415 29
2 1416 30
2 1417 29
2 1418 29
2 1419 29
2 1420 29
2 1421 29
2 1422 29
2 1423 29
2 1424 30
2 1425 30
2 1426 31
2 1427 30
2 1428 30
2 1429 30
2 1430 29
2 1431 31
2 1432 31
2 1433 30
2 1434 30
2 1435 30
2 1436 30
2 1437 29
2 1438 29
2 1439 29
2 1440 29
2 1441 31
2 1442 31
2 1443 31
2 1444 30
2 1445 31
2 1446 31
2 1447 31
2 1448 30
2 1449 30
2 1450 30
2 1451 30
2 1452 31
2 1453 30
2 1454 30
2 1455 30
2 1456 30
2 1457 29
2 1458 29
2 1459 29
2 1460 30
2 1461 31
2 1462 31
2 1463 31
2 1464 31
2 1465 31
2 1466 31
2 1467 31
2 1468 30
2 1469 30
2 1470 30
2 1471 31
2 1472 31
2 1473 30
2 1474 30
2 1475 31
2 1476 30
2 1477 30
2 1478 29
2 1479 29
2 1480 29
2 1481 29
2 1482 31
2 1483 31
2 1484 30
2 1485 31
2 1486 31
2 1487 30
2 1488 30
2 1489 30
2 1490 29
2 1491 31
2 1492 31
2 1493 30
2 1494 31
2 1495 29
2 1496 30
2 1497 29
2 1498 29
2 1499 29
2 1500 29
2 1501 29
2 1502 29
2 1503 29
2 1504 30
2 1505 30
2 1506 30
2 1507 30
2 1508 29
2 1509 29
2 1510 29
2 1511 29
2 1512 31
2 1513 31
2 1514 30
2 1515 30
2 1516 30
2 1517 29
2 1518 29
2 1519 29
2 1520 29
2 1521 29
2 1522 29
2 1523 31
2 1524 30
2 1525 31
2 1526 31
2 1527 31
2 1528 30
2 1529 30
2 1530 29
2 1531 31
2 1532 31
2 1533 30
2 1534 31
2 1535 30
2 1536 30
2 1537 29
2 1538 29
2 1539 31
2 1540 30
2 1541 31
2 1542 31
2 1543 30
2 1544 31
2 1545 31
2 1546 31
2 1547 31
2 1548 31
2 1549 31
2 1550 30
2 1551 31
2 1552 30
2 1553 30
2 1554 30
2 1555 31
2 1556 29
2 1557 30
2 1558 29
2 1559 29
2 1560 29
2 1561 29
2 1562 31
2 1563 31
2 1564 31
2 1565 31
2 1566 31
2 1567 31
2 1568 30
2 1569 30
2 1570 30
2 1571 31
2 1572 31
2 1573 30
2 1574 30
2 1575 30
2 1576 30
2 1577 29
2 1578 29
2 1579 29
2 1580 29
2 1581 29
2 1582 29
2 1583 31
2 1584 30
2 1585 30
2 1586 31
2 1587 30
2 1588 30
2 1589 29
2 1590 29
2 1591 31
2 1592 31
2 1593 31
2 1594 31
2 1595 29
2 1596 29
2 1597 29
2 1598 29
2 1599 29
2 1600 29
2 1601 29
2 1602 30
2 1603 30
2 1604 30
2 1605 30
2 1606 30
2 1607 30
2 1608 29
2 1609 29
2 1610 29
2 1611 30
2 1612 30
2 1613 30
2 1614 31
2 1615 29
2 1616 30
2 1617 29
2 1618 29
2 1619 29
2 1620 29
2 1621 29
2 1622 29
2 1623 29
2 1624 31
2 1625 31
2 1626 31
2 1627 30
2 1628 30
2 1629 30
2 1630 29
2 1631 31
2 1632 31
2 1633 30
2 1634 30
2 1635 30
2 1636 30
2 1637 29
2 1638 29
2 1639 29
2 1640 29
2 1641 29
2 1642 31
2 1643 31
2 1644 31
2 1645 31
2 1646 31
2 1647 31
2 1648 30
2 1649 30
2 1650 30
2 1651 31
2 1652 31
2 1653 30
2 1654 30
2 1655 30
2 1656 30
2 1657 29
2 1658 29
2 1659 29
2 1660 29
2 1661 30
2 1662 31
2 1663 31
2 1664 31
2 1665 31
2 1666 30
2 1667 31
2 1668 30
2 1669 30
2 1670 29
2 1671 31
2 1672 31
2 1673 30
2 1674 31
2 1675 30
2 1676 30
2 1677 29
2 1678 29
2 1679 29
2 1680 29
2 1681 29
2 1682 29
2 1683 31
2 1684 30
2 1685 30
2 1686 31
2 1687 30
2 1688 29
2 1689 29
2 1690 29
2 1691 29
2 1692 30
2 1693 30
2 1694 31
2 1695 29
2 1696 29
2 1697 29
2 1698 29
2 1699 29
2 1700 29
2 1701 29
2 1702 29
2 1703 29
2 1704 29
2 1705 29
2 1706 29
2 1707 29
2 1708 29
2 1709 29
2 1710 29
2 1711 30
2 1712 30
2 1713 31
2 1714 31
2 1715 29
2 1716 29
2 1717 29
2 1718 29
2 1719 29
2 1720 29
2 1721 29
2 1722 29
2 1723 31
2 1724 31
2 1725 31
2 1726 30
2 1727 30
2 1728 30
2 1729 29
2 1730 29
2 1731 31
2 1732 31
2 1733 31
2 1734 30
2 1735 30
2 1736 30
2 1737 30
2 1738 29
2 1739 29
2 1740 29
2 1741 30
2 1742 31
2 1743 31
2 1744 31
2 1745 31
2 1746 31
2 1747 31
2 1748 30
2 1749 30
2 1750 29
2 1751 31
2 1752 31
2 1753 30
2 1754 30
2 1755 30
2 1756 30
2 1757 29
2 1758 29
2 1759 29
2 1760 29
2 1761 30
2 1762 31
2 1763 31
2 1764 30
2 1765 31
2 1766 30
2 1767 30
2 1768 30
2 1769 29
2 1770 29
2 1771 31
2 1772 31
2 1773 30
2 1774 31
2 1775 30
2 1776 30
2 1777 29
2 1778 29
2 1779 29
2 1780 29
2 1781 29
2 1782 29
2 1783 30
2 1784 30
2 1785 30
2 1786 30
2 1787 30
2 1788 29
2 1789 29
2 1790 29
2 1791 29
2 1792 30
2 1793 31
2 1794 30
2 1795 30
2 1796 30
2 1797 29
2 1798 29
2 1799 29
2 1800 29
2 1801 29
2 1802 29
2 1803 29
2 1804 30
2 1805 30
2 1806 30
2 1807 29
2 1808 29
2 1809 29
2 1810 29
2 1811 31
2 1812 29
2 1813 31
2 1814 31
2 1815 29
2 1816 30
2 1817 29
2 1818 29
2 1819 29
2 1820 29
2 1821 29
2 1822 30
2 1823 31
2 1824 30
2 1825 31
2 1826 31
2 1827 31
2 1828 30
2 1829 30
2 1830 29
2 1831 31
2 1832 31
2 1833 30
2 1834 30
2 1835 30
2 1836 30
2 1837 30
2 1838 29
2 1839 29
2 1840 29
2 1841 29
2 1842 31
2 1843 31
2 1844 31
2 1845 31
2 1846 31
2 1847 30
2 1848 30
2 1849 30
2 1850 29
2 1851 31
2 1852 31
2 1853 30
2 1854 31
2 1855 30
2 1856 30
2 1857 29
2 1858 29
2 1859 29
2 1860 29
2 1861 30
2 1862 31
2 1863 31
2 1864 31
2 1865 30
2 1866 31
2 1867 30
2 1868 30
2 1869 30
2 1870 29
2 1871 30
2 1872 31
2 1873 31
2 1874 30
2 1875 30
2 1876 30
2 1877 29
2 1878 29
2 1879 29
2 1880 29
2 1881 29
2 1882 29
2 1883 29
2 1884 30
2 1885 30
2 1886 29
2 1887 29
2 1888 29
2 1889 29
2 1890 29
2 1891 31
2 1892 29
2 1893 30
2 1894 31
2 1895 29
2 1896 29
2 1897 29
2 1898 29
2 1899 29
2 1900 29
2 1901 29
2 1902 29
2 1903 29
2 1904 29
2 1905 29
2 1906 29
2 1907 29
2 1908 29
2 1909 29
2 1910 29
2 1911 29
2 1912 30
2 1913 30
2 1914 31
2 1915 30
2 1916 29
2 1917 29
2 1918 29
2 1919 29
2 1920 29
2 1921 29
2 1922 30
2 1923 31
2 1924 31
2 1925 31
2 1926 31
2 1927 30
2 1928 30
2 1929 30
2 1930 29
2 1931 31
2 1932 31
2 1933 30
2 1934 30
2 1935 30
2 1936 30
2 1937 29
2 1938 29
2 1939 29
2 1940 29
2 1941 30
2 1942 31
2 1943 31
2 1944 31
2 1945 31
2 1946 31
2 1947 31
2 1948 30
2 1949 30
2 1950 29
2 1951 31
2 1952 31
2 1953 30
2 1954 30
2 1955 30
2 1956 30
2 1957 29
2 1958 29
2 1959 29
2 1960 29
2 1961 29
2 1962 30
2 1963 31
2 1964 31
2 1965 31
2 1966 30
2 1967 30
2 1968 30
2 1969 29
2 1970 29
2 1971 31
2 1972 30
2 1973 31
2 1974 31
2 1975 29
2 1976 30
2 1977 29
2 1978 29
2 1979 29
2 1980 29
2 1981 29
2 1982 29
2 1983 29
2 1984 29
2 1985 29
2 1986 30
2 1987 29
2 1988 29
2 1989 29
2 1990 29
2 1991 29
2 1992 29
2 1993 30
2 1994 31
2 1995 29
2 1996 29
2 1997 29
2 1998 29
2 1999 29
2 2000 29
2 2001 29
2 2002 29
2 2003 29
2 2004 29
2 2005 29
2 2006 29
2 2007 29
2 2008 29
2 2009 29
2 2010 29
2 2011 30
2 2012 29
2 2013 30
2 2014 31
2 2015 29
2 2016 29
2 2017 29
2 2018 29
2 2019 29
2 2020 29
2 2021 29
2 2022 29
2 2023 29
2 2024 30
2 2025 30
2 2026 31
2 2027 30
2 2028 30
2 2029 30
2 2030 29
2 2031 31
2 2032 31
2 2033 30
2 2034 31
2 2035 30
2 2036 30
2 2037 29
2 2038 29
2 2039 29
2 2040 29
2 2041 29
2 2042 30
2 2043 31
2 2044 31
2 2045 31
2 2046 31
2 2047 30
2 2048 30
2 2049 30
2 2050 30
2 2051 31
2 2052 31
2 2053 30
2 2054 30
2 2055 30
2 2056 30
2 2057 29
2 2058 29
2 2059 29
2 2060 29
2 2061 29
2 2062 31
2 2063 30
2 2064 31
2 2065 31
2 2066 31
2 2067 30
2 2068 30
2 2069 29
2 2070 29
2 2071 31
2 2072 31
2 2073 31
2 2074 31
2 2075 29
2 2076 29
2 2077 29
2 2078 29
2 2079 29
2 2080 29
2 2081 29
2 2082 29
2 2083 29
2 2084 29
2 2085 30
2 2086 29
2 2087 29
2 2088 29
2 2089 29
2 2090 29
2 2091 29
2 2092 29
2 2093 29
2 2094 30
2 2095 29
2 2096 29
2 2097 29
2 2098 29
2 2099 29
2 2100 29
2 2101 29
2 2102 29
2 2103 29
2 2104 29
2 2105 29
2 2106 29
2 2107 29
2 2108 29
2 2109 29
2 2110 29
2 2111 29
2 2112 30
2 2113 30
2 2114 31
2 2115 30
2 2116 30
2 2117 29
2 2118 29
2 2119 29
2 2120 29
2 2121 29
2 2122 29
2 2123 30
2 2124 31
2 2125 31
2 2126 31
2 2127 30
2 2128 30
2 2129 29
2 2130 29
2 2131 31
2 2132 31
2 2133 30
2 2134 31
2 2135 30
2 2136 30
2 2137 29
2 2138 29
2 2139 29
2 2140 29
2 2141 29
2 2142 30
2 2143 31
2 2144 31
2 2145 31
2 2146 31
2 2147 31
2 2148 30
2 2149 30
2 2150 29
2 2151 31
2 2152 31
2 2153 31
2 2154 30
2 2155 30
2 2156 30
2 2157 29
2 2158 29
2 2159 29
2 2160 29
2 2161 29
2 2162 29
2 2163 30
2 2164 30
2 2165 30
2 2166 30
2 2167 29
2 2168 29
2 2169 29
2 2170 29
2 2171 30
2 2172 29
2 2173 30
2 2174 31
2 2175 29
2 2176 29
2 2177 29
2 2178 29
2 2179 29
2 2180 29
2 2181 29
2 2182 29
2 2183 29
2 2184 29
2 2185 29
2 2186 29
2 2187 29
2 2188 29
2 2189 29
2 2190 29
2 2191 29
2 2192 30
2 2193 29
2 2194 31
2 2195 29
2 2196 29
2 2197 29
2 2198 29
2 2199 29
2 2200 29
2 2201 29
2 2202 29
2 2203 29
2 2204 29
2 2205 29
2 2206 29
2 2207 29
2 2208 29
2 2209 29
2 2210 29
2 2211 31
2 2212 29
2 2213 31
2 2214 31
2 2215 29
2 2216 30
2 2217 29
2 2218 29
2 2219 29
2 2220 29
2 2221 29
2 2222 29
2 2223 29
2 2224 30
2 2225 30
2 2226 31
2 2227 31
2 2228 30
2 2229 30
2 2230 29
2 2231 31
2 2232 31
2 2233 31
2 2234 30
2 2235 30
2 2236 30
2 2237 29
2 2238 29
2 2239 29
2 2240 29
2 2241 29
2 2242 30
2 2243 31
2 2244 31
2 2245 31
2 2246 31
2 2247 30
2 2248 30
2 2249 29
2 2250 29
2 2251 31
2 2252 30
2 2253 31
2 2254 31
2 2255 29
2 2256 30
2 2257 29
2 2258 29
2 2259 29
2 2260 29
2 2261 29
2 2262 29
2 2263 29
2 2264 29
2 2265 29
2 2266 30
2 2267 29
2 2268 29
2 2269 29
2 2270 29
2 2271 29
2 2272 30
2 2273 29
2 2274 31
2 2275 29
2 2276 29
2 2277 29
2 2278 29
2 2279 29
2 2280 29
2 2281 29
2 2282 29
2 2283 29
2 2284 29
2 2285 29
2 2286 29
2 2287 29
2 2288 29
2 2289 29
2 2290 29
2 2291 29
2 2292 29
2 2293 29
2 2294 31
2 2295 29
2 2296 29
2 2297 29
2 2298 29
2 2299 29
2 2300 29
2 2301 29
2 2302 29
2 2303 29
2 2304 29
2 2305 29
2 2306 29
2 2307 29
2 2308 29
2 2309 29
2 2310 29
2 2311 30
2 2312 30
2 2313 31
2 2314 31
2 2315 29
2 2316 29
2 2317 29
2 2318 29
2 2319 29
2 2320 29
2 2321 29
2 2322 29
2 2323 29
2 2324 30
2 2325 30
2 2326 30
2 2327 30
2 2328 29
2 2329 29
2 2330 29
2 2331 31
2 2332 30
2 2333 31
2 2334 31
2 2335 30
2 2336 30
2 2337 29
2 2338 29
2 2339 29
2 2340 29
2 2341 29
2 2342 29
2 2343 29
2 2344 30
2 2345 30
2 2346 30
2 2347 30
2 2348 29
2 2349 29
2 2350 29
2 2351 31
2 2352 30
2 2353 31
2 2354 31
2 2355 30
2 2356 29
2 2357 29
2 2358 29
2 2359 29
2 2360 29
2 2361 29
2 2362 29
2 2363 29
2 2364 30
2 2365 29
2 2366 29
2 2367 29
2 2368 29
2 2369 29
2 2370 29
2 2371 30
2 2372 29
2 2373 30
2 2374 31
2 2375 29
2 2376 29
2 2377 29
2 2378 29
2 2379 29
2 2380 29
2 2381 29
2 2382 29
2 2383 29
2 2384 29
2 2385 29
2 2386 29
2 2387 29
2 2388 29
2 2389 29
2 2390 29
2 2391 29
2 2392 29
2 2393 29
2 2394 30
2 2395 29
2 2396 29
2 2397 29
2 2398 29
2 2399 29
2 2400 29
2 2401 29
2 2402 29
2 2403 29
2 2404 29
2 2405 29
2 2406 29
2 2407 29
2 2408 29
2 2409 29
2 2410 29
2 2411 29
2 2412 30
2 2413 30
2 2414 31
2 2415 29
2 2416 30
2 2417 29
2 2418 29
2 2419 29
2 2420 29
2 2421 29
2 2422 29
2 2423 29
2 2424 29
2 2425 29
2 2426 30
2 2427 30
2 2428 29
2 2429 29
2 2430 29
2 2431 31
2 2432 31
2 2433 31
2 2434 31
2 2435 30
2 2436 30
2 2437 29
2 2438 29
2 2439 29
2 2440 29
2 2441 29
2 2442 29
2 2443 30
2 2444 30
2 2445 31
2 2446 31
2 2447 30
2 2448 30
2 2449 29
2 2450 29
2 2451 30
2 2452 30
2 2453 30
2 2454 31
2 2455 29
2 2456 29
2 2457 29
2 2458 29
2 2459 29
2 2460 29
2 2461 29
2 2462 29
2 2463 29
2 2464 29
2 2465 29
2 2466 29
2 2467 29
2 2468 29
2 2469 29
2 2470 29
2 2471 29
2 2472 29
2 2473 29
2 2474 30
2 2475 29
2 2476 29
2 2477 29
2 2478 29
2 2479 29
2 2480 29
2 2481 29
2 2482 29
2 2483 29
2 2484 29
2 2485 29
2 2486 29
2 2487 29
2 2488 29
2 2489 29
2 2490 29
2 2491 29
2 2492 29
2 2493 29
2 2494 29
2 2495 29
2 2496 29
2 2497 29
2 2498 29
2 2499 29
2 2500 29
2 2501 29
2 2502 29
2 2503 29
2 2504 29
2 2505 29
2 2506 29
2 2507 29
2 2508 29
2 2509 29
2 2510 29
2 2511 29
2 2512 30
2 2513 30
2 2514 31
2 2515 30
2 2516 29
2 2517 29
2 2518 29
2 2519 29
2 2520 29
2 2521 29
2 2522 29
2 2523 29
2 2524 29
2 2525 30
2 2526 30
2 2527 29
2 2528 29
2 2529 29
2 2530 29
2 2531 31
2 2532 30
2 2533 30
2 2534 31
2 2535 29
2 2536 30
2 2537 29
2 2538 29
2 2539 29
2 2540 29
2 2541 29
2 2542 29
2 2543 29
2 2544 30
2 2545 30
2 2546 30
2 2547 30
2 2548 29
2 2549 29
2 2550 29
2 2551 29
2 2552 30
2 2553 31
2 2554 31
2 2555 29
2 2556 29
2 2557 29
2 2558 29
2 2559 29
2 2560 29
2 2561 29
2 2562 29
2 2563 30
2 2564 29
2 2565 30
2 2566 29
2 2567 29
2 2568 29
2 2569 29
2 2570 29
2 2571 29
2 2572 29
2 2573 29
2 2574 29
2 2575 29
2 2576 29
2 2577 29
2 2578 29
2 2579 29
2 2580 29
2 2581 29
2 2582 29
2 2583 29
2 2584 29
2 2585 29
2 2586 29
2 2587 29
2 2588 29
2 2589 29
2 2590 29
2 2591 29
2 2592 29
2 2593 29
2 2594 30
2 2595 29
2 2596 29
2 2597 29
2 2598 29
2 2599 29
2 2600 29
2 2601 29
2 2602 29
2 2603 29
2 2604 29
2 2605 29
2 2606 29
2 2607 29
2 2608 29
2 2609 29
2 2610 29
2 2611 30
2 2612 29
2 2613 30
2 2614 31
2 2615 29
2 2616 30
2 2617 29
2 2618 29
2 2619 29
2 2620 29
2 2621 29
2 2622 29
2 2623 29
2 2624 29
2 2625 30
2 2626 31
2 2627 31
2 2628 30
2 2629 29
2 2630 29
2 2631 29
2 2632 30
2 2633 30
2 2634 31
2 2635 30
2 2636 29
2 2637 29
2 2638 29
2 2639 29
2 2640 29
2 2641 29
2 2642 29
2 2643 29
2 2644 29
2 2645 30
2 2646 29
2 2647 29
2 2648 29
2 2649 29
2 2650 29
2 2651 30
2 2652 29
2 2653 30
2 2654 31
2 2655 29
2 2656 29
2 2657 29
2 2658 29
2 2659 29
2 2660 29
2 2661 29
2 2662 29
2 2663 29
2 2664 29
2 2665 29
2 2666 29
2 2667 29
2 2668 29
2 2669 29
2 2670 29
2 2671 29
2 2672 29
2 2673 29
2 2674 29
2 2675 29
2 2676 29
2 2677 29
2 2678 29
2 2679 29
2 2680 29
2 2681 29
2 2682 29
2 2683 29
2 2684 29
2 2685 29
2 2686 29
2 2687 29
2 2688 29
2 2689 29
2 2690 29
2 2691 29
2 2692 29
2 2693 29
2 2694 31
2 2695 29
2 2696 29
2 2697 29
2 2698 29
2 2699 29
2 2700 29
2 2701 29
2 2702 29
2 2703 29
2 2704 29
2 2705 29
2 2706 29
2 2707 29
2 2708 29
2 2709 29
2 2710 29
2 2711 29
2 2712 30
2 2713 30
2 2714 31
2 2715 29
2 2716 29
2 2717 29
2 2718 29
2 2719 29
2 2720 29
2 2721 29
2 2722 29
2 2723 29
2 2724 29
2 2725 30
2 2726 29
2 2727 29
2 2728 29
2 2729 29
2 2730 29
2 2731 30
2 2732 29
2 2733 30
2 2734 31
2 2735 29
2 2736 29
2 2737 29
2 2738 29
2 2739 29
2 2740 29
2 2741 29
2 2742 29
2 2743 29
2 2744 29
2 2745 29
2 2746 29
2 2747 29
2 2748 29
2 2749 29
2 2750 29
2 2751 29
2 2752 29
2 2753 30
2 2754 31
2 2755 29
2 2756 29
2 2757 29
2 2758 29
2 2759 29
2 2760 29
2 2761 29
2 2762 29
2 2763 29
2 2764 29
2 2765 29
2 2766 29
2 2767 29
2 2768 29
2 2769 29
2 2770 29
2 2771 29
2 2772 29
2 2773 29
2 2774 29
2 2775 29
2 2776 29
2 2777 29
2 2778 29
2 2779 29
2 2780 29
2 2781 29
2 2782 29
2 2783 29
2 2784 29
2 2785 29
2 2786 29
2 2787 29
2 2788 29
2 2789 29
2 2790 29
2 2791 29
2 2792 29
2 2793 29
2 2794 29
2 2795 29
2 2796 29
2 2797 29
2 2798 29
2 2799 29
2 2800 29
2 2801 29
2 2802 29
2 2803 29
2 2804 29
2 2805 29
2 2806 29
2 2807 29
2 2808 29
2 2809 29
2 2810 29
2 2811 30
2 2812 29
2 2813 30
2 2814 31
2 2815 29
2 2816 29
2 2817 29
2 2818 29
2 2819 29
2 2820 29
2 2821 29
2 2822 29
2 2823 29
2 2824 29
2 2825 29
2 2826 29
2 2827 29
2 2828 29
2 2829 29
2 2830 29
2 2831 29
2 2832 30
2 2833 30
2 2834 31
2 2835 29
2 2836 29
2 2837 29
2 2838 29
2 2839 29
2 2840 29
2 2841 29
2 2842 29
2 2843 29
2 2844 29
2 2845 29
2 2846 29
2 2847 29
2 2848 29
2 2849 29
2 2850 29
2 2851 30
2 2852 29
2 2853 30
2 2854 31
2 2855 29
2 2856 29
2 2857 29
2 2858 29
2 2859 29
2 2860 29
2 2861 29
2 2862 29
2 2863 29
2 2864 29
2 2865 29
2 2866 29
2 2867 29
2 2868 29
2 2869 29
2 2870 29
2 2871 29
2 2872 29
2 2873 29
2 2874 29
2 2875 29
2 2876 29
2 2877 29
2 2878 29
2 2879 29
2 2880 29
2 2881 29
2 2882 29
2 2883 29
2 2884 29
2 2885 29
2 2886 29
2 2887 29
2 2888 29
2 2889 29
2 2890 29
2 2891 29
2 2892 29
2 2893 29
2 2894 29
2 2895 29
2 2896 29
2 2897 29
2 2898 29
2 2899 29
2 2900 29
2 2901 29
2 2902 29
2 2903 29
2 2904 29
2 2905 29
2 2906 29
2 2907 29
2 2908 29
2 2909 29
2 2910 29
2 2911 29
2 2912 30
2 2913 29
2 2914 31
2 2915 29
2 2916 29
2 2917 29
2 2918 29
2 2919 29
2 2920 29
2 2921 29
2 2922 29
2 2923 29
2 2924 29
2 2925 29
2 2926 29
2 2927 29
2 2928 29
2 2929 29
2 2930 29
2 2931 30
2 2932 29
2 2933 30
2 2934 31
2 2935 29
2 2936 29
2 2937 29
2 2938 29
2 2939 29
2 2940 29
2 2941 29
2 2942 29
2 2943 29
2 2944 29
2 2945 29
2 2946 29
2 2947 29
2 2948 29
2 2949 29
2 2950 29
2 2951 29
2 2952 29
2 2953 29
2 2954 30
2 2955 29
2 2956 29
2 2957 29
2 2958 29
2 2959 29
2 2960 29
2 2961 29
2 2962 29
2 2963 29
2 2964 29
2 2965 29
2 2966 29
2 2967 29
2 2968 29
2 2969 29
2 2970 29
2 2971 29
2 2972 29
2 2973 29
2 2974 29
2 2975 29
2 2976 29
2 2977 29
2 2978 29
2 2979 29
2 2980 29
2 2981 29
2 2982 29
2 2983 29
2 2984 29
2 2985 29
2 2986 29
2 2987 29
2 2988 29
2 2989 29
2 2990 29
2 2991 29
2 2992 29
2 2993 29
2 2994 29
2 2995 29
2 2996 29
2 2997 29
2 2998 29
2 2999 29
2 3000 29
2 3001 29
2 3002 29
2 3003 29
2 3004 29
2 3005 29
2 3006 29
2 3007 29
2 3008 29
2 3009 29
2 3010 29
2 3011 30
2 3012 29
2 3013 30
2 3014 31
2 3015 29
2 3016 29
2 3017 29
2 3018 29
2 3019 29
2 3020 29
2 3021 29
2 3022 29
2 3023 29
2 3024 29
2 3025 29
2 3026 29
2 3027 29
2 3028 29
2 3029 29
2 3030 29
2 3031 29
2 3032 29
2 3033 30
2 3034 30
2 3035 29
2 3036 29
2 3037 29
2 3038 29
2 3039 29
2 3040 29
2 3041 29
2 3042 29
2 3043 29
2 3044 29
2 3045 29
2 3046 29
2 3047 29
2 3048 29
2 3049 29
2 3050 29
2 3051 29
2 3052 29
2 3053 29
2 3054 29
2 3055 29
2 3056 29
2 3057 29
2 3058 29
2 3059 29
2 3060 29
2 3061 29
2 3062 29
2 3063 29
2 3064 29
2 3065 29
2 3066 29
2 3067 29
2 3068 29
2 3069 29
2 3070 29
2 3071 29
2 3072 29
2 3073 29
2 3074 29
2 3075 29
2 3076 29
2 3077 29
2 3078 29
2 3079 29
2 3080 29
2 3081 29
2 3082 29
2 3083 29
2 3084 29
2 3085 29
2 3086 29
2 3087 29
2 3088 29
2 3089 29
2 3090 29
2 3091 29
2 3092 29
2 3093 29
2 3094 30
2 3095 29
2 3096 29
2 3097 29
2 3098 29
2 3099 29
2 3100 29
2 3101 29
2 3102 29
2 3103 29
2 3104 29
2 3105 29
2 3106 29
2 3107 29
2 3108 29
2 3109 29
2 3110 29
2 3111 29
2 3112 29
2 3113 30
2 3114 31
2 3115 29
2 3116 29
2 3117 29
2 3118 29
2 3119 29
2 3120 29
2 3121 29
2 3122 29
2 3123 29
2 3124 29
2 3125 29
2 3126 29
2 3127 29
2 3128 29
2 3129 29
2 3130 29
2 3131 29
2 3132 29
2 3133 29
2 3134 31
2 3135 29
2 3136 29
2 3137 29
2 3138 29
2 3139 29
2 3140 29
2 3141 29
2 3142 29
2 3143 29
2 3144 29
2 3145 29
2 3146 29
2 3147 29
2 3148 29
2 3149 29
2 3150 29
2 3151 29
2 3152 29
2 3153 29
2 3154 29
2 3155 29
2 3156 29
2 3157 29
2 3158 29
2 3159 29
2 3160 29
2 3161 29
2 3162 29
2 3163 29
2 3164 29
2 3165 29
2 3166 29
2 3167 29
2 3168 29
2 3169 29
2 3170 29
2 3171 29
2 3172 29
2 3173 29
2 3174 29
2 3175 29
2 3176 29
2 3177 29
2 3178 29
2 3179 29
2 3180 29
2 3181 29
2 3182 29
2 3183 29
2 3184 29
2 3185 29
2 3186 29
2 3187 29
2 3188 29
2 3189 29
2 3190 29
2 3191 29
2 3192 29
2 3193 29
2 3194 29
2 3195 29
2 3196 29
2 3197 29
2 3198 29
2 3199 29
2 3200 29
2 3201 29
2 3202 29
2 3203 29
2 3204 29
2 3205 29
2 3206 29
2 3207 29
2 3208 29
2 3209 29
2 3210 29
2 3211 30
2 3212 29
2 3213 30
2 3214 31
2 3215 29
2 3216 29
2 3217 29
2 3218 29
2 3219 29
2 3220 29
2 3221 29
2 3222 29
2 3223 29
2 3224 29
2 3225 29
2 3226 29
2 3227 29
2 3228 29
2 3229 29
2 3230 29
2 3231 29
2 3232 29
2 3233 29
2 3234 31
2 3235 29
2 3236 29
2 3237 29
2 3238 29
2 3239 29
2 3240 29
2 3241 29
2 3242 29
2 3243 29
2 3244 29
2 3245 29
2 3246 29
2 3247 29
2 3248 29
2 3249 29
2 3250 29
2 3251 29
2 3252 29
2 3253 29
2 3254 29
2 3255 29
2 3256 29
2 3257 29
2 3258 29
2 3259 29
2 3260 29
2 3261 29
2 3262 29
2 3263 29
2 3264 29
2 3265 29
2 3266 29
2 3267 29
2 3268 29
2 3269 29
2 3270 29
2 3271 29
2 3272 29
2 3273 29
2 3274 29
2 3275 29
2 3276 29
2 3277 29
2 3278 29
2 3279 29
2 3280 29
2 3281 29
2 3282 29
2 3283 29
2 3284 29
2 3285 29
2 3286 29
2 3287 29
2 3288 29
2 3289 29
2 3290 29
2 3291 29
2 3292 29
2 3293 29
2 3294 29
2 3295 29
2 3296 29
2 3297 29
2 3298 29
2 3299 29
2 3300 29
2 3301 29
2 3302 29
2 3303 29
2 3304 29
2 3305 29
2 3306 29
2 3307 29
2 3308 29
2 3309 29
2 3310 29
2 3311 29
2 3312 29
2 3313 29
2 3314 30
2 3315 29
2 3316 29
2 3317 29
2 3318 29
2 3319 29
2 3320 29
2 3321 29
2 3322 29
2 3323 29
2 3324 29
2 3325 29
2 3326 29
2 3327 29
2 3328 29
2 3329 29
2 3330 29
2 3331 30
2 3332 29
2 3333 29
2 3334 31
2 3335 29
2 3336 29
2 3337 29
2 3338 29
2 3339 29
2 3340 29
2 3341 29
2 3342 29
2 3343 29
2 3344 29
2 3345 29
2 3346 29
2 3347 29
2 3348 29
2 3349 29
2 3350 29
2 3351 29
2 3352 29
2 3353 29
2 3354 29
2 3355 29
2 3356 29
2 3357 29
2 3358 29
2 3359 29
2 3360 29
2 3361 29
2 3362 29
2 3363 29
2 3364 29
2 3365 29
2 3366 29
2 3367 29
2 3368 29
2 3369 29
2 3370 29
2 3371 29
2 3372 29
2 3373 29
2 3374 29
2 3375 29
2 3376 29
2 3377 29
2 3378 29
2 3379 29
2 3380 29
2 3381 29
2 3382 29
2 3383 29
2 3384 29
2 3385 29
2 3386 29
2 3387 29
2 3388 29
2 3389 29
2 3390 29
2 3391 29
2 3392 29
2 3393 29
2 3394 29
2 3395 29
2 3396 29
2 3397 29
2 3398 29
2 3399 29
2 3400 29
2 3401 29
2 3402 29
2 3403 29
2 3404 29
2 3405 29
2 3406 29
2 3407 29
2 3408 29
2 3409 29
2 3410 29
2 3411 29
2 3412 29
2 3413 29
2 3414 31
2 3415 29
2 3416 29
2 3417 29
2 3418 29
2 3419 29
2 3420 29
2 3421 29
2 3422 29
2 3423 29
2 3424 29
2 3425 29
2 3426 29
2 3427 29
2 3428 29
2 3429 29
2 3430 29
2 3431 29
2 3432 29
2 3433 29
2 3434 29
2 3435 29
2 3436 29
2 3437 29
2 3438 29
2 3439 29
2 3440 29
2 3441 29
2 3442 29
2 3443 29
2 3444 29
2 3445 29
2 3446 29
2 3447 29
2 3448 29
2 3449 29
2 3450 29
2 3451 29
2 3452 29
2 3453 29
2 3454 29
2 3455 29
2 3456 29
2 3457 29
2 3458 29
2 3459 29
2 3460 29
2 3461 29
2 3462 29
2 3463 29
2 3464 29
2 3465 29
2 3466 29
2 3467 29
2 3468 29
2 3469 29
2 3470 29
2 3471 29
2 3472 29
2 3473 29
2 3474 29
2 3475 29
2 3476 29
2 3477 29
2 3478 29
2 3479 29
2 3480 29
2 3481 29
2 3482 29
2 3483 29
2 3484 29
2 3485 29
2 3486 29
2 3487 29
2 3488 29
2 3489 29
2 3490 29
2 3491 29
2 3492 29
2 3493 29
2 3494 29
2 3495 29
2 3496 29
2 3497 29
2 3498 29
2 3499 29
2 3500 29
2 3501 29
2 3502 29
2 3503 29
2 3504 29
2 3505 29
2 3506 29
2 3507 29
2 3508 29
2 3509 29
2 3510 29
2 3511 29
2 3512 29
2 3513 29
2 3514 30
2 3515 29
2 3516 29
2 3517 29
2 3518 29
2 3519 29
2 3520 29
2 3521 29
2 3522 29
2 3523 29
2 3524 29
2 3525 29
2 3526 29
2 3527 29
2 3528 29
2 3529 29
2 3530 29
2 3531 29
2 3532 29
2 3533 29
2 3534 30
2 3535 29
2 3536 29
2 3537 29
2 3538 29
2 3539 29
2 3540 29
2 3541 29
2 3542 29
2 3543 29
2 3544 29
2 3545 29
2 3546 29
2 3547 29
2 3548 29
2 3549 29
2 3550 29
2 3551 29
2 3552 29
2 3553 29
2 3554 29
2 3555 29
2 3556 29
2 3557 29
2 3558 29
2 3559 29
2 3560 30
2 3561 29
2 3562 29
2 3563 29
2 3564 29
2 3565 29
2 3566 29
2 3567 29
2 3568 29
2 3569 29
2 3570 29
2 3571 29
2 3572 29
2 3573 29
2 3574 29
2 3575 29
2 3576 29
2 3577 29
2 3578 29
2 3579 29
2 3580 29
2 3581 29
2 3582 29
2 3583 29
2 3584 29
2 3585 29
2 3586 29
2 3587 29
2 3588 29
2 3589 29
2 3590 29
2 3591 29
2 3592 29
2 3593 29
2 3594 29
2 3595 29
2 3596 29
2 3597 29
2 3598 29
2 3599 29
2 3600 29
2 3601 29
2 3602 29
2 3603 29
2 3604 29
2 3605 29
2 3606 29
2 3607 29
2 3608 29
2 3609 29
2 3610 29
2 3611 29
2 3612 29
2 3613 29
2 3614 30
2 3615 29
2 3616 29
2 3617 29
2 3618 29
2 3619 29
2 3620 29
2 3621 29
2 3622 29
2 3623 29
2 3624 29
2 3625 29
2 3626 29
2 3627 29
2 3628 29
2 3629 29
2 3630 29
2 3631 29
2 3632 29
2 3633 29
2 3634 29
2 3635 29
2 3636 29
2 3637 29
2 3638 29
2 3639 29
2 3640 29
2 3641 29
2 3642 29
2 3643 29
2 3644 29
2 3645 29
2 3646 29
2 3647 29
2 3648 29
2 3649 29
2 3650 29
2 3651 29
2 3652 29
2 3653 29
2 3654 29
2 3655 29
2 3656 29
2 3657 30
2 3658 29
2 3659 29
2 3660 29
2 3661 29
2 3662 29
2 3663 29
2 3664 29
2 3665 29
2 3666 29
2 3667 29
2 3668 29
2 3669 29
2 3670 29
2 3671 29
2 3672 29
2 3673 29
2 3674 29
2 3675 29
2 3676 29
2 3677 29
2 3678 29
2 3679 29
2 3680 29
2 3681 29
2 3682 29
2 3683 29
2 3684 29
2 3685 29
2 3686 29
2 3687 29
2 3688 29
2 3689 29
2 3690 29
2 3691 29
2 3692 29
2 3693 29
2 3694 29
2 3695 29
2 3696 29
2 3697 29
2 3698 29
2 3699 29
2 3700 29
2 3701 29
2 3702 29
2 3703 29
2 3704 29
2 3705 29
2 3706 29
2 3707 29
2 3708 29
2 3709 29
2 3710 29
2 3711 29
2 3712 29
2 3713 29
2 3714 31
2 3715 29
2 3716 29
2 3717 29
2 3718 29
2 3719 29
2 3720 29
2 3721 29
2 3722 29
2 3723 29
2 3724 29
2 3725 29
2 3726 29
2 3727 29
2 3728 29
2 3729 29
2 3730 29
2 3731 29
2 3732 29
2 3733 29
2 3734 29
2 3735 29
2 3736 29
2 3737 29
2 3738 29
2 3739 29
2 3740 29
2 3741 29
2 3742 29
2 3743 29
2 3744 29
2 3745 29
2 3746 29
2 3747 29
2 3748 29
2 3749 29
2 3750 29
2 3751 29
2 3752 29
2 3753 29
2 3754 29
2 3755 29
2 3756 29
2 3757 30
2 3758 29
2 3759 30
2 3760 29
2 3761 29
2 3762 29
2 3763 29
2 3764 29
2 3765 29
2 3766 29
2 3767 29
2 3768 29
2 3769 29
2 3770 29
2 3771 29
2 3772 29
2 3773 29
2 3774 29
2 3775 29
2 3776 29
2 3777 29
2 3778 29
2 3779 29
2 3780 29
2 3781 29
2 3782 29
2 3783 29
2 3784 29
2 3785 29
2 3786 29
2 3787 29
2 3788 29
2 3789 29
2 3790 29
2 3791 29
2 3792 29
2 3793 29
2 3794 30
2 3795 29
2 3796 29
2 3797 29
2 3798 29
2 3799 29
2 3800 29
2 3801 29
2 3802 29
2 3803 29
2 3804 29
2 3805 29
2 3806 29
2 3807 29
2 3808 29
2 3809 29
2 3810 29
2 3811 29
2 3812 29
2 3813 29
2 3814 29
2 3815 29
2 3816 29
2 3817 29
2 3818 29
2 3819 29
2 3820 29
2 3821 29
2 3822 29
2 3823 29
2 3824 29
2 3825 29
2 3826 29
2 3827 29
2 3828 29
2 3829 29
2 3830 29
2 3831 29
2 3832 29
2 3833 29
2 3834 29
2 3835 29
2 3836 29
2 3837 29
2 3838 29
2 3839 29
2 3840 29
2 3841 29
2 3842 29
2 3843 29
2 3844 29
2 3845 29
2 3846 29
2 3847 29
2 3848 29
2 3849 29
2 3850 29
2 3851 29
2 3852 29
2 3853 29
2 3854 29
2 3855 29
2 3856 29
2 3857 30
2 3858 29
2 3859 29
2 3860 29
2 3861 29
2 3862 29
2 3863 29
2 3864 29
2 3865 29
2 3866 29
2 3867 29
2 3868 29
2 3869 29
2 3870 29
2 3871 29
2 3872 29
2 3873 29
2 3874 29
2 3875 29
2 3876 29
2 3877 29
2 3878 29
2 3879 29
2 3880 29
2 3881 29
2 3882 29
2 3883 29
2 3884 29
2 3885 29
2 3886 29
2 3887 29
2 3888 29
2 3889 29
2 3890 29
2 3891 29
2 3892 29
2 3893 29
2 3894 30
2 3895 29
2 3896 29
2 3897 29
2 3898 29
2 3899 29
2 3900 29
2 3901 29
2 3902 29
2 3903 29
2 3904 29
2 3905 29
2 3906 29
2 3907 29
2 3908 29
2 3909 29
2 3910 29
2 3911 29
2 3912 29
2 3913 29
2 3914 29
2 3915 29
2 3916 29
2 3917 29
2 3918 29
2 3919 29
2 3920 29
2 3921 29
2 3922 29
2 3923 29
2 3924 29
2 3925 29
2 3926 29
2 3927 29
2 3928 29
2 3929 29
2 3930 29
2 3931 29
2 3932 29
2 3933 29
2 3934 29
2 3935 29
2 3936 29
2 3937 29
2 3938 29
2 3939 29
2 3940 29
2 3941 29
2 3942 29
2 3943 29
2 3944 29
2 3945 29
2 3946 29
2 3947 29
2 3948 29
2 3949 29
2 3950 29
2 3951 29
2 3952 29
2 3953 29
2 3954 29
2 3955 29
2 3956 29
2 3957 30
2 3958 29
2 3959 30
2 3960 29
2 3961 29
2 3962 29
2 3963 29
2 3964 29
2 3965 29
2 3966 29
2 3967 29
2 3968 29
2 3969 29
2 3970 29
2 3971 29
2 3972 29
2 3973 29
2 3974 29
2 3975 29
2 3976 29
2 3977 29
2 3978 29
2 3979 29
2 3980 29
2 3981 29
2 3982 29
2 3983 29
2 3984 29
2 3985 29
2 3986 29
2 3987 29
2 3988 29
2 3989 29
2 3990 29
2 3991 29
2 3992 29
2 3993 29
2 3994 29
2 3995 29
2 3996 29
2 3997 29
2 3998 29
2 3999 29
2 4000 29
2 4001 29
2 4002 29
2 4003 29
2 4004 29
2 4005 29
2 4006 29
2 4007 29
2 4008 29
2 4009 29
2 4010 29
2 4011 29
2 4012 29
2 4013 29
2 4014 29
2 4015 29
2 4016 29
2 4017 29
2 4018 29
2 4019 29
2 4020 29
2 4021 29
2 4022 29
2 4023 29
2 4024 29
2 4025 29
2 4026 29
2 4027 29
2 4028 29
2 4029 29
2 4030 29
2 4031 29
2 4032 29
2 4033 29
2 4034 29
2 4035 29
2 4036 29
2 4037 29
2 4038 29
2 4039 29
2 4040 29
2 4041 29
2 4042 29
2 4043 29
2 4044 29
2 4045 29
2 4046 29
2 4047 29
2 4048 29
2 4049 29
2 4050 29
2 4051 29
2 4052 29
2 4053 29
2 4054 29
2 4055 29
2 4056 29
2 4057 30
2 4058 29
2 4059 29
2 4060 29
2 4061 29
2 4062 29
2 4063 29
2 4064 29
2 4065 29
2 4066 29
2 4067 29
2 4068 29
2 4069 29
2 4070 29
2 4071 29
2 4072 29
2 4073 29
2 4074 29
2 4075 29
2 4076 29
2 4077 29
2 4078 29
2 4079 29
2 4080 29
2 4081 29
2 4082 29
2 4083 29
2 4084 29
2 4085 29
2 4086 29
2 4087 29
2 4088 29
2 4089 29
2 4090 29
2 4091 29
2 4092 29
2 4093 29
2 4094 29
2 4095 29
2 4096 29
2 4097 29
2 4098 29
2 4099 29
2 4100 29
2 4101 29
2 4102 29
2 4103 29
2 4104 29
2 4105 29
2 4106 29
2 4107 29
2 4108 29
2 4109 29
2 4110 29
2 4111 29
2 4112 29
2 4113 29
2 4114 29
2 4115 29
2 4116 29
2 4117 29
2 4118 29
2 4119 29
2 4120 29
2 4121 29
2 4122 29
2 4123 29
2 4124 29
2 4125 29
2 4126 29
2 4127 29
2 4128 29
2 4129 29
2 4130 29
2 4131 29
2 4132 29
2 4133 29
2 4134 29
2 4135 29
2 4136 29
2 4137 30
2 4138 29
2 4139 29
2 4140 29
2 4141 29
2 4142 29
2 4143 29
2 4144 29
2 4145 29
2 4146 29
2 4147 29
2 4148 29
2 4149 29
2 4150 29
2 4151 29
2 4152 29
2 4153 29
2 4154 29
2 4155 29
2 4156 29
2 4157 30
2 4158 29
2 4159 29
2 4160 29
2 4161 29
2 4162 29
2 4163 29
2 4164 29
2 4165 29
2 4166 29
2 4167 29
2 4168 29
2 4169 29
2 4170 29
2 4171 29
2 4172 29
2 4173 29
2 4174 29
2 4175 29
2 4176 29
2 4177 29
2 4178 29
2 4179 29
2 4180 29
2 4181 29
2 4182 29
2 4183 29
2 4184 29
2 4185 29
2 4186 29
2 4187 29
2 4188 29
2 4189 29
2 4190 29
2 4191 29
2 4192 29
2 4193 29
2 4194 31
2 4195 29
2 4196 29
2 4197 29
2 4198 29
2 4199 29
2 4200 29
2 4201 29
2 4202 29
2 4203 29
2 4204 29
2 4205 29
2 4206 29
2 4207 29
2 4208 29
2 4209 29
2 4210 29
2 4211 29
2 4212 29
2 4213 29
2 4214 29
2 4215 29
2 4216 29
2 4217 29
2 4218 29
2 4219 29
2 4220 29
2 4221 29
2 4222 29
2 4223 29
2 4224 29
2 4225 29
2 4226 29
2 4227 29
2 4228 29
2 4229 29
2 4230 29
2 4231 29
2 4232 29
2 4233 29
2 4234 29
2 4235 29
2 4236 29
2 4237 29
2 4238 29
2 4239 29
2 4240 29
2 4241 29
2 4242 29
2 4243 29
2 4244 29
2 4245 29
2 4246 29
2 4247 29
2 4248 29
2 4249 29
2 4250 29
2 4251 29
2 4252 29
2 4253 29
2 4254 29
2 4255 29
2 4256 29
2 4257 29
2 4258 29
2 4259 29
2 4260 29
2 4261 29
2 4262 29
2 4263 29
2 4264 29
2 4265 29
2 4266 29
2 4267 29
2 4268 29
2 4269 29
2 4270 29
2 4271 29
2 4272 29
2 4273 29
2 4274 29
2 4275 29
2 4276 29
2 4277 29
2 4278 29
2 4279 29
2 4280 29
2 4281 29
2 4282 29
2 4283 29
2 4284 29
2 4285 29
2 4286 29
2 4287 29
2 4288 29
2 4289 29
2 4290 29
2 4291 30
2 4292 29
2 4293 29
2 4294 29
2 4295 29
2 4296 29
2 4297 29
2 4298 29
2 4299 29
2 4300 29
2 4301 29
2 4302 29
2 4303 29
2 4304 29
2 4305 29
2 4306 29
2 4307 29
2 4308 29
2 4309 29
2 4310 29
2 4311 29
2 4312 29
2 4313 29
2 4314 29
2 4315 29
2 4316 29
2 4317 29
2 4318 29
2 4319 29
2 4320 29
2 4321 29
2 4322 29
2 4323 29
2 4324 29
2 4325 29
2 4326 29
2 4327 29
2 4328 29
2 4329 29
2 4330 29
2 4331 29
2 4332 29
2 4333 29
2 4334 29
2 4335 29
2 4336 29
2 4337 30
2 4338 29
2 4339 29
2 4340 29
2 4341 29
2 4342 29
2 4343 29
2 4344 29
2 4345 29
2 4346 29
2 4347 29
2 4348 29
2 4349 29
2 4350 29
2 4351 29
2 4352 29
2 4353 29
2 4354 29
2 4355 29
2 4356 29
2 4357 29
2 4358 29
2 4359 29
2 4360 29
2 4361 29
2 4362 29
2 4363 29
2 4364 29
2 4365 29
2 4366 29
2 4367 29
2 4368 29
2 4369 29
2 4370 29
2 4371 29
2 4372 29
2 4373 29
2 4374 29
2 4375 29
2 4376 29
2 4377 29
2 4378 29
2 4379 29
2 4380 29
2 4381 29
2 4382 29
2 4383 29
2 4384 29
2 4385 29
2 4386 29
2 4387 29
2 4388 29
2 4389 29
2 4390 29
2 4391 29
2 4392 29
2 4393 29
2 4394 29
2 4395 29
2 4396 29
2 4397 29
2 4398 29
2 4399 29
2 4400 29
2 4401 29
2 4402 29
2 4403 29
2 4404 29
2 4405 29
2 4406 29
2 4407 29
2 4408 29
2 4409 29
2 4410 29
2 4411 29
2 4412 29
2 4413 29
2 4414 29
2 4415 29
2 4416 29
2 4417 29
2 4418 29
2 4419 29
2 4420 29
2 4421 29
2 4422 29
2 4423 29
2 4424 29
2 4425 29
2 4426 29
2 4427 29
2 4428 29
2 4429 29
2 4430 29
2 4431 29
2 4432 29
2 4433 29
2 4434 29
2 4435 29
2 4436 29
2 4437 30
2 4438 30
2 4439 30
2 4440 30
2 4441 29
2 4442 29
2 4443 29
2 4444 29
2 4445 29
2 4446 29
2 4447 29
2 4448 29
2 4449 29
2 4450 29
2 4451 29
2 4452 29
2 4453 29
2 4454 29
2 4455 29
2 4456 29
2 4457 30
2 4458 29
2 4459 29
