0 0 24
0 1 24
0 2 24
0 3 24
0 4 24
0 5 24
0 6 24
0 7 24
0 8 24
0 9 24
0 10 24
0 11 24
0 12 24
0 13 24
0 14 25
0 15 24
0 16 25
0 17 25
0 18 24
0 19 23
0 20 24
0 21 23
0 22 23
0 23 23
0 24 24
0 25 24
0 26 24
0 27 24
0 28 24
0 29 24
0 30 24
0 31 24
0 32 24
0 33 24
0 34 24
0 35 24
0 36 24
0 37 25
0 38 24
0 39 24
0 40 24
0 41 24
0 42 24
0 43 23
0 44 23
0 45 23
0 46 24
0 47 24
0 48 24
0 49 24
0 50 25
0 51 24
0 52 24
0 53 24
0 54 24
0 55 24
0 56 24
0 57 24
0 58 24
0 59 25
0 60 24
0 61 24
0 62 24
0 63 24
0 64 24
0 65 24
0 66 24
0 67 24
0 68 24
0 69 24
0 70 25
0 71 25
0 72 24
0 73 24
0 74 24
0 75 24
0 76 24
0 77 25
0 78 25
0 79 25
0 80 25
0 81 24
0 82 24
0 83 24
0 84 24
0 85 24
0 86 24
0 87 24
0 88 24
0 89 24
0 90 25
0 91 25
0 92 25
0 93 24
0 94 24
0 95 24
0 96 24
0 97 24
0 98 24
0 99 25
0 100 25
0 101 24
0 102 24
0 103 24
0 104 24
0 105 24
0 106 24
0 107 24
0 108 24
0 109 24
0 110 24
0 111 24
0 112 24
0 113 24
0 114 24
0 115 24
0 116 24
0 117 24
0 118 24
0 119 25
0 120 24
0 121 25
0 122 24
0 123 24
0 124 23
0 125 23
0 126 23
0 127 23
0 128 24
0 129 24
0 130 24
0 131 24
0 132 24
0 133 24
0 134 24
0 135 24
0 136 25
0 137 24
0 138 24
0 139 25
0 140 24
0 141 24
0 142 24
0 143 24
0 144 23
0 145 23
0 146 23
0 147 24
0 148 24
0 149 24
0 150 24
0 151 24
0 152 24
0 153 24
0 154 24
0 155 24
0 156 24
0 157 24
0 158 24
0 159 25
0 160 25
0 161 24
0 162 24
0 163 24
0 164 24
0 165 24
0 166 24
0 167 24
0 168 24
0 169 24
0 170 25
0 171 25
0 172 25
0 173 24
0 174 24
0 175 24
0 176 24
0 177 24
0 178 24
0 179 25
0 180 25
0 181 25
0 182 24
0 183 24
0 184 24
0 185 24
0 186 24
0 187 24
0 188 24
0 189 24
0 190 25
0 191 25
0 192 24
0 193 24
0 194 24
0 195 24
0 196 24
0 197 24
0 198 25
0 199 25
0 200 25
0 201 24
0 202 24
0 203 24
0 204 24
0 205 24
0 206 24
0 207 24
0 208 24
0 209 24
0 210 24
0 211 24
0 212 24
0 213 24
0 214 24
0 215 24
0 216 24
0 217 24
0 218 24
0 219 25
0 220 24
0 221 24
0 222 24
0 223 24
0 224 23
0 225 23
0 226 23
0 227 24
0 228 24
0 229 24
0 230 24
0 231 24
0 232 24
0 233 24
0 234 24
0 235 24
0 236 24
0 237 24
0 238 24
0 239 25
0 240 24
0 241 24
0 242 24
0 243 24
0 244 24
0 245 24
0 246 24
0 247 24
0 248 24
0 249 24
0 250 24
0 251 24
0 252 24
0 253 24
0 254 24
0 255 24
0 256 24
0 257 24
0 258 25
0 259 24
0 260 24
0 261 25
0 262 24
0 263 24
0 264 24
0 265 24
0 266 24
0 267 24
0 268 24
0 269 24
0 270 25
0 271 25
0 272 25
0 273 24
0 274 24
0 275 24
0 276 24
0 277 25
0 278 25
0 279 24
0 280 25
0 281 25
0 282 24
0 283 24
0 284 24
0 285 24
0 286 24
0 287 24
0 288 24
0 289 24
0 290 25
0 291 25
0 292 25
0 293 24
0 294 24
0 295 24
0 296 24
0 297 24
0 298 24
0 299 25
0 300 25
0 301 24
0 302 24
0 303 24
0 304 24
0 305 24
0 306 24
0 307 24
0 308 24
0 309 24
0 310 24
0 311 24
0 312 24
0 313 24
0 314 24
0 315 24
0 316 24
0 317 24
0 318 24
0 319 25
0 320 24
0 321 25
0 322 24
0 323 24
0 324 24
0 325 24
0 326 24
0 327 24
0 328 24
0 329 24
0 330 24
0 331 24
0 332 24
0 333 24
0 334 24
0 335 24
0 336 24
0 337 24
0 338 24
0 339 25
0 340 25
0 341 24
0 342 24
0 343 24
0 344 23
0 345 23
0 346 24
0 347 24
0 348 24
0 349 24
0 350 24
0 351 24
0 352 24
0 353 24
0 354 24
0 355 24
0 356 24
0 357 25
0 358 24
0 359 25
0 360 25
0 361 24
0 362 24
0 363 24
0 364 24
0 365 24
0 366 24
0 367 24
0 368 24
0 369 24
0 370 25
0 371 25
0 372 25
0 373 25
0 374 24
0 375 24
0 376 24
0 377 25
0 378 25
0 379 24
0 380 25
0 381 24
0 382 24
0 383 24
0 384 24
0 385 24
0 386 24
0 387 25
0 388 25
0 389 25
0 390 25
0 391 25
0 392 25
0 393 24
0 394 24
0 395 24
0 396 24
0 397 24
0 398 24
0 399 25
0 400 24
0 401 24
0 402 24
0 403 24
0 404 24
0 405 24
0 406 24
0 407 24
0 408 24
0 409 24
0 410 24
0 411 24
0 412 24
0 413 24
0 414 24
0 415 24
0 416 24
0 417 24
0 418 24
0 419 25
0 420 24
0 421 24
0 422 24
0 423 23
0 424 23
0 425 23
0 426 23
0 427 24
0 428 24
0 429 24
0 430 24
0 431 24
0 432 24
0 433 24
0 434 24
0 435 24
0 436 24
0 437 24
0 438 24
0 439 25
0 440 24
0 441 24
0 442 24
0 443 24
0 444 24
0 445 24
0 446 24
0 447 24
0 448 24
0 449 24
0 450 25
0 451 25
0 452 25
0 453 24
0 454 24
0 455 24
0 456 24
0 457 25
0 458 24
0 459 25
0 460 25
0 461 24
0 462 24
0 463 24
0 464 24
0 465 24
0 466 24
0 467 24
0 468 24
0 469 25
0 470 25
0 471 25
0 472 25
0 473 24
0 474 24
0 475 24
0 476 24
0 477 24
0 478 24
0 479 25
0 480 25
0 481 24
0 482 24
0 483 24
0 484 24
0 485 24
0 486 24
0 487 24
0 488 24
0 489 24
0 490 24
0 491 24
0 492 25
0 493 24
0 494 24
0 495 24
0 496 24
0 497 24
0 498 24
0 499 25
0 500 24
0 501 24
0 502 24
0 503 24
0 504 24
0 505 24
0 506 24
0 507 24
0 508 24
0 509 24
0 510 24
0 511 24
0 512 24
0 513 24
0 514 24
0 515 24
0 516 24
0 517 24
0 518 24
0 519 25
0 520 24
0 521 24
0 522 24
0 523 24
0 524 23
0 525 24
0 526 23
0 527 24
0 528 24
0 529 24
0 530 24
0 531 24
0 532 24
0 533 24
0 534 24
0 535 24
0 536 24
0 537 24
0 538 24
0 539 25
0 540 24
0 541 24
0 542 24
0 543 24
0 544 24
0 545 24
0 546 24
0 547 24
0 548 24
0 549 24
0 550 25
0 551 24
0 552 24
0 553 24
0 554 24
0 555 24
0 556 24
0 557 25
0 558 25
0 559 25
0 560 24
0 561 24
0 562 24
0 563 24
0 564 24
0 565 24
0 566 24
0 567 24
0 568 24
0 569 24
0 570 25
0 571 25
0 572 25
0 573 24
0 574 24
0 575 24
0 576 24
0 577 25
0 578 25
0 579 24
0 580 24
0 581 25
0 582 24
0 583 24
0 584 24
0 585 24
0 586 24
0 587 24
0 588 24
0 589 24
0 590 25
0 591 24
0 592 24
0 593 24
0 594 24
0 595 24
0 596 24
0 597 24
0 598 24
0 599 25
0 600 24
0 601 24
0 602 24
0 603 24
0 604 24
0 605 24
0 606 23
0 607 24
0 608 24
0 609 24
0 610 24
0 611 24
0 612 24
0 613 24
0 614 24
0 615 24
0 616 24
0 617 24
0 618 24
0 619 25
0 620 24
0 621 24
0 622 24
0 623 24
0 624 23
0 625 23
0 626 23
0 627 24
0 628 24
0 629 24
0 630 24
0 631 24
0 632 24
0 633 24
0 634 24
0 635 24
0 636 24
0 637 24
0 638 24
0 639 25
0 640 24
0 641 24
0 642 24
0 643 24
0 644 24
0 645 24
0 646 24
0 647 24
0 648 24
0 649 24
0 650 25
0 651 25
0 652 25
0 653 24
0 654 24
0 655 24
0 656 24
0 657 24
0 658 25
0 659 25
0 660 24
0 661 25
0 662 24
0 663 24
0 664 24
0 665 24
0 666 24
0 667 24
0 668 25
0 669 25
0 670 25
0 671 25
0 672 25
0 673 24
0 674 25
0 675 24
0 676 24
0 677 25
0 678 25
0 679 24
0 680 25
0 681 25
0 682 24
0 683 24
0 684 24
0 685 24
0 686 24
0 687 24
0 688 24
0 689 24
0 690 25
0 691 25
0 692 25
0 693 24
0 694 24
0 695 24
0 696 24
0 697 24
0 698 24
0 699 25
0 700 25
0 701 24
0 702 24
0 703 24
0 704 23
0 705 23
0 706 24
0 707 24
0 708 24
0 709 24
0 710 24
0 711 24
0 712 24
0 713 24
0 714 24
0 715 24
0 716 24
0 717 24
0 718 24
0 719 25
0 720 24
0 721 25
0 722 24
0 723 24
0 724 23
0 725 24
0 726 23
0 727 24
0 728 24
0 729 24
0 730 24
0 731 24
0 732 24
0 733 24
0 734 24
0 735 24
0 736 24
0 737 24
0 738 24
0 739 25
0 740 25
0 741 24
0 742 24
0 743 24
0 744 24
0 745 24
0 746 24
0 747 24
0 748 24
0 749 24
0 750 25
0 751 25
0 752 24
0 753 24
0 754 24
0 755 24
0 756 24
0 757 25
0 758 24
0 759 25
0 760 25
0 761 24
0 762 24
0 763 24
0 764 24
0 765 24
0 766 24
0 767 24
0 768 24
0 769 24
0 770 25
0 771 25
0 772 24
0 773 25
0 774 25
0 775 24
0 776 24
0 777 25
0 778 25
0 779 24
0 780 25
0 781 24
0 782 24
0 783 24
0 784 24
0 785 24
0 786 24
0 787 24
0 788 24
0 789 24
0 790 25
0 791 24
0 792 24
0 793 24
0 794 24
0 795 24
0 796 24
0 797 24
0 798 24
0 799 25
0 800 24
0 801 24
0 802 24
0 803 24
0 804 24
0 805 24
0 806 23
0 807 24
0 808 24
0 809 24
0 810 24
0 811 24
0 812 24
0 813 24
0 814 24
0 815 24
0 816 24
0 817 24
0 818 24
0 819 25
0 820 24
0 821 24
0 822 24
0 823 24
0 824 23
0 825 23
0 826 23
0 827 24
0 828 24
0 829 24
0 830 24
0 831 24
0 832 24
0 833 24
0 834 24
0 835 24
0 836 24
0 837 24
0 838 24
0 839 25
0 840 25
0 841 24
0 842 24
0 843 24
0 844 24
0 845 24
0 846 24
0 847 24
0 848 24
0 849 24
0 850 25
0 851 25
0 852 25
0 853 24
0 854 24
0 855 24
0 856 24
0 857 24
0 858 24
0 859 25
0 860 25
0 861 24
0 862 24
0 863 24
0 864 24
0 865 24
0 866 24
0 867 24
0 868 25
0 869 25
0 870 25
0 871 25
0 872 24
0 873 24
0 874 24
0 875 24
0 876 24
0 877 24
0 878 24
0 879 25
0 880 25
0 881 24
0 882 24
0 883 24
0 884 24
0 885 24
0 886 24
0 887 24
0 888 24
0 889 24
0 890 24
0 891 24
0 892 24
0 893 24
0 894 24
0 895 24
0 896 24
0 897 24
0 898 24
0 899 25
0 900 25
0 901 24
0 902 24
0 903 24
0 904 24
0 905 23
0 906 23
0 907 24
0 908 24
0 909 24
0 910 24
0 911 24
0 912 24
0 913 24
0 914 24
0 915 24
0 916 24
0 917 24
0 918 24
0 919 24
0 920 24
0 921 25
0 922 24
0 923 24
0 924 23
0 925 24
0 926 23
0 927 24
0 928 24
0 929 24
0 930 24
0 931 24
0 932 24
0 933 24
0 934 24
0 935 24
0 936 24
0 937 24
0 938 24
0 939 25
0 940 25
0 941 24
0 942 24
0 943 24
0 944 24
0 945 24
0 946 24
0 947 24
0 948 24
0 949 24
0 950 25
0 951 25
0 952 24
0 953 24
0 954 24
0 955 24
0 956 24
0 957 25
0 958 24
0 959 25
0 960 25
0 961 25
0 962 24
0 963 24
0 964 24
0 965 24
0 966 24
0 967 24
0 968 24
0 969 24
0 970 25
0 971 25
0 972 25
0 973 24
0 974 24
0 975 24
0 976 24
0 977 24
0 978 25
0 979 25
0 980 25
0 981 24
0 982 24
0 983 24
0 984 24
0 985 24
0 986 24
0 987 24
0 988 24
0 989 24
0 990 25
0 991 24
0 992 24
0 993 24
0 994 24
0 995 24
0 996 24
0 997 24
0 998 24
0 999 25
0 1000 24
0 1001 24
0 1002 24
0 1003 23
0 1004 23
0 1005 23
0 1006 23
0 1007 24
0 1008 24
0 1009 24
0 1010 24
0 1011 24
0 1012 24
0 1013 24
0 1014 24
0 1015 24
0 1016 24
0 1017 24
0 1018 24
0 1019 25
0 1020 24
0 1021 24
0 1022 24
0 1023 25
0 1024 23
0 1025 23
0 1026 24
0 1027 24
0 1028 24
0 1029 24
0 1030 25
0 1031 24
0 1032 24
0 1033 24
0 1034 24
0 1035 24
0 1036 24
0 1037 24
0 1038 24
0 1039 25
0 1040 24
0 1041 24
0 1042 24
0 1043 24
0 1044 24
0 1045 24
0 1046 24
0 1047 24
0 1048 24
0 1049 24
0 1050 25
0 1051 25
0 1052 25
0 1053 24
0 1054 24
0 1055 24
0 1056 24
0 1057 24
0 1058 25
0 1059 25
0 1060 24
0 1061 25
0 1062 24
0 1063 24
0 1064 24
0 1065 24
0 1066 24
0 1067 24
0 1068 24
0 1069 24
0 1070 25
0 1071 25
0 1072 24
0 1073 24
0 1074 24
0 1075 24
0 1076 24
0 1077 25
0 1078 24
0 1079 25
0 1080 24
0 1081 24
0 1082 24
0 1083 24
0 1084 24
0 1085 24
0 1086 24
0 1087 24
0 1088 24
0 1089 24
0 1090 24
0 1091 25
0 1092 25
0 1093 24
0 1094 24
0 1095 24
0 1096 24
0 1097 24
0 1098 24
0 1099 25
0 1100 24
0 1101 24
0 1102 24
0 1103 24
0 1104 23
0 1105 23
0 1106 23
0 1107 24
0 1108 24
0 1109 24
0 1110 24
0 1111 24
0 1112 24
0 1113 24
0 1114 24
0 1115 24
0 1116 24
0 1117 24
0 1118 24
0 1119 25
0 1120 24
0 1121 24
0 1122 24
0 1123 24
0 1124 24
0 1125 24
0 1126 24
0 1127 24
0 1128 24
0 1129 24
0 1130 24
0 1131 24
0 1132 24
0 1133 24
0 1134 24
0 1135 24
0 1136 24
0 1137 24
0 1138 25
0 1139 25
0 1140 25
0 1141 25
0 1142 24
0 1143 24
0 1144 24
0 1145 24
0 1146 24
0 1147 24
0 1148 24
0 1149 24
0 1150 25
0 1151 25
0 1152 25
0 1153 24
0 1154 25
0 1155 25
0 1156 25
0 1157 25
0 1158 25
0 1159 24
0 1160 24
0 1161 25
0 1162 24
0 1163 24
0 1164 24
0 1165 24
0 1166 24
0 1167 24
0 1168 24
0 1169 24
0 1170 25
0 1171 25
0 1172 25
0 1173 24
0 1174 24
0 1175 24
0 1176 24
0 1177 24
0 1178 24
0 1179 25
0 1180 24
0 1181 24
0 1182 24
0 1183 24
0 1184 24
0 1185 24
0 1186 24
0 1187 24
0 1188 24
0 1189 24
0 1190 25
0 1191 24
0 1192 24
0 1193 24
0 1194 24
0 1195 24
0 1196 24
0 1197 24
0 1198 24
0 1199 25
0 1200 24
0 1201 25
0 1202 24
0 1203 24
0 1204 23
0 1205 24
0 1206 23
0 1207 24
0 1208 24
0 1209 24
0 1210 24
0 1211 24
0 1212 24
0 1213 24
0 1214 24
0 1215 24
0 1216 24
0 1217 24
0 1218 24
0 1219 25
0 1220 24
0 1221 24
0 1222 24
0 1223 24
0 1224 24
0 1225 24
0 1226 24
0 1227 24
0 1228 24
0 1229 24
0 1230 24
0 1231 24
0 1232 24
0 1233 24
0 1234 24
0 1235 24
0 1236 24
0 1237 24
0 1238 24
0 1239 25
0 1240 25
0 1241 24
0 1242 24
0 1243 24
0 1244 24
0 1245 24
0 1246 24
0 1247 24
0 1248 24
0 1249 24
0 1250 25
0 1251 25
0 1252 25
0 1253 25
0 1254 25
0 1255 24
0 1256 24
0 1257 25
0 1258 25
0 1259 25
0 1260 25
0 1261 25
0 1262 24
0 1263 24
0 1264 24
0 1265 24
0 1266 24
0 1267 24
0 1268 24
0 1269 25
0 1270 25
0 1271 25
0 1272 25
0 1273 24
0 1274 24
0 1275 24
0 1276 24
0 1277 24
0 1278 25
0 1279 25
0 1280 25
0 1281 24
0 1282 24
0 1283 24
0 1284 24
0 1285 24
0 1286 24
0 1287 24
0 1288 24
0 1289 24
0 1290 24
0 1291 24
0 1292 24
0 1293 24
0 1294 24
0 1295 24
0 1296 24
0 1297 24
0 1298 24
0 1299 25
0 1300 24
0 1301 25
0 1302 24
0 1303 24
0 1304 23
0 1305 23
0 1306 23
0 1307 23
0 1308 24
0 1309 24
0 1310 24
0 1311 24
0 1312 24
0 1313 24
0 1314 24
0 1315 24
0 1316 24
0 1317 24
0 1318 24
0 1319 25
0 1320 24
0 1321 24
0 1322 24
0 1323 24
0 1324 24
0 1325 24
0 1326 24
0 1327 24
0 1328 24
0 1329 24
0 1330 25
0 1331 25
0 1332 25
0 1333 24
0 1334 24
0 1335 24
0 1336 24
0 1337 24
0 1338 24
0 1339 25
0 1340 24
0 1341 25
0 1342 24
0 1343 24
0 1344 24
0 1345 24
0 1346 24
0 1347 24
0 1348 25
0 1349 25
0 1350 25
0 1351 25
0 1352 25
0 1353 24
0 1354 24
0 1355 24
0 1356 24
0 1357 25
0 1358 25
0 1359 24
0 1360 24
0 1361 25
0 1362 24
0 1363 24
0 1364 24
0 1365 24
0 1366 24
0 1367 24
0 1368 24
0 1369 24
0 1370 25
0 1371 25
0 1372 24
0 1373 24
0 1374 24
0 1375 24
0 1376 24
0 1377 24
0 1378 24
0 1379 25
0 1380 24
0 1381 24
0 1382 24
0 1383 24
0 1384 24
0 1385 24
0 1386 24
0 1387 24
0 1388 24
0 1389 24
0 1390 24
0 1391 24
0 1392 24
0 1393 24
0 1394 24
0 1395 24
0 1396 24
0 1397 24
0 1398 24
0 1399 25
0 1400 24
0 1401 25
0 1402 24
0 1403 23
0 1404 23
0 1405 23
0 1406 23
0 1407 23
0 1408 24
0 1409 24
0 1410 24
0 1411 25
0 1412 25
0 1413 24
0 1414 24
0 1415 24
0 1416 24
0 1417 24
0 1418 24
0 1419 25
0 1420 25
0 1421 24
0 1422 24
0 1423 24
0 1424 24
0 1425 24
0 1426 24
0 1427 24
0 1428 24
0 1429 24
0 1430 25
0 1431 25
0 1432 25
0 1433 24
0 1434 24
0 1435 24
0 1436 24
0 1437 25
0 1438 24
0 1439 25
0 1440 25
0 1441 25
0 1442 24
0 1443 24
0 1444 24
0 1445 24
0 1446 24
0 1447 24
0 1448 24
0 1449 24
0 1450 25
0 1451 25
0 1452 25
0 1453 25
0 1454 24
0 1455 24
0 1456 24
0 1457 24
0 1458 25
0 1459 25
0 1460 24
0 1461 25
0 1462 24
0 1463 24
0 1464 24
0 1465 24
0 1466 24
0 1467 24
0 1468 24
0 1469 24
0 1470 25
0 1471 25
0 1472 24
0 1473 24
0 1474 24
0 1475 24
0 1476 24
0 1477 25
0 1478 24
0 1479 25
0 1480 24
0 1481 24
0 1482 24
0 1483 24
0 1484 24
0 1485 24
0 1486 24
0 1487 24
0 1488 24
0 1489 24
0 1490 24
0 1491 24
0 1492 24
0 1493 24
0 1494 24
0 1495 24
0 1496 25
0 1497 24
0 1498 24
0 1499 25
0 1500 24
0 1501 24
0 1502 24
0 1503 24
0 1504 23
0 1505 23
0 1506 23
0 1507 24
0 1508 24
0 1509 24
0 1510 24
0 1511 24
0 1512 24
0 1513 24
0 1514 24
0 1515 24
0 1516 24
0 1517 24
0 1518 24
0 1519 25
0 1520 24
0 1521 24
0 1522 24
0 1523 24
0 1524 24
0 1525 24
0 1526 24
0 1527 24
0 1528 24
0 1529 24
0 1530 25
0 1531 24
0 1532 25
0 1533 24
0 1534 24
0 1535 24
0 1536 24
0 1537 25
0 1538 25
0 1539 24
0 1540 24
0 1541 25
0 1542 24
0 1543 24
0 1544 24
0 1545 24
0 1546 24
0 1547 24
0 1548 25
0 1549 25
0 1550 25
0 1551 25
0 1552 25
0 1553 24
0 1554 24
0 1555 24
0 1556 24
0 1557 25
0 1558 24
0 1559 25
0 1560 25
0 1561 24
0 1562 24
0 1563 24
0 1564 24
0 1565 24
0 1566 24
0 1567 24
0 1568 24
0 1569 24
0 1570 25
0 1571 25
0 1572 25
0 1573 24
0 1574 24
0 1575 24
0 1576 24
0 1577 24
0 1578 24
0 1579 25
0 1580 24
0 1581 24
0 1582 24
0 1583 24
0 1584 23
0 1585 23
0 1586 23
0 1587 24
0 1588 24
0 1589 24
0 1590 24
0 1591 24
0 1592 24
0 1593 24
0 1594 24
0 1595 24
0 1596 24
0 1597 24
0 1598 24
0 1599 24
0 1600 24
0 1601 25
0 1602 24
0 1603 24
0 1604 23
0 1605 24
0 1606 23
0 1607 24
0 1608 24
0 1609 24
0 1610 24
0 1611 24
0 1612 24
0 1613 24
0 1614 24
0 1615 24
0 1616 24
0 1617 24
0 1618 24
0 1619 25
0 1620 25
0 1621 24
0 1622 24
0 1623 24
0 1624 24
0 1625 24
0 1626 24
0 1627 24
0 1628 24
0 1629 24
0 1630 25
0 1631 25
0 1632 24
0 1633 24
0 1634 24
0 1635 24
0 1636 24
0 1637 24
0 1638 25
0 1639 25
0 1640 24
0 1641 24
0 1642 24
0 1643 24
0 1644 24
0 1645 24
0 1646 24
0 1647 24
0 1648 24
0 1649 24
0 1650 25
0 1651 25
0 1652 25
0 1653 24
0 1654 24
0 1655 24
0 1656 24
0 1657 24
0 1658 24
0 1659 25
0 1660 25
0 1661 24
0 1662 24
0 1663 24
0 1664 24
0 1665 24
0 1666 24
0 1667 24
0 1668 25
0 1669 25
0 1670 25
0 1671 25
0 1672 25
0 1673 24
0 1674 24
0 1675 24
0 1676 24
0 1677 24
0 1678 24
0 1679 25
0 1680 24
0 1681 24
0 1682 24
0 1683 24
0 1684 24
0 1685 24
0 1686 24
0 1687 24
0 1688 24
0 1689 24
0 1690 24
0 1691 24
0 1692 24
0 1693 24
0 1694 24
0 1695 24
0 1696 24
0 1697 24
0 1698 24
0 1699 25
0 1700 24
0 1701 25
0 1702 24
0 1703 24
0 1704 23
0 1705 23
0 1706 23
0 1707 24
0 1708 24
0 1709 24
0 1710 24
0 1711 24
0 1712 24
0 1713 24
0 1714 24
0 1715 24
0 1716 24
0 1717 24
0 1718 24
0 1719 25
0 1720 24
0 1721 24
0 1722 24
0 1723 24
0 1724 24
0 1725 24
0 1726 24
0 1727 24
0 1728 24
0 1729 24
0 1730 25
0 1731 25
0 1732 25
0 1733 24
0 1734 24
0 1735 24
0 1736 24
0 1737 24
0 1738 24
0 1739 25
0 1740 24
0 1741 24
0 1742 24
0 1743 24
0 1744 24
0 1745 24
0 1746 24
0 1747 24
0 1748 24
0 1749 24
0 1750 25
0 1751 25
0 1752 25
0 1753 24
0 1754 24
0 1755 24
0 1756 24
0 1757 25
0 1758 25
0 1759 25
0 1760 25
0 1761 24
0 1762 24
0 1763 24
0 1764 24
0 1765 24
0 1766 24
0 1767 24
0 1768 24
0 1769 24
0 1770 24
0 1771 24
0 1772 24
0 1773 24
0 1774 24
0 1775 24
0 1776 24
0 1777 24
0 1778 24
0 1779 25
0 1780 25
0 1781 24
0 1782 24
0 1783 24
0 1784 23
0 1785 23
0 1786 23
0 1787 24
0 1788 24
0 1789 24
0 1790 24
0 1791 24
0 1792 24
0 1793 24
0 1794 24
0 1795 24
0 1796 24
0 1797 24
0 1798 24
0 1799 25
0 1800 24
0 1801 24
0 1802 24
0 1803 24
0 1804 23
0 1805 24
0 1806 24
0 1807 24
0 1808 24
0 1809 24
0 1810 24
0 1811 24
0 1812 24
0 1813 24
0 1814 24
0 1815 24
0 1816 24
0 1817 24
0 1818 24
0 1819 25
0 1820 25
0 1821 24
0 1822 24
0 1823 24
0 1824 24
0 1825 24
0 1826 24
0 1827 24
0 1828 24
0 1829 24
0 1830 25
0 1831 25
0 1832 25
0 1833 24
0 1834 24
0 1835 24
0 1836 24
0 1837 25
0 1838 24
0 1839 25
0 1840 25
0 1841 24
0 1842 24
0 1843 24
0 1844 24
0 1845 24
0 1846 24
0 1847 24
0 1848 24
0 1849 24
0 1850 24
0 1851 25
0 1852 25
0 1853 24
0 1854 24
0 1855 24
0 1856 24
0 1857 24
0 1858 25
0 1859 24
0 1860 25
0 1861 25
0 1862 24
0 1863 24
0 1864 24
0 1865 24
0 1866 24
0 1867 24
0 1868 24
0 1869 24
0 1870 24
0 1871 24
0 1872 24
0 1873 24
0 1874 24
0 1875 24
0 1876 24
0 1877 24
0 1878 24
0 1879 25
0 1880 24
0 1881 25
0 1882 24
0 1883 24
0 1884 23
0 1885 23
0 1886 23
0 1887 24
0 1888 24
0 1889 24
0 1890 24
0 1891 24
0 1892 24
0 1893 24
0 1894 24
0 1895 24
0 1896 24
0 1897 24
0 1898 24
0 1899 25
0 1900 24
0 1901 25
0 1902 24
0 1903 23
0 1904 23
0 1905 23
0 1906 23
0 1907 24
0 1908 24
0 1909 24
0 1910 24
0 1911 24
0 1912 24
0 1913 24
0 1914 24
0 1915 24
0 1916 24
0 1917 24
0 1918 24
0 1919 25
0 1920 24
0 1921 24
0 1922 24
0 1923 24
0 1924 24
0 1925 24
0 1926 24
0 1927 24
0 1928 24
0 1929 24
0 1930 25
0 1931 25
0 1932 25
0 1933 24
0 1934 24
0 1935 24
0 1936 24
0 1937 25
0 1938 25
0 1939 25
0 1940 25
0 1941 25
0 1942 24
0 1943 24
0 1944 24
0 1945 24
0 1946 24
0 1947 24
0 1948 24
0 1949 24
0 1950 25
0 1951 24
0 1952 24
0 1953 24
0 1954 24
0 1955 24
0 1956 24
0 1957 24
0 1958 25
0 1959 25
0 1960 25
0 1961 24
0 1962 24
0 1963 24
0 1964 24
0 1965 24
0 1966 24
0 1967 24
0 1968 24
0 1969 24
0 1970 24
0 1971 24
0 1972 24
0 1973 24
0 1974 24
0 1975 24
0 1976 24
0 1977 24
0 1978 24
0 1979 25
0 1980 24
0 1981 24
0 1982 24
0 1983 24
0 1984 23
0 1985 23
0 1986 23
0 1987 24
0 1988 24
0 1989 24
0 1990 24
0 1991 24
0 1992 24
0 1993 24
0 1994 24
0 1995 24
0 1996 24
0 1997 24
0 1998 24
0 1999 25
0 2000 24
0 2001 24
0 2002 24
0 2003 24
0 2004 24
0 2005 24
0 2006 23
0 2007 24
0 2008 24
0 2009 24
0 2010 24
0 2011 24
0 2012 24
0 2013 24
0 2014 24
0 2015 24
0 2016 24
0 2017 24
0 2018 24
0 2019 25
0 2020 25
0 2021 24
0 2022 24
0 2023 24
0 2024 24
0 2025 24
0 2026 24
0 2027 24
0 2028 24
0 2029 24
0 2030 25
0 2031 25
0 2032 25
0 2033 24
0 2034 24
0 2035 24
0 2036 24
0 2037 25
0 2038 25
0 2039 24
0 2040 24
0 2041 25
0 2042 24
0 2043 24
0 2044 24
0 2045 24
0 2046 24
0 2047 24
0 2048 24
0 2049 24
0 2050 25
0 2051 25
0 2052 24
0 2053 25
0 2054 25
0 2055 24
0 2056 24
0 2057 24
0 2058 24
0 2059 25
0 2060 25
0 2061 24
0 2062 24
0 2063 24
0 2064 24
0 2065 24
0 2066 24
0 2067 24
0 2068 24
0 2069 24
0 2070 24
0 2071 24
0 2072 24
0 2073 24
0 2074 24
0 2075 24
0 2076 24
0 2077 24
0 2078 24
0 2079 25
0 2080 24
0 2081 25
0 2082 24
0 2083 24
0 2084 24
0 2085 24
0 2086 23
0 2087 24
0 2088 24
0 2089 24
0 2090 24
0 2091 24
0 2092 24
0 2093 24
0 2094 24
0 2095 24
0 2096 24
0 2097 24
0 2098 24
0 2099 25
0 2100 25
0 2101 24
0 2102 24
0 2103 24
0 2104 23
0 2105 23
0 2106 23
0 2107 24
0 2108 24
0 2109 24
0 2110 24
0 2111 24
0 2112 24
0 2113 24
0 2114 24
0 2115 24
0 2116 24
0 2117 25
0 2118 24
0 2119 25
0 2120 24
0 2121 24
0 2122 24
0 2123 24
0 2124 24
0 2125 24
0 2126 24
0 2127 24
0 2128 24
0 2129 24
0 2130 25
0 2131 25
0 2132 25
0 2133 24
0 2134 24
0 2135 24
0 2136 24
0 2137 24
0 2138 25
0 2139 25
0 2140 24
0 2141 24
0 2142 24
0 2143 24
0 2144 24
0 2145 24
0 2146 24
0 2147 24
0 2148 25
0 2149 25
0 2150 25
0 2151 25
0 2152 25
0 2153 24
0 2154 24
0 2155 24
0 2156 24
0 2157 24
0 2158 24
0 2159 25
0 2160 24
0 2161 24
0 2162 24
0 2163 24
0 2164 24
0 2165 24
0 2166 24
0 2167 24
0 2168 24
0 2169 24
0 2170 24
0 2171 24
0 2172 24
0 2173 24
0 2174 24
0 2175 24
0 2176 24
0 2177 24
0 2178 24
0 2179 25
0 2180 24
0 2181 24
0 2182 24
0 2183 24
0 2184 23
0 2185 23
0 2186 23
0 2187 24
0 2188 24
0 2189 24
0 2190 24
0 2191 24
0 2192 24
0 2193 24
0 2194 24
0 2195 24
0 2196 24
0 2197 24
0 2198 24
0 2199 25
0 2200 24
0 2201 25
0 2202 24
0 2203 24
0 2204 23
0 2205 24
0 2206 23
0 2207 24
0 2208 24
0 2209 24
0 2210 24
0 2211 25
0 2212 24
0 2213 24
0 2214 24
0 2215 24
0 2216 24
0 2217 24
0 2218 24
0 2219 25
0 2220 25
0 2221 25
0 2222 24
0 2223 24
0 2224 24
0 2225 24
0 2226 24
0 2227 24
0 2228 25
0 2229 25
0 2230 25
0 2231 25
0 2232 25
0 2233 24
0 2234 24
0 2235 24
0 2236 24
0 2237 25
0 2238 25
0 2239 25
0 2240 25
0 2241 24
0 2242 24
0 2243 24
0 2244 24
0 2245 24
0 2246 24
0 2247 24
0 2248 24
0 2249 24
0 2250 25
0 2251 25
0 2252 25
0 2253 24
0 2254 24
0 2255 24
0 2256 24
0 2257 24
0 2258 24
0 2259 25
0 2260 24
0 2261 24
0 2262 24
0 2263 24
0 2264 24
0 2265 24
0 2266 24
0 2267 24
0 2268 24
0 2269 24
0 2270 24
0 2271 24
0 2272 24
0 2273 24
0 2274 24
0 2275 24
0 2276 24
0 2277 24
0 2278 24
0 2279 25
0 2280 24
0 2281 25
0 2282 24
0 2283 24
0 2284 23
0 2285 23
0 2286 23
0 2287 23
0 2288 24
0 2289 24
0 2290 24
0 2291 24
0 2292 24
0 2293 24
0 2294 24
0 2295 24
0 2296 24
0 2297 24
0 2298 24
0 2299 25
0 2300 24
0 2301 24
0 2302 24
0 2303 24
0 2304 23
0 2305 24
0 2306 24
0 2307 24
0 2308 25
0 2309 25
0 2310 25
0 2311 25
0 2312 24
0 2313 24
0 2314 24
0 2315 24
0 2316 24
0 2317 24
0 2318 24
0 2319 25
0 2320 25
0 2321 24
0 2322 24
0 2323 24
0 2324 24
0 2325 24
0 2326 24
0 2327 24
0 2328 24
0 2329 24
0 2330 25
0 2331 25
0 2332 25
0 2333 24
0 2334 24
0 2335 24
0 2336 24
0 2337 24
0 2338 24
0 2339 25
0 2340 25
0 2341 25
0 2342 24
0 2343 24
0 2344 24
0 2345 24
0 2346 24
0 2347 24
0 2348 24
0 2349 24
0 2350 25
0 2351 25
0 2352 24
0 2353 24
0 2354 24
0 2355 24
0 2356 24
0 2357 24
0 2358 24
0 2359 25
0 2360 25
0 2361 25
0 2362 24
0 2363 24
0 2364 23
0 2365 24
0 2366 24
0 2367 24
0 2368 24
0 2369 24
0 2370 24
0 2371 25
0 2372 24
0 2373 24
0 2374 24
0 2375 24
0 2376 24
0 2377 24
0 2378 24
0 2379 25
0 2380 24
0 2381 24
0 2382 24
0 2383 23
0 2384 24
0 2385 23
0 2386 23
0 2387 24
0 2388 24
0 2389 24
0 2390 24
0 2391 24
0 2392 24
0 2393 24
0 2394 24
0 2395 24
0 2396 24
0 2397 24
0 2398 24
0 2399 25
0 2400 24
0 2401 24
0 2402 24
0 2403 24
0 2404 24
0 2405 24
0 2406 24
0 2407 24
0 2408 24
0 2409 24
0 2410 24
0 2411 24
0 2412 25
0 2413 24
0 2414 24
0 2415 24
0 2416 24
0 2417 24
0 2418 24
0 2419 25
0 2420 25
0 2421 25
0 2422 24
0 2423 24
0 2424 24
0 2425 24
0 2426 24
0 2427 24
0 2428 24
0 2429 24
0 2430 25
0 2431 24
0 2432 25
0 2433 24
0 2434 25
0 2435 24
0 2436 24
0 2437 25
0 2438 25
0 2439 24
0 2440 24
0 2441 24
0 2442 24
0 2443 24
0 2444 24
0 2445 24
0 2446 24
0 2447 24
0 2448 24
0 2449 24
0 2450 25
0 2451 25
0 2452 24
0 2453 24
0 2454 24
0 2455 24
0 2456 24
0 2457 24
0 2458 24
0 2459 25
0 2460 24
0 2461 24
0 2462 24
0 2463 24
0 2464 23
0 2465 23
0 2466 24
0 2467 24
0 2468 24
0 2469 24
0 2470 24
0 2471 24
0 2472 24
0 2473 24
0 2474 24
0 2475 24
0 2476 24
0 2477 24
0 2478 24
0 2479 25
0 2480 24
0 2481 25
0 2482 24
0 2483 24
0 2484 23
0 2485 24
0 2486 23
0 2487 24
0 2488 24
0 2489 24
0 2490 24
0 2491 24
0 2492 24
0 2493 24
0 2494 24
0 2495 24
0 2496 23
0 2497 24
0 2498 24
0 2499 25
0 2500 24
0 2501 24
0 2502 24
0 2503 24
0 2504 24
0 2505 24
0 2506 24
0 2507 24
0 2508 24
0 2509 24
0 2510 25
0 2511 25
0 2512 24
0 2513 24
0 2514 24
0 2515 24
0 2516 24
0 2517 25
0 2518 24
0 2519 25
0 2520 25
0 2521 24
0 2522 24
0 2523 24
0 2524 24
0 2525 24
0 2526 24
0 2527 24
0 2528 24
0 2529 24
0 2530 25
0 2531 25
0 2532 25
0 2533 24
0 2534 24
0 2535 24
0 2536 24
0 2537 25
0 2538 25
0 2539 25
0 2540 25
0 2541 25
0 2542 24
0 2543 24
0 2544 24
0 2545 24
0 2546 24
0 2547 24
0 2548 24
0 2549 24
0 2550 25
0 2551 24
0 2552 24
0 2553 24
0 2554 24
0 2555 24
0 2556 24
0 2557 24
0 2558 24
0 2559 25
0 2560 24
0 2561 24
0 2562 24
0 2563 24
0 2564 24
0 2565 24
0 2566 24
0 2567 24
0 2568 24
0 2569 24
0 2570 24
0 2571 24
0 2572 24
0 2573 24
0 2574 24
0 2575 24
0 2576 24
0 2577 24
0 2578 24
0 2579 25
0 2580 24
0 2581 24
0 2582 24
0 2583 23
0 2584 23
0 2585 23
0 2586 23
0 2587 23
0 2588 24
0 2589 24
0 2590 24
0 2591 24
0 2592 24
0 2593 24
0 2594 24
0 2595 24
0 2596 24
0 2597 24
0 2598 24
0 2599 25
0 2600 24
0 2601 24
0 2602 24
0 2603 24
0 2604 24
0 2605 24
0 2606 24
0 2607 24
0 2608 24
0 2609 24
0 2610 25
0 2611 25
0 2612 25
0 2613 24
0 2614 24
0 2615 24
0 2616 24
0 2617 25
0 2618 25
0 2619 25
0 2620 25
0 2621 24
0 2622 24
0 2623 24
0 2624 24
0 2625 24
0 2626 24
0 2627 24
0 2628 25
0 2629 25
0 2630 25
0 2631 25
0 2632 25
0 2633 24
0 2634 24
0 2635 24
0 2636 24
0 2637 25
0 2638 25
0 2639 25
0 2640 25
0 2641 24
0 2642 24
0 2643 24
0 2644 24
0 2645 24
0 2646 24
0 2647 24
0 2648 24
0 2649 24
0 2650 24
0 2651 24
0 2652 25
0 2653 24
0 2654 24
0 2655 24
0 2656 24
0 2657 24
0 2658 24
0 2659 25
0 2660 24
0 2661 24
0 2662 24
0 2663 25
0 2664 23
0 2665 23
0 2666 23
0 2667 24
0 2668 24
0 2669 24
0 2670 24
0 2671 24
0 2672 24
0 2673 24
0 2674 24
0 2675 24
0 2676 24
0 2677 24
0 2678 24
0 2679 24
0 2680 24
0 2681 25
0 2682 24
0 2683 24
0 2684 23
0 2685 23
0 2686 23
0 2687 23
0 2688 24
0 2689 24
0 2690 24
0 2691 25
0 2692 25
0 2693 24
0 2694 24
0 2695 24
0 2696 24
0 2697 24
0 2698 24
0 2699 25
0 2700 24
0 2701 24
0 2702 24
0 2703 24
0 2704 24
0 2705 24
0 2706 24
0 2707 24
0 2708 24
0 2709 24
0 2710 25
0 2711 25
0 2712 24
0 2713 24
0 2714 24
0 2715 24
0 2716 24
0 2717 24
0 2718 25
0 2719 25
0 2720 25
0 2721 24
0 2722 24
0 2723 24
0 2724 24
0 2725 24
0 2726 24
0 2727 24
0 2728 24
0 2729 24
0 2730 25
0 2731 25
0 2732 25
0 2733 24
0 2734 24
0 2735 24
0 2736 24
0 2737 24
0 2738 24
0 2739 25
0 2740 25
0 2741 24
0 2742 24
0 2743 24
0 2744 24
0 2745 24
0 2746 24
0 2747 24
0 2748 24
0 2749 24
0 2750 24
0 2751 24
0 2752 24
0 2753 24
0 2754 24
0 2755 24
0 2756 24
0 2757 24
0 2758 24
0 2759 25
0 2760 24
0 2761 24
0 2762 24
0 2763 23
0 2764 23
0 2765 23
0 2766 23
0 2767 24
0 2768 24
0 2769 24
0 2770 24
0 2771 24
0 2772 24
0 2773 24
0 2774 24
0 2775 24
0 2776 24
0 2777 24
0 2778 24
0 2779 25
0 2780 24
0 2781 24
0 2782 24
0 2783 25
0 2784 24
0 2785 23
0 2786 23
0 2787 24
0 2788 24
0 2789 24
0 2790 24
0 2791 24
0 2792 24
0 2793 24
0 2794 24
0 2795 24
0 2796 24
0 2797 24
0 2798 24
0 2799 25
0 2800 24
0 2801 24
0 2802 24
0 2803 24
0 2804 24
0 2805 24
0 2806 24
0 2807 24
0 2808 24
0 2809 24
0 2810 25
0 2811 25
0 2812 25
0 2813 24
0 2814 24
0 2815 24
0 2816 24
0 2817 24
0 2818 25
0 2819 25
0 2820 24
0 2821 25
0 2822 25
0 2823 24
0 2824 24
0 2825 24
0 2826 24
0 2827 24
0 2828 24
0 2829 24
0 2830 25
0 2831 25
0 2832 25
0 2833 24
0 2834 24
0 2835 24
0 2836 24
0 2837 25
0 2838 24
0 2839 25
0 2840 24
0 2841 24
0 2842 24
0 2843 24
0 2844 24
0 2845 24
0 2846 24
0 2847 24
0 2848 24
0 2849 24
0 2850 24
0 2851 25
0 2852 24
0 2853 24
0 2854 24
0 2855 24
0 2856 24
0 2857 24
0 2858 24
0 2859 25
0 2860 24
0 2861 25
0 2862 24
0 2863 24
0 2864 23
0 2865 23
0 2866 23
0 2867 24
0 2868 24
0 2869 24
0 2870 24
0 2871 24
0 2872 24
0 2873 24
0 2874 24
0 2875 24
0 2876 23
0 2877 24
0 2878 24
0 2879 25
0 2880 24
0 2881 25
0 2882 24
0 2883 24
0 2884 24
0 2885 24
0 2886 24
0 2887 24
0 2888 24
0 2889 24
0 2890 24
0 2891 24
0 2892 24
0 2893 24
0 2894 24
0 2895 24
0 2896 24
0 2897 24
0 2898 24
0 2899 25
0 2900 24
0 2901 24
0 2902 24
0 2903 24
0 2904 24
0 2905 24
0 2906 24
0 2907 24
0 2908 24
0 2909 24
0 2910 24
0 2911 24
0 2912 24
0 2913 24
0 2914 24
0 2915 24
0 2916 24
0 2917 25
0 2918 25
0 2919 25
0 2920 25
0 2921 24
0 2922 24
0 2923 24
0 2924 24
0 2925 24
0 2926 24
0 2927 24
0 2928 24
0 2929 24
0 2930 25
0 2931 25
0 2932 25
0 2933 24
0 2934 24
0 2935 24
0 2936 24
0 2937 24
0 2938 24
0 2939 25
0 2940 24
0 2941 24
0 2942 24
0 2943 24
0 2944 24
0 2945 24
0 2946 24
0 2947 24
0 2948 24
0 2949 24
0 2950 25
0 2951 24
0 2952 24
0 2953 24
0 2954 24
0 2955 24
0 2956 24
0 2957 24
0 2958 24
0 2959 25
0 2960 24
0 2961 25
0 2962 24
0 2963 24
0 2964 23
0 2965 23
0 2966 23
0 2967 23
0 2968 24
0 2969 24
0 2970 24
0 2971 24
0 2972 24
0 2973 24
0 2974 24
0 2975 24
0 2976 24
0 2977 24
0 2978 24
0 2979 25
0 2980 24
0 2981 24
0 2982 24
0 2983 23
0 2984 23
0 2985 23
0 2986 23
0 2987 24
0 2988 24
0 2989 24
0 2990 24
0 2991 24
0 2992 24
0 2993 24
0 2994 24
0 2995 24
0 2996 24
0 2997 24
0 2998 24
0 2999 25
0 3000 24
0 3001 24
0 3002 24
0 3003 24
0 3004 24
0 3005 24
0 3006 24
0 3007 24
0 3008 24
0 3009 24
0 3010 25
0 3011 25
0 3012 25
0 3013 24
0 3014 24
0 3015 24
0 3016 24
0 3017 25
0 3018 25
0 3019 25
0 3020 25
0 3021 24
0 3022 24
0 3023 24
0 3024 24
0 3025 24
0 3026 24
0 3027 24
0 3028 24
0 3029 24
0 3030 25
0 3031 25
0 3032 24
0 3033 24
0 3034 24
0 3035 24
0 3036 24
0 3037 24
0 3038 24
0 3039 25
0 3040 24
0 3041 24
0 3042 24
0 3043 24
0 3044 24
0 3045 24
0 3046 24
0 3047 24
0 3048 24
0 3049 24
0 3050 24
0 3051 24
0 3052 24
0 3053 24
0 3054 24
0 3055 24
0 3056 24
0 3057 24
0 3058 24
0 3059 25
0 3060 24
0 3061 24
0 3062 24
0 3063 24
0 3064 24
0 3065 23
0 3066 23
0 3067 23
0 3068 24
0 3069 24
0 3070 24
0 3071 24
0 3072 24
0 3073 24
0 3074 24
0 3075 24
0 3076 24
0 3077 24
0 3078 24
0 3079 25
0 3080 25
0 3081 24
0 3082 24
0 3083 24
0 3084 24
0 3085 24
0 3086 24
0 3087 24
0 3088 24
0 3089 24
0 3090 24
0 3091 25
0 3092 25
0 3093 24
0 3094 24
0 3095 24
0 3096 24
0 3097 24
0 3098 24
0 3099 25
0 3100 24
0 3101 24
0 3102 24
0 3103 24
0 3104 24
0 3105 24
0 3106 24
0 3107 24
0 3108 24
0 3109 24
0 3110 25
0 3111 25
0 3112 24
0 3113 24
0 3114 24
0 3115 24
0 3116 24
0 3117 25
0 3118 24
0 3119 25
0 3120 24
0 3121 24
0 3122 24
0 3123 24
0 3124 24
0 3125 24
0 3126 24
0 3127 24
0 3128 24
0 3129 24
0 3130 25
0 3131 25
0 3132 25
0 3133 24
0 3134 24
0 3135 24
0 3136 24
0 3137 24
0 3138 24
0 3139 25
0 3140 25
0 3141 24
0 3142 24
0 3143 24
0 3144 24
0 3145 24
0 3146 24
0 3147 24
0 3148 24
0 3149 24
0 3150 24
0 3151 24
0 3152 24
0 3153 24
0 3154 24
0 3155 24
0 3156 24
0 3157 24
0 3158 24
0 3159 25
0 3160 24
0 3161 25
0 3162 24
0 3163 23
0 3164 23
0 3165 23
0 3166 23
0 3167 23
0 3168 24
0 3169 24
0 3170 24
0 3171 24
0 3172 24
0 3173 24
0 3174 24
0 3175 24
0 3176 24
0 3177 24
0 3178 24
0 3179 25
0 3180 24
0 3181 24
0 3182 24
0 3183 24
0 3184 23
0 3185 23
0 3186 23
0 3187 24
0 3188 24
0 3189 24
0 3190 25
0 3191 24
0 3192 24
0 3193 24
0 3194 24
0 3195 24
0 3196 24
0 3197 24
0 3198 24
0 3199 25
0 3200 24
0 3201 24
0 3202 24
0 3203 24
0 3204 24
0 3205 24
0 3206 24
0 3207 24
0 3208 24
0 3209 24
0 3210 25
0 3211 25
0 3212 25
0 3213 24
0 3214 24
0 3215 24
0 3216 24
0 3217 24
0 3218 25
0 3219 25
0 3220 24
0 3221 24
0 3222 24
0 3223 24
0 3224 24
0 3225 24
0 3226 24
0 3227 24
0 3228 24
0 3229 24
0 3230 25
0 3231 24
0 3232 24
0 3233 24
0 3234 24
0 3235 24
0 3236 24
0 3237 24
0 3238 24
0 3239 25
0 3240 24
0 3241 24
0 3242 24
0 3243 24
0 3244 24
0 3245 24
0 3246 23
0 3247 24
0 3248 24
0 3249 24
0 3250 24
0 3251 24
0 3252 24
0 3253 24
0 3254 24
0 3255 24
0 3256 24
0 3257 24
0 3258 24
0 3259 25
0 3260 24
0 3261 25
0 3262 24
0 3263 24
0 3264 24
0 3265 23
0 3266 23
0 3267 24
0 3268 24
0 3269 24
0 3270 24
0 3271 24
0 3272 24
0 3273 24
0 3274 24
0 3275 24
0 3276 24
0 3277 24
0 3278 24
0 3279 25
0 3280 24
0 3281 25
0 3282 24
0 3283 24
0 3284 24
0 3285 24
0 3286 24
0 3287 24
0 3288 24
0 3289 24
0 3290 24
0 3291 24
0 3292 24
0 3293 24
0 3294 24
0 3295 24
0 3296 24
0 3297 24
0 3298 25
0 3299 25
0 3300 25
0 3301 25
0 3302 24
0 3303 24
0 3304 24
0 3305 24
0 3306 24
0 3307 24
0 3308 24
0 3309 24
0 3310 25
0 3311 25
0 3312 25
0 3313 24
0 3314 24
0 3315 24
0 3316 24
0 3317 24
0 3318 24
0 3319 25
0 3320 25
0 3321 24
0 3322 24
0 3323 24
0 3324 24
0 3325 24
0 3326 24
0 3327 24
0 3328 24
0 3329 24
0 3330 25
0 3331 25
0 3332 25
0 3333 24
0 3334 24
0 3335 24
0 3336 24
0 3337 24
0 3338 24
0 3339 25
0 3340 24
0 3341 24
0 3342 24
0 3343 24
0 3344 24
0 3345 23
0 3346 23
0 3347 24
0 3348 24
0 3349 24
0 3350 24
0 3351 24
0 3352 24
0 3353 24
0 3354 24
0 3355 24
0 3356 24
0 3357 24
0 3358 24
0 3359 25
0 3360 24
0 3361 25
0 3362 24
0 3363 24
0 3364 23
0 3365 23
0 3366 23
0 3367 23
0 3368 24
0 3369 24
0 3370 24
0 3371 24
0 3372 24
0 3373 24
0 3374 24
0 3375 24
0 3376 23
0 3377 24
0 3378 24
0 3379 25
0 3380 24
0 3381 24
0 3382 24
0 3383 24
0 3384 24
0 3385 24
0 3386 24
0 3387 24
0 3388 24
0 3389 24
0 3390 24
0 3391 24
0 3392 24
0 3393 24
0 3394 24
0 3395 24
0 3396 24
0 3397 25
0 3398 25
0 3399 25
0 3400 25
0 3401 24
0 3402 24
0 3403 24
0 3404 24
0 3405 24
0 3406 24
0 3407 24
0 3408 24
0 3409 24
0 3410 25
0 3411 25
0 3412 25
0 3413 24
0 3414 24
0 3415 24
0 3416 24
0 3417 24
0 3418 24
0 3419 25
0 3420 25
0 3421 24
0 3422 24
0 3423 24
0 3424 24
0 3425 24
0 3426 24
0 3427 24
0 3428 24
0 3429 24
0 3430 25
0 3431 24
0 3432 24
0 3433 24
0 3434 24
0 3435 24
0 3436 24
0 3437 24
0 3438 24
0 3439 25
0 3440 24
0 3441 24
0 3442 24
0 3443 24
0 3444 24
0 3445 24
0 3446 23
0 3447 24
0 3448 24
0 3449 24
0 3450 24
0 3451 24
0 3452 24
0 3453 24
0 3454 24
0 3455 24
0 3456 24
0 3457 24
0 3458 24
0 3459 25
0 3460 24
0 3461 24
0 3462 24
0 3463 24
0 3464 24
0 3465 23
0 3466 23
0 3467 24
0 3468 24
0 3469 24
0 3470 24
0 3471 24
0 3472 24
0 3473 24
0 3474 24
0 3475 24
0 3476 24
0 3477 24
0 3478 24
0 3479 25
0 3480 24
0 3481 24
0 3482 24
0 3483 24
0 3484 24
0 3485 24
0 3486 24
0 3487 24
0 3488 24
0 3489 24
0 3490 25
0 3491 25
0 3492 25
0 3493 24
0 3494 24
0 3495 24
0 3496 24
0 3497 24
0 3498 24
0 3499 25
0 3500 25
0 3501 24
0 3502 24
0 3503 24
0 3504 24
0 3505 24
0 3506 24
0 3507 24
0 3508 24
0 3509 24
0 3510 25
0 3511 25
0 3512 24
0 3513 24
0 3514 24
0 3515 24
0 3516 24
0 3517 24
0 3518 24
0 3519 25
0 3520 24
0 3521 24
0 3522 24
0 3523 24
0 3524 24
0 3525 24
0 3526 24
0 3527 24
0 3528 24
0 3529 24
0 3530 25
0 3531 24
0 3532 24
0 3533 24
0 3534 24
0 3535 24
0 3536 24
0 3537 24
0 3538 24
0 3539 25
0 3540 24
0 3541 24
0 3542 24
0 3543 24
0 3544 23
0 3545 23
0 3546 23
0 3547 23
0 3548 24
0 3549 24
0 3550 24
0 3551 24
0 3552 24
0 3553 24
0 3554 24
0 3555 24
0 3556 25
0 3557 24
0 3558 24
0 3559 25
0 3560 24
0 3561 25
0 3562 24
0 3563 23
0 3564 23
0 3565 23
0 3566 23
0 3567 24
0 3568 24
0 3569 24
0 3570 24
0 3571 24
0 3572 24
0 3573 24
0 3574 24
0 3575 24
0 3576 24
0 3577 24
0 3578 24
0 3579 25
0 3580 24
0 3581 24
0 3582 24
0 3583 24
0 3584 24
0 3585 24
0 3586 24
0 3587 24
0 3588 25
0 3589 25
0 3590 25
0 3591 25
0 3592 25
0 3593 24
0 3594 24
0 3595 24
0 3596 24
0 3597 25
0 3598 24
0 3599 25
0 3600 25
0 3601 24
0 3602 24
0 3603 24
0 3604 24
0 3605 24
0 3606 24
0 3607 24
0 3608 24
0 3609 24
0 3610 25
0 3611 24
0 3612 25
0 3613 24
0 3614 24
0 3615 24
0 3616 24
0 3617 24
0 3618 25
0 3619 25
0 3620 25
0 3621 24
0 3622 24
0 3623 24
0 3624 24
0 3625 24
0 3626 24
0 3627 24
0 3628 24
0 3629 24
0 3630 24
0 3631 24
0 3632 24
0 3633 24
0 3634 24
0 3635 24
0 3636 24
0 3637 24
0 3638 24
0 3639 25
0 3640 24
0 3641 25
0 3642 24
0 3643 24
0 3644 23
0 3645 23
0 3646 23
0 3647 23
0 3648 23
0 3649 24
0 3650 24
0 3651 24
0 3652 24
0 3653 24
0 3654 24
0 3655 24
0 3656 24
0 3657 24
0 3658 24
0 3659 25
0 3660 24
0 3661 24
0 3662 24
0 3663 23
0 3664 23
0 3665 23
0 3666 23
0 3667 24
0 3668 24
0 3669 24
0 3670 24
0 3671 24
0 3672 24
0 3673 24
0 3674 24
0 3675 24
0 3676 24
0 3677 24
0 3678 24
0 3679 25
0 3680 24
0 3681 24
0 3682 24
0 3683 24
0 3684 24
0 3685 24
0 3686 24
0 3687 24
0 3688 24
0 3689 24
0 3690 25
0 3691 25
0 3692 25
0 3693 24
0 3694 24
0 3695 24
0 3696 24
0 3697 25
0 3698 25
0 3699 24
0 3700 25
0 3701 24
0 3702 24
0 3703 24
0 3704 24
0 3705 24
0 3706 24
0 3707 24
0 3708 24
0 3709 24
0 3710 25
0 3711 24
0 3712 24
0 3713 24
0 3714 24
0 3715 24
0 3716 24
0 3717 25
0 3718 24
0 3719 25
0 3720 25
0 3721 24
0 3722 24
0 3723 24
0 3724 24
0 3725 24
0 3726 24
0 3727 24
0 3728 24
0 3729 24
0 3730 24
0 3731 24
0 3732 24
0 3733 24
0 3734 24
0 3735 24
0 3736 24
0 3737 24
0 3738 24
0 3739 25
0 3740 24
0 3741 25
0 3742 24
0 3743 24
0 3744 23
0 3745 23
0 3746 23
0 3747 24
0 3748 24
0 3749 24
0 3750 24
0 3751 24
0 3752 24
0 3753 24
0 3754 24
0 3755 24
0 3756 23
0 3757 24
0 3758 24
0 3759 24
0 3760 24
0 3761 25
0 3762 24
0 3763 24
0 3764 23
0 3765 23
0 3766 23
0 3767 23
0 3768 24
0 3769 24
0 3770 24
0 3771 24
0 3772 24
0 3773 24
0 3774 24
0 3775 24
0 3776 24
0 3777 24
0 3778 24
0 3779 25
0 3780 25
0 3781 24
0 3782 24
0 3783 24
0 3784 24
0 3785 24
0 3786 24
0 3787 24
0 3788 24
0 3789 24
0 3790 25
0 3791 25
0 3792 24
0 3793 24
0 3794 24
0 3795 24
0 3796 24
0 3797 24
0 3798 24
0 3799 25
0 3800 25
0 3801 24
0 3802 24
0 3803 24
0 3804 24
0 3805 24
0 3806 24
0 3807 24
0 3808 24
0 3809 24
0 3810 25
0 3811 25
0 3812 25
0 3813 24
0 3814 24
0 3815 24
0 3816 24
0 3817 24
0 3818 24
0 3819 25
0 3820 25
0 3821 24
0 3822 24
0 3823 24
0 3824 24
0 3825 24
0 3826 24
0 3827 24
0 3828 24
0 3829 24
0 3830 24
0 3831 24
0 3832 24
0 3833 24
0 3834 24
0 3835 24
0 3836 24
0 3837 24
0 3838 24
0 3839 25
0 3840 24
0 3841 25
0 3842 24
0 3843 24
0 3844 24
0 3845 24
0 3846 24
0 3847 24
0 3848 24
0 3849 24
0 3850 24
0 3851 24
0 3852 24
0 3853 24
0 3854 24
0 3855 24
0 3856 24
0 3857 24
0 3858 24
0 3859 25
0 3860 24
0 3861 24
0 3862 24
0 3863 24
0 3864 23
0 3865 23
0 3866 23
0 3867 24
0 3868 24
0 3869 24
0 3870 24
0 3871 24
0 3872 24
0 3873 24
0 3874 24
0 3875 24
0 3876 24
0 3877 24
0 3878 24
0 3879 25
0 3880 24
0 3881 24
0 3882 24
0 3883 24
0 3884 24
0 3885 24
0 3886 24
0 3887 24
0 3888 24
0 3889 24
0 3890 25
0 3891 25
0 3892 25
0 3893 24
0 3894 24
0 3895 24
0 3896 24
0 3897 24
0 3898 24
0 3899 25
0 3900 25
0 3901 24
0 3902 24
0 3903 24
0 3904 24
0 3905 24
0 3906 24
0 3907 24
0 3908 24
0 3909 24
0 3910 25
0 3911 25
0 3912 24
0 3913 24
0 3914 24
0 3915 24
0 3916 24
0 3917 24
0 3918 24
0 3919 25
0 3920 24
0 3921 24
0 3922 24
0 3923 24
0 3924 24
0 3925 24
0 3926 24
0 3927 24
0 3928 24
0 3929 24
0 3930 24
0 3931 24
0 3932 24
0 3933 24
0 3934 24
0 3935 24
0 3936 25
0 3937 24
0 3938 24
0 3939 25
0 3940 24
0 3941 24
0 3942 24
0 3943 24
0 3944 23
0 3945 23
0 3946 23
0 3947 23
0 3948 24
0 3949 24
0 3950 24
0 3951 24
0 3952 24
0 3953 24
0 3954 24
0 3955 24
0 3956 24
0 3957 24
0 3958 24
0 3959 25
0 3960 24
0 3961 25
0 3962 24
0 3963 24
0 3964 23
0 3965 24
0 3966 23
0 3967 24
0 3968 24
0 3969 24
0 3970 25
0 3971 25
0 3972 25
0 3973 24
0 3974 24
0 3975 24
0 3976 24
0 3977 24
0 3978 24
0 3979 25
0 3980 24
0 3981 24
0 3982 24
0 3983 24
0 3984 24
0 3985 24
0 3986 24
0 3987 24
0 3988 24
0 3989 24
0 3990 25
0 3991 25
0 3992 24
0 3993 24
0 3994 24
0 3995 24
0 3996 24
0 3997 24
0 3998 24
0 3999 25
0 4000 25
0 4001 24
0 4002 24
0 4003 24
0 4004 24
0 4005 24
0 4006 24
0 4007 24
0 4008 24
0 4009 24
0 4010 25
0 4011 25
0 4012 25
0 4013 24
0 4014 24
0 4015 24
0 4016 24
0 4017 24
0 4018 24
0 4019 25
0 4020 24
0 4021 24
0 4022 24
0 4023 24
0 4024 24
0 4025 24
0 4026 24
0 4027 24
0 4028 24
0 4029 24
0 4030 24
0 4031 24
0 4032 24
0 4033 24
0 4034 24
0 4035 24
0 4036 24
0 4037 24
0 4038 24
0 4039 25
0 4040 24
0 4041 25
0 4042 24
0 4043 24
0 4044 24
0 4045 23
0 4046 23
0 4047 23
0 4048 24
0 4049 24
0 4050 24
0 4051 24
0 4052 24
0 4053 24
0 4054 24
0 4055 24
0 4056 24
0 4057 24
0 4058 24
0 4059 25
0 4060 24
0 4061 24
0 4062 24
0 4063 23
0 4064 23
0 4065 23
0 4066 23
0 4067 24
0 4068 24
0 4069 24
0 4070 25
0 4071 24
0 4072 24
0 4073 24
0 4074 24
0 4075 24
0 4076 24
0 4077 24
0 4078 24
0 4079 25
0 4080 25
0 4081 24
0 4082 24
0 4083 24
0 4084 24
0 4085 24
0 4086 24
0 4087 24
0 4088 24
0 4089 24
0 4090 25
0 4091 25
0 4092 25
0 4093 24
0 4094 24
0 4095 24
0 4096 24
0 4097 24
0 4098 25
0 4099 24
0 4100 24
0 4101 25
0 4102 24
0 4103 24
0 4104 24
0 4105 24
0 4106 24
0 4107 24
0 4108 24
0 4109 24
0 4110 25
0 4111 25
0 4112 24
0 4113 24
0 4114 24
0 4115 24
0 4116 24
0 4117 24
0 4118 24
0 4119 25
0 4120 24
0 4121 24
0 4122 24
0 4123 24
0 4124 23
0 4125 24
0 4126 23
0 4127 24
0 4128 24
0 4129 24
0 4130 24
0 4131 24
0 4132 24
0 4133 24
0 4134 24
0 4135 24
0 4136 24
0 4137 24
0 4138 24
0 4139 25
0 4140 24
0 4141 25
0 4142 24
0 4143 24
0 4144 24
0 4145 23
0 4146 23
0 4147 23
0 4148 24
0 4149 24
0 4150 24
0 4151 24
0 4152 24
0 4153 24
0 4154 24
0 4155 24
0 4156 24
0 4157 24
0 4158 24
0 4159 25
0 4160 24
0 4161 25
0 4162 24
0 4163 24
0 4164 24
0 4165 24
0 4166 24
0 4167 24
0 4168 24
0 4169 24
0 4170 24
0 4171 24
0 4172 24
0 4173 24
0 4174 24
0 4175 24
0 4176 24
0 4177 24
0 4178 24
0 4179 25
0 4180 25
0 4181 24
0 4182 24
0 4183 24
0 4184 24
0 4185 24
0 4186 24
0 4187 24
0 4188 24
0 4189 24
0 4190 24
0 4191 24
0 4192 24
0 4193 24
0 4194 24
0 4195 24
0 4196 24
0 4197 25
0 4198 25
0 4199 25
0 4200 24
0 4201 24
0 4202 24
0 4203 24
0 4204 24
0 4205 24
0 4206 24
0 4207 24
0 4208 24
0 4209 24
0 4210 25
0 4211 25
0 4212 25
0 4213 24
0 4214 24
0 4215 24
0 4216 24
0 4217 24
0 4218 24
0 4219 25
0 4220 24
0 4221 24
0 4222 24
0 4223 24
0 4224 23
0 4225 23
0 4226 24
0 4227 24
0 4228 24
0 4229 24
0 4230 25
0 4231 24
0 4232 24
0 4233 24
0 4234 24
0 4235 24
0 4236 24
0 4237 24
0 4238 24
0 4239 25
0 4240 24
0 4241 25
0 4242 24
0 4243 23
0 4244 23
0 4245 23
0 4246 23
0 4247 23
0 4248 24
0 4249 24
0 4250 24
0 4251 24
0 4252 24
0 4253 24
0 4254 24
0 4255 24
0 4256 24
0 4257 24
0 4258 24
0 4259 25
0 4260 24
0 4261 24
0 4262 24
0 4263 24
0 4264 23
0 4265 23
0 4266 24
0 4267 24
0 4268 24
0 4269 24
0 4270 24
0 4271 24
0 4272 24
0 4273 24
0 4274 24
0 4275 24
0 4276 24
0 4277 25
0 4278 24
0 4279 25
0 4280 24
0 4281 24
0 4282 24
0 4283 24
0 4284 24
0 4285 24
0 4286 24
0 4287 24
0 4288 24
0 4289 24
0 4290 25
0 4291 25
0 4292 25
0 4293 25
0 4294 24
0 4295 24
0 4296 24
0 4297 24
0 4298 24
0 4299 25
0 4300 25
0 4301 24
0 4302 24
0 4303 24
0 4304 24
0 4305 24
0 4306 24
0 4307 24
0 4308 24
0 4309 24
0 4310 25
0 4311 24
0 4312 24
0 4313 24
0 4314 24
0 4315 24
0 4316 24
0 4317 24
0 4318 24
0 4319 25
0 4320 24
0 4321 25
0 4322 24
0 4323 24
0 4324 24
0 4325 24
0 4326 23
0 4327 24
0 4328 24
0 4329 24
0 4330 24
0 4331 24
0 4332 24
0 4333 24
0 4334 24
0 4335 24
0 4336 24
0 4337 24
0 4338 24
0 4339 25
0 4340 24
0 4341 24
0 4342 24
0 4343 24
0 4344 24
0 4345 23
0 4346 23
0 4347 23
0 4348 23
0 4349 24
0 4350 24
0 4351 24
0 4352 24
0 4353 24
0 4354 24
0 4355 24
0 4356 24
0 4357 24
0 4358 24
0 4359 25
0 4360 24
0 4361 25
0 4362 24
0 4363 24
0 4364 23
0 4365 24
0 4366 24
0 4367 24
0 4368 24
0 4369 24
0 4370 24
0 4371 24
0 4372 24
0 4373 24
0 4374 24
0 4375 24
0 4376 24
0 4377 24
0 4378 24
0 4379 25
0 4380 24
0 4381 24
0 4382 24
0 4383 24
0 4384 24
0 4385 24
0 4386 24
0 4387 24
0 4388 24
0 4389 24
0 4390 25
0 4391 25
0 4392 25
0 4393 24
0 4394 24
0 4395 24
0 4396 24
0 4397 24
0 4398 24
0 4399 25
0 4400 24
0 4401 24
0 4402 24
0 4403 24
0 4404 24
0 4405 24
0 4406 24
0 4407 24
0 4408 24
0 4409 24
0 4410 24
0 4411 24
0 4412 24
0 4413 24
0 4414 24
0 4415 24
0 4416 24
0 4417 24
0 4418 24
0 4419 25
0 4420 24
0 4421 24
0 4422 24
0 4423 24
0 4424 23
0 4425 23
0 4426 23
0 4427 24
0 4428 24
0 4429 24
0 4430 24
0 4431 24
0 4432 24
0 4433 24
0 4434 24
0 4435 24
0 4436 23
0 4437 24
0 4438 24
0 4439 24
0 4440 24
0 4441 25
0 4442 24
0 4443 24
0 4444 23
0 4445 23
0 4446 23
0 4447 23
0 4448 24
0 4449 24
0 4450 24
0 4451 24
0 4452 24
0 4453 24
0 4454 24
0 4455 24
0 4456 24
0 4457 24
0 4458 24
0 4459 25
0 4460 24
0 4461 24
0 4462 24
0 4463 24
0 4464 23
0 4465 24
0 4466 24
0 4467 24
0 4468 24
0 4469 24
0 4470 24
0 4471 24
0 4472 24
0 4473 24
0 4474 24
0 4475 24
0 4476 24
0 4477 24
0 4478 24
0 4479 25
0 4480 25
0 4481 24
0 4482 24
0 4483 24
0 4484 24
0 4485 24
0 4486 24
0 4487 24
0 4488 24
0 4489 24
0 4490 25
0 4491 25
0 4492 25
0 4493 24
0 4494 24
0 4495 24
0 4496 24
0 4497 24
0 4498 24
0 4499 25
0 4500 25
0 4501 24
0 4502 24
0 4503 24
0 4504 24
0 4505 24
0 4506 24
0 4507 24
0 4508 24
0 4509 24
0 4510 24
0 4511 24
0 4512 24
0 4513 24
0 4514 24
0 4515 24
0 4516 24
0 4517 24
0 4518 24
0 4519 25
0 4520 24
0 4521 24
0 4522 24
0 4523 24
0 4524 23
0 4525 24
0 4526 23
0 4527 23
0 4528 24
0 4529 24
0 4530 24
0 4531 24
0 4532 24
0 4533 24
0 4534 24
0 4535 24
0 4536 24
0 4537 24
0 4538 24
0 4539 25
0 4540 24
0 4541 25
0 4542 24
0 4543 23
0 4544 24
0 4545 23
0 4546 23
0 4547 24
0 4548 24
0 4549 24
0 4550 24
0 4551 24
0 4552 24
0 4553 24
0 4554 24
0 4555 24
0 4556 24
0 4557 24
0 4558 24
0 4559 25
0 4560 24
0 4561 24
0 4562 24
0 4563 24
0 4564 24
0 4565 24
0 4566 24
0 4567 24
0 4568 24
0 4569 24
0 4570 24
0 4571 25
0 4572 24
0 4573 24
0 4574 24
0 4575 24
0 4576 24
0 4577 24
0 4578 24
0 4579 25
0 4580 24
0 4581 25
0 4582 24
0 4583 24
0 4584 24
0 4585 24
0 4586 24
0 4587 24
0 4588 24
0 4589 24
0 4590 25
0 4591 24
0 4592 24
0 4593 24
0 4594 24
0 4595 24
0 4596 24
0 4597 25
0 4598 24
0 4599 25
0 4600 24
0 4601 24
0 4602 24
0 4603 24
0 4604 24
0 4605 24
0 4606 24
0 4607 24
0 4608 24
0 4609 24
0 4610 25
0 4611 25
0 4612 25
0 4613 24
0 4614 24
0 4615 24
0 4616 24
0 4617 24
0 4618 24
0 4619 25
0 4620 24
0 4621 24
0 4622 24
0 4623 24
0 4624 23
0 4625 23
0 4626 23
0 4627 24
0 4628 24
0 4629 24
0 4630 24
0 4631 24
0 4632 24
0 4633 24
0 4634 24
0 4635 24
0 4636 24
0 4637 24
0 4638 24
0 4639 25
0 4640 24
0 4641 25
0 4642 24
0 4643 24
0 4644 24
0 4645 24
0 4646 24
0 4647 24
0 4648 24
0 4649 24
0 4650 24
0 4651 24
0 4652 24
0 4653 24
0 4654 24
0 4655 24
0 4656 24
0 4657 24
0 4658 24
0 4659 25
0 4660 25
0 4661 24
0 4662 24
0 4663 24
0 4664 24
0 4665 24
0 4666 24
0 4667 24
0 4668 24
0 4669 24
0 4670 25
0 4671 24
0 4672 24
0 4673 24
0 4674 24
0 4675 24
0 4676 24
0 4677 25
0 4678 25
0 4679 25
0 4680 25
0 4681 24
0 4682 24
0 4683 24
0 4684 24
0 4685 24
0 4686 24
0 4687 24
0 4688 24
0 4689 24
0 4690 25
0 4691 25
0 4692 25
0 4693 24
0 4694 24
0 4695 24
0 4696 24
0 4697 24
0 4698 24
0 4699 25
0 4700 24
0 4701 24
0 4702 24
0 4703 24
0 4704 24
0 4705 24
0 4706 24
0 4707 24
0 4708 24
0 4709 24
0 4710 24
0 4711 24
0 4712 24
0 4713 24
0 4714 24
0 4715 24
0 4716 24
0 4717 24
0 4718 24
0 4719 25
0 4720 24
0 4721 25
0 4722 24
0 4723 24
0 4724 23
0 4725 24
0 4726 23
0 4727 23
0 4728 24
0 4729 24
0 4730 24
0 4731 24
0 4732 24
0 4733 24
0 4734 24
0 4735 24
0 4736 24
0 4737 24
0 4738 24
0 4739 25
0 4740 24
0 4741 24
0 4742 24
0 4743 24
0 4744 24
0 4745 23
0 4746 23
0 4747 24
0 4748 24
0 4749 24
0 4750 24
0 4751 24
0 4752 24
0 4753 24
0 4754 24
0 4755 24
0 4756 24
0 4757 24
0 4758 24
0 4759 25
0 4760 24
0 4761 24
0 4762 24
0 4763 24
0 4764 24
0 4765 24
0 4766 24
0 4767 24
0 4768 24
0 4769 24
0 4770 25
0 4771 25
0 4772 25
0 4773 24
0 4774 24
0 4775 24
0 4776 24
0 4777 24
0 4778 24
0 4779 25
0 4780 24
0 4781 24
0 4782 24
0 4783 24
0 4784 24
0 4785 24
0 4786 24
0 4787 24
0 4788 24
0 4789 24
0 4790 25
0 4791 24
0 4792 24
0 4793 24
0 4794 24
0 4795 24
0 4796 24
0 4797 24
0 4798 24
0 4799 25
0 4800 25
0 4801 24
0 4802 24
0 4803 24
0 4804 24
0 4805 24
0 4806 24
0 4807 24
0 4808 24
0 4809 24
0 4810 24
0 4811 24
0 4812 24
0 4813 24
0 4814 24
0 4815 24
0 4816 24
0 4817 24
0 4818 24
0 4819 25
0 4820 24
0 4821 24
0 4822 24
0 4823 24
0 4824 23
0 4825 23
0 4826 23
0 4827 24
0 4828 24
0 4829 24
0 4830 24
0 4831 24
0 4832 24
0 4833 24
0 4834 24
0 4835 24
0 4836 24
0 4837 24
0 4838 24
0 4839 24
0 4840 24
0 4841 25
0 4842 24
0 4843 24
0 4844 23
0 4845 24
0 4846 23
0 4847 24
0 4848 24
0 4849 24
0 4850 24
0 4851 24
0 4852 24
0 4853 24
0 4854 24
0 4855 24
0 4856 24
0 4857 24
0 4858 24
0 4859 25
0 4860 24
0 4861 24
0 4862 24
0 4863 24
0 4864 24
0 4865 24
0 4866 24
0 4867 24
0 4868 25
0 4869 25
0 4870 25
0 4871 25
0 4872 25
0 4873 24
0 4874 24
0 4875 24
0 4876 24
0 4877 25
0 4878 25
0 4879 25
0 4880 24
0 4881 24
0 4882 24
0 4883 24
0 4884 24
0 4885 24
0 4886 24
0 4887 24
0 4888 24
0 4889 24
0 4890 25
0 4891 25
0 4892 24
0 4893 24
0 4894 24
0 4895 24
0 4896 24
0 4897 24
0 4898 24
0 4899 25
0 4900 25
0 4901 24
0 4902 24
0 4903 24
0 4904 24
0 4905 24
0 4906 23
0 4907 24
0 4908 24
0 4909 24
0 4910 24
0 4911 24
0 4912 24
0 4913 24
0 4914 24
0 4915 24
0 4916 24
0 4917 24
0 4918 24
0 4919 25
0 4920 24
0 4921 25
0 4922 24
0 4923 24
0 4924 23
0 4925 23
0 4926 23
0 4927 23
0 4928 24
0 4929 24
0 4930 24
0 4931 24
0 4932 24
0 4933 24
0 4934 24
0 4935 24
0 4936 24
0 4937 24
0 4938 24
0 4939 25
0 4940 24
0 4941 24
0 4942 24
0 4943 24
0 4944 23
0 4945 23
0 4946 24
0 4947 24
0 4948 24
0 4949 24
0 4950 24
0 4951 24
0 4952 24
0 4953 24
0 4954 24
0 4955 24
0 4956 24
0 4957 24
0 4958 24
0 4959 25
0 4960 24
0 4961 24
0 4962 24
0 4963 24
0 4964 24
0 4965 24
0 4966 24
0 4967 24
0 4968 24
0 4969 24
0 4970 25
0 4971 25
0 4972 25
0 4973 24
0 4974 24
0 4975 24
0 4976 24
0 4977 24
0 4978 25
0 4979 25
0 4980 24
0 4981 24
0 4982 24
0 4983 24
0 4984 24
0 4985 24
0 4986 24
0 4987 24
0 4988 24
0 4989 24
0 4990 25
0 4991 24
0 4992 24
0 4993 24
0 4994 24
0 4995 24
0 4996 24
0 4997 25
0 4998 24
0 4999 25
0 5000 24
0 5001 24
0 5002 23
0 5003 24
0 5004 26
0 5005 26
0 5006 27
0 5007 26
0 5008 26
0 5009 24
0 5010 25
0 5011 25
0 5012 25
0 5013 24
0 5014 24
0 5015 25
0 5016 25
0 5017 24
0 5018 24
0 5019 24
0 5020 25
0 5021 24
0 5022 24
0 5023 25
0 5024 25
0 5025 25
0 5026 24
0 5027 24
0 5028 24
0 5029 24
0 5030 24
0 5031 24
0 5032 25
0 5033 24
0 5034 24
0 5035 24
0 5036 24
0 5037 24
0 5038 24
0 5039 23
0 5040 24
0 5041 25
0 5042 24
0 5043 25
0 5044 25
0 5045 24
0 5046 24
0 5047 24
0 5048 23
0 5049 23
0 5050 24
0 5051 24
0 5052 24
0 5053 23
0 5054 23
0 5055 23
0 5056 25
0 5057 24
0 5058 24
0 5059 24
0 5060 25
0 5061 23
0 5062 23
0 5063 23
0 5064 24
0 5065 24
0 5066 23
0 5067 24
0 5068 24
0 5069 24
0 5070 24
0 5071 24
0 5072 24
0 5073 24
0 5074 24
0 5075 24
0 5076 23
0 5077 24
0 5078 24
0 5079 26
0 5080 25
0 5081 23
0 5082 23
0 5083 23
0 5084 23
0 5085 24
0 5086 23
0 5087 23
0 5088 24
0 5089 24
0 5090 24
0 5091 24
0 5092 24
0 5093 24
0 5094 24
0 5095 23
0 5096 24
0 5097 24
0 5098 24
0 5099 25
0 5100 25
0 5101 23
0 5102 24
0 5103 24
0 5104 24
0 5105 24
0 5106 24
0 5107 23
0 5108 23
0 5109 24
0 5110 24
0 5111 24
0 5112 23
0 5113 23
0 5114 23
0 5115 23
0 5116 25
0 5117 24
0 5118 24
0 5119 23
0 5120 24
0 5121 24
0 5122 24
0 5123 23
0 5124 24
0 5125 24
0 5126 23
0 5127 24
0 5128 23
0 5129 24
0 5130 24
0 5131 24
0 5132 23
0 5133 23
0 5134 23
0 5135 24
0 5136 25
0 5137 24
0 5138 24
0 5139 24
0 5140 25
0 5141 23
0 5142 24
0 5143 24
0 5144 24
0 5145 24
0 5146 23
0 5147 24
0 5148 24
0 5149 24
0 5150 24
0 5151 24
0 5152 24
0 5153 24
0 5154 24
0 5155 24
0 5156 23
0 5157 24
0 5158 24
0 5159 26
0 5160 25
0 5161 23
0 5162 24
0 5163 24
0 5164 23
0 5165 23
0 5166 24
0 5167 24
0 5168 24
0 5169 24
0 5170 24
0 5171 25
0 5172 25
0 5173 25
0 5174 24
0 5175 24
0 5176 23
0 5177 24
0 5178 24
0 5179 26
0 5180 25
0 5181 24
0 5182 25
0 5183 23
0 5184 23
0 5185 24
0 5186 24
0 5187 24
0 5188 24
0 5189 25
0 5190 25
0 5191 25
0 5192 25
0 5193 24
0 5194 24
0 5195 24
0 5196 23
0 5197 24
0 5198 24
0 5199 26
0 5200 25
0 5201 24
0 5202 24
0 5203 24
0 5204 23
0 5205 24
0 5206 23
0 5207 24
0 5208 24
0 5209 24
0 5210 24
0 5211 24
0 5212 24
0 5213 24
0 5214 23
0 5215 23
0 5216 24
0 5217 24
0 5218 24
0 5219 26
0 5220 25
0 5221 24
0 5222 24
0 5223 24
0 5224 24
0 5225 24
0 5226 24
0 5227 23
0 5228 24
0 5229 24
0 5230 24
0 5231 24
0 5232 24
0 5233 23
0 5234 24
0 5235 24
0 5236 23
0 5237 24
0 5238 24
0 5239 26
0 5240 25
0 5241 23
0 5242 24
0 5243 23
0 5244 23
0 5245 24
0 5246 24
0 5247 24
0 5248 24
0 5249 24
0 5250 25
0 5251 26
0 5252 26
0 5253 25
0 5254 25
0 5255 25
0 5256 24
0 5257 25
0 5258 25
0 5259 26
0 5260 26
0 5261 25
0 5262 25
0 5263 24
0 5264 24
0 5265 24
0 5266 24
0 5267 24
0 5268 25
0 5269 25
0 5270 26
0 5271 25
0 5272 25
0 5273 25
0 5274 25
0 5275 24
0 5276 24
0 5277 26
0 5278 25
0 5279 26
0 5280 25
0 5281 24
0 5282 25
0 5283 24
0 5284 24
0 5285 24
0 5286 24
0 5287 24
0 5288 25
0 5289 25
0 5290 26
0 5291 25
0 5292 26
0 5293 25
0 5294 25
0 5295 24
0 5296 23
0 5297 25
0 5298 25
0 5299 26
0 5300 26
0 5301 25
0 5302 25
0 5303 24
0 5304 23
0 5305 23
0 5306 24
0 5307 24
0 5308 24
0 5309 24
0 5310 24
0 5311 24
0 5312 24
0 5313 24
0 5314 24
0 5315 24
0 5316 23
0 5317 25
0 5318 24
0 5319 26
0 5320 25
0 5321 23
0 5322 24
0 5323 24
0 5324 23
0 5325 23
0 5326 24
0 5327 24
0 5328 24
0 5329 24
0 5330 24
0 5331 25
0 5332 25
0 5333 25
0 5334 24
0 5335 24
0 5336 23
0 5337 24
0 5338 24
0 5339 26
0 5340 26
0 5341 25
0 5342 25
0 5343 24
0 5344 23
0 5345 24
0 5346 24
0 5347 25
0 5348 26
0 5349 25
0 5350 26
0 5351 26
0 5352 26
0 5353 25
0 5354 25
0 5355 25
0 5356 24
0 5357 26
0 5358 26
0 5359 26
0 5360 26
0 5361 26
0 5362 25
0 5363 25
0 5364 25
0 5365 25
0 5366 24
0 5367 25
0 5368 25
0 5369 26
0 5370 26
0 5371 26
0 5372 26
0 5373 25
0 5374 25
0 5375 25
0 5376 24
0 5377 26
0 5378 26
0 5379 26
0 5380 25
0 5381 26
0 5382 26
0 5383 25
0 5384 24
0 5385 25
0 5386 25
0 5387 25
0 5388 26
0 5389 26
0 5390 26
0 5391 26
0 5392 26
0 5393 25
0 5394 25
0 5395 25
0 5396 24
0 5397 26
0 5398 26
0 5399 26
0 5400 26
0 5401 25
0 5402 25
0 5403 24
0 5404 23
0 5405 24
0 5406 24
0 5407 24
0 5408 24
0 5409 25
0 5410 26
0 5411 26
0 5412 26
0 5413 25
0 5414 25
0 5415 24
0 5416 23
0 5417 25
0 5418 25
0 5419 26
0 5420 25
0 5421 24
0 5422 25
0 5423 23
0 5424 23
0 5425 24
0 5426 24
0 5427 24
0 5428 25
0 5429 25
0 5430 26
0 5431 25
0 5432 25
0 5433 25
0 5434 25
0 5435 25
0 5436 24
0 5437 26
0 5438 26
0 5439 26
0 5440 26
0 5441 26
0 5442 25
0 5443 25
0 5444 25
0 5445 25
0 5446 25
0 5447 25
0 5448 26
0 5449 26
0 5450 26
0 5451 26
0 5452 26
0 5453 26
0 5454 26
0 5455 26
0 5456 25
0 5457 26
0 5458 26
0 5459 26
0 5460 26
0 5461 26
0 5462 25
0 5463 25
0 5464 25
0 5465 25
0 5466 25
0 5467 26
0 5468 26
0 5469 26
0 5470 26
0 5471 26
0 5472 26
0 5473 26
0 5474 26
0 5475 26
0 5476 25
0 5477 26
0 5478 26
0 5479 26
0 5480 26
0 5481 26
0 5482 26
0 5483 25
0 5484 25
0 5485 25
0 5486 25
0 5487 25
0 5488 25
0 5489 26
0 5490 26
0 5491 26
0 5492 26
0 5493 26
0 5494 26
0 5495 25
0 5496 25
0 5497 26
0 5498 26
0 5499 26
0 5500 26
0 5501 26
0 5502 25
0 5503 24
0 5504 24
0 5505 24
0 5506 24
0 5507 25
0 5508 26
0 5509 26
0 5510 26
0 5511 26
0 5512 26
0 5513 25
0 5514 25
0 5515 25
0 5516 24
0 5517 26
0 5518 26
0 5519 26
0 5520 26
0 5521 25
0 5522 25
0 5523 24
0 5524 24
0 5525 24
0 5526 24
0 5527 24
0 5528 25
0 5529 25
0 5530 26
0 5531 26
0 5532 26
0 5533 26
0 5534 26
0 5535 25
0 5536 24
0 5537 26
0 5538 26
0 5539 26
0 5540 26
0 5541 26
0 5542 25
0 5543 25
0 5544 24
0 5545 25
0 5546 25
0 5547 26
0 5548 26
0 5549 26
0 5550 26
0 5551 26
0 5552 26
0 5553 26
0 5554 26
0 5555 26
0 5556 26
0 5557 26
0 5558 26
0 5559 26
0 5560 26
0 5561 26
0 5562 26
0 5563 25
0 5564 25
0 5565 25
0 5566 26
0 5567 26
0 5568 26
0 5569 26
0 5570 26
0 5571 26
0 5572 26
0 5573 26
0 5574 26
0 5575 26
0 5576 25
0 5577 26
0 5578 26
0 5579 26
0 5580 27
0 5581 26
0 5582 26
0 5583 25
0 5584 25
0 5585 25
0 5586 26
0 5587 26
0 5588 26
0 5589 26
0 5590 26
0 5591 26
0 5592 26
0 5593 26
0 5594 26
0 5595 26
0 5596 25
0 5597 26
0 5598 26
0 5599 26
0 5600 26
0 5601 26
0 5602 26
0 5603 25
0 5604 25
0 5605 25
0 5606 25
0 5607 25
0 5608 25
0 5609 26
0 5610 26
0 5611 26
0 5612 26
0 5613 26
0 5614 26
0 5615 25
0 5616 25
0 5617 26
0 5618 26
0 5619 26
0 5620 26
0 5621 26
0 5622 25
0 5623 25
0 5624 24
0 5625 25
0 5626 25
0 5627 25
0 5628 26
0 5629 26
0 5630 26
0 5631 26
0 5632 26
0 5633 26
0 5634 26
0 5635 26
0 5636 26
0 5637 26
0 5638 26
0 5639 25
0 5640 26
0 5641 26
0 5642 26
0 5643 26
0 5644 26
0 5645 26
0 5646 26
0 5647 26
0 5648 26
0 5649 26
0 5650 26
0 5651 26
0 5652 26
0 5653 26
0 5654 26
0 5655 26
0 5656 26
0 5657 26
0 5658 26
0 5659 26
0 5660 27
0 5661 26
0 5662 26
0 5663 26
0 5664 26
0 5665 26
0 5666 26
0 5667 26
0 5668 26
0 5669 26
0 5670 26
0 5671 26
0 5672 26
0 5673 26
0 5674 26
0 5675 26
0 5676 26
0 5677 26
0 5678 26
0 5679 25
0 5680 26
0 5681 26
0 5682 26
0 5683 26
0 5684 26
0 5685 25
0 5686 26
0 5687 26
0 5688 26
0 5689 26
0 5690 26
0 5691 26
0 5692 26
0 5693 26
0 5694 26
0 5695 26
0 5696 25
0 5697 26
0 5698 26
0 5699 26
0 5700 26
0 5701 26
0 5702 26
0 5703 25
0 5704 25
0 5705 25
0 5706 25
0 5707 25
0 5708 26
0 5709 26
0 5710 26
0 5711 26
0 5712 26
0 5713 26
0 5714 26
0 5715 26
0 5716 25
0 5717 26
0 5718 26
0 5719 26
0 5720 26
0 5721 26
0 5722 26
0 5723 25
0 5724 25
0 5725 25
0 5726 25
0 5727 25
0 5728 26
0 5729 26
0 5730 26
0 5731 26
0 5732 26
0 5733 26
0 5734 26
0 5735 26
0 5736 26
0 5737 26
0 5738 26
0 5739 26
0 5740 26
0 5741 26
0 5742 26
0 5743 26
0 5744 26
0 5745 26
0 5746 26
0 5747 26
0 5748 26
0 5749 26
0 5750 26
0 5751 26
0 5752 26
0 5753 26
0 5754 26
0 5755 26
0 5756 26
0 5757 26
0 5758 26
0 5759 26
0 5760 26
0 5761 26
0 5762 26
0 5763 26
0 5764 26
0 5765 26
0 5766 26
0 5767 26
0 5768 26
0 5769 26
0 5770 26
0 5771 26
0 5772 26
0 5773 26
0 5774 26
0 5775 26
0 5776 26
0 5777 26
0 5778 26
0 5779 26
0 5780 27
0 5781 26
0 5782 26
0 5783 26
0 5784 26
0 5785 26
0 5786 26
0 5787 26
0 5788 26
0 5789 26
0 5790 26
0 5791 26
0 5792 26
0 5793 26
0 5794 26
0 5795 26
0 5796 26
0 5797 26
0 5798 26
0 5799 26
0 5800 26
0 5801 26
0 5802 26
0 5803 25
0 5804 25
0 5805 25
0 5806 26
0 5807 26
0 5808 26
0 5809 26
0 5810 26
0 5811 26
0 5812 26
0 5813 26
0 5814 26
0 5815 25
0 5816 25
0 5817 26
0 5818 26
0 5819 26
0 5820 26
0 5821 26
0 5822 26
0 5823 25
0 5824 25
0 5825 25
0 5826 26
0 5827 26
0 5828 26
0 5829 26
0 5830 26
0 5831 26
0 5832 26
0 5833 26
0 5834 26
0 5835 26
0 5836 26
0 5837 26
0 5838 26
0 5839 26
0 5840 27
0 5841 26
0 5842 26
0 5843 26
0 5844 26
0 5845 26
0 5846 26
0 5847 26
0 5848 26
0 5849 26
0 5850 26
0 5851 26
0 5852 26
0 5853 26
0 5854 26
0 5855 26
0 5856 26
0 5857 26
0 5858 26
0 5859 26
0 5860 26
0 5861 26
0 5862 26
0 5863 26
0 5864 26
0 5865 26
0 5866 26
0 5867 26
0 5868 26
0 5869 26
0 5870 26
0 5871 26
0 5872 26
0 5873 26
0 5874 26
0 5875 26
0 5876 26
0 5877 26
0 5878 26
0 5879 26
0 5880 26
0 5881 26
0 5882 26
0 5883 26
0 5884 26
0 5885 26
0 5886 26
0 5887 26
0 5888 26
0 5889 26
0 5890 26
0 5891 26
0 5892 26
0 5893 27
0 5894 26
0 5895 26
0 5896 26
0 5897 26
0 5898 26
0 5899 26
0 5900 27
0 5901 26
0 5902 26
0 5903 25
0 5904 26
0 5905 25
0 5906 26
0 5907 26
0 5908 26
0 5909 26
0 5910 26
0 5911 26
0 5912 26
0 5913 26
0 5914 26
0 5915 26
0 5916 26
0 5917 26
0 5918 26
0 5919 26
0 5920 26
0 5921 26
0 5922 26
0 5923 26
0 5924 26
0 5925 25
0 5926 26
0 5927 26
0 5928 26
0 5929 26
0 5930 26
0 5931 26
0 5932 26
0 5933 26
0 5934 26
0 5935 26
0 5936 26
0 5937 26
0 5938 26
0 5939 26
0 5940 26
0 5941 26
0 5942 26
0 5943 26
0 5944 26
0 5945 26
0 5946 26
0 5947 26
0 5948 26
0 5949 26
0 5950 26
0 5951 26
0 5952 26
0 5953 26
0 5954 26
0 5955 26
0 5956 26
0 5957 27
0 5958 26
0 5959 26
0 5960 26
0 5961 26
0 5962 26
0 5963 26
0 5964 26
0 5965 26
0 5966 26
0 5967 26
0 5968 26
0 5969 26
0 5970 26
0 5971 27
0 5972 26
0 5973 27
0 5974 26
0 5975 26
0 5976 26
0 5977 26
0 5978 26
0 5979 26
0 5980 26
0 5981 26
0 5982 26
0 5983 26
0 5984 26
0 5985 26
0 5986 26
0 5987 26
0 5988 26
0 5989 26
0 5990 26
0 5991 26
0 5992 26
0 5993 26
0 5994 26
0 5995 26
0 5996 26
0 5997 26
0 5998 26
0 5999 26
0 6000 26
0 6001 26
0 6002 26
0 6003 26
0 6004 26
0 6005 26
0 6006 26
0 6007 26
0 6008 26
0 6009 26
0 6010 26
0 6011 26
0 6012 26
0 6013 26
0 6014 26
0 6015 26
0 6016 26
0 6017 26
0 6018 26
0 6019 26
0 6020 26
0 6021 26
0 6022 26
0 6023 26
0 6024 26
0 6025 26
0 6026 26
0 6027 26
0 6028 26
0 6029 26
0 6030 26
0 6031 26
0 6032 26
0 6033 26
0 6034 26
0 6035 26
0 6036 26
0 6037 27
0 6038 26
0 6039 26
0 6040 27
0 6041 26
0 6042 26
0 6043 26
0 6044 26
0 6045 26
0 6046 26
0 6047 26
0 6048 26
0 6049 26
0 6050 26
0 6051 26
0 6052 26
0 6053 27
0 6054 26
0 6055 26
0 6056 26
0 6057 26
0 6058 26
0 6059 26
0 6060 26
0 6061 26
0 6062 26
0 6063 26
0 6064 26
0 6065 26
0 6066 26
0 6067 26
0 6068 26
0 6069 27
0 6070 26
0 6071 27
0 6072 26
0 6073 26
0 6074 26
0 6075 26
0 6076 26
0 6077 26
0 6078 26
0 6079 26
0 6080 27
0 6081 26
0 6082 26
0 6083 26
0 6084 26
0 6085 26
0 6086 26
0 6087 26
0 6088 26
0 6089 26
0 6090 26
0 6091 26
0 6092 26
0 6093 26
0 6094 26
0 6095 26
0 6096 26
0 6097 26
0 6098 26
0 6099 26
0 6100 26
0 6101 26
0 6102 26
0 6103 26
0 6104 26
0 6105 25
0 6106 26
0 6107 26
0 6108 26
0 6109 26
0 6110 26
0 6111 26
0 6112 26
0 6113 26
0 6114 26
0 6115 26
0 6116 26
0 6117 26
0 6118 26
0 6119 26
0 6120 27
0 6121 26
0 6122 26
0 6123 26
0 6124 26
0 6125 26
0 6126 26
0 6127 26
0 6128 26
0 6129 26
0 6130 26
0 6131 26
0 6132 26
0 6133 26
0 6134 26
0 6135 26
0 6136 26
0 6137 26
0 6138 26
0 6139 26
0 6140 26
0 6141 26
0 6142 26
0 6143 26
0 6144 26
0 6145 26
0 6146 26
0 6147 26
0 6148 26
0 6149 26
0 6150 26
0 6151 26
0 6152 26
0 6153 26
0 6154 27
0 6155 26
0 6156 26
0 6157 26
0 6158 27
0 6159 26
0 6160 26
0 6161 26
0 6162 27
0 6163 26
0 6164 26
0 6165 26
0 6166 26
0 6167 26
0 6168 26
0 6169 26
0 6170 27
0 6171 27
0 6172 27
0 6173 27
0 6174 26
0 6175 26
0 6176 26
0 6177 26
0 6178 26
0 6179 26
0 6180 26
0 6181 26
0 6182 26
0 6183 26
0 6184 26
0 6185 26
0 6186 26
0 6187 26
0 6188 26
0 6189 26
0 6190 26
0 6191 26
0 6192 26
0 6193 26
0 6194 26
0 6195 26
0 6196 26
0 6197 26
0 6198 26
0 6199 26
0 6200 26
0 6201 26
0 6202 26
0 6203 25
0 6204 26
0 6205 26
0 6206 26
0 6207 26
0 6208 26
0 6209 26
0 6210 26
0 6211 26
0 6212 26
0 6213 26
0 6214 26
0 6215 26
0 6216 26
0 6217 26
0 6218 26
0 6219 25
0 6220 27
0 6221 26
0 6222 26
0 6223 26
0 6224 26
0 6225 26
0 6226 26
0 6227 26
0 6228 26
0 6229 26
0 6230 26
0 6231 26
0 6232 26
0 6233 26
0 6234 26
0 6235 26
0 6236 26
0 6237 27
0 6238 26
0 6239 26
0 6240 26
0 6241 26
0 6242 26
0 6243 26
0 6244 26
0 6245 26
0 6246 26
0 6247 26
0 6248 26
0 6249 26
0 6250 25
0 6251 27
0 6252 26
0 6253 27
0 6254 26
0 6255 26
0 6256 26
0 6257 26
0 6258 27
0 6259 26
0 6260 26
0 6261 26
0 6262 27
0 6263 26
0 6264 26
0 6265 26
0 6266 26
0 6267 26
0 6268 26
0 6269 26
0 6270 26
0 6271 26
0 6272 26
0 6273 26
0 6274 26
0 6275 26
0 6276 26
0 6277 27
0 6278 27
0 6279 26
0 6280 26
0 6281 26
0 6282 26
0 6283 26
0 6284 26
0 6285 26
0 6286 26
0 6287 26
0 6288 26
0 6289 26
0 6290 26
0 6291 26
0 6292 26
0 6293 26
0 6294 26
0 6295 26
0 6296 26
0 6297 26
0 6298 26
0 6299 26
0 6300 27
0 6301 26
0 6302 26
0 6303 26
0 6304 26
0 6305 25
0 6306 26
0 6307 26
0 6308 26
0 6309 26
0 6310 26
0 6311 26
0 6312 26
0 6313 26
0 6314 26
0 6315 26
0 6316 26
0 6317 26
0 6318 26
0 6319 26
0 6320 26
0 6321 26
0 6322 26
0 6323 26
0 6324 26
0 6325 26
0 6326 26
0 6327 26
0 6328 26
0 6329 26
0 6330 26
0 6331 26
0 6332 26
0 6333 26
0 6334 26
0 6335 26
0 6336 26
0 6337 26
0 6338 26
0 6339 26
0 6340 26
0 6341 27
0 6342 26
0 6343 26
0 6344 26
0 6345 26
0 6346 26
0 6347 26
0 6348 26
0 6349 26
0 6350 27
0 6351 27
0 6352 27
0 6353 26
0 6354 26
0 6355 26
0 6356 26
0 6357 26
0 6358 26
0 6359 26
0 6360 26
0 6361 26
0 6362 27
0 6363 26
0 6364 26
0 6365 26
0 6366 26
0 6367 26
0 6368 26
0 6369 26
0 6370 26
0 6371 26
0 6372 26
0 6373 27
0 6374 26
0 6375 26
0 6376 26
0 6377 26
0 6378 26
0 6379 26
0 6380 26
0 6381 26
0 6382 26
0 6383 26
0 6384 26
0 6385 26
0 6386 26
0 6387 26
0 6388 26
0 6389 26
0 6390 26
0 6391 26
0 6392 26
0 6393 26
0 6394 26
0 6395 26
0 6396 26
0 6397 26
0 6398 26
0 6399 26
0 6400 26
0 6401 26
0 6402 26
0 6403 26
0 6404 26
0 6405 26
0 6406 26
0 6407 26
0 6408 26
0 6409 26
0 6410 26
0 6411 26
0 6412 26
0 6413 26
0 6414 26
0 6415 26
0 6416 26
0 6417 26
0 6418 26
0 6419 26
0 6420 26
0 6421 26
0 6422 26
0 6423 26
0 6424 26
0 6425 26
0 6426 26
0 6427 26
0 6428 26
0 6429 26
0 6430 26
0 6431 27
0 6432 27
0 6433 27
0 6434 26
0 6435 26
0 6436 26
0 6437 26
0 6438 26
0 6439 26
0 6440 26
0 6441 26
0 6442 27
0 6443 26
0 6444 26
0 6445 26
0 6446 26
0 6447 26
0 6448 26
0 6449 26
0 6450 26
0 6451 26
0 6452 26
0 6453 27
0 6454 27
0 6455 26
0 6456 26
0 6457 27
0 6458 26
0 6459 26
0 6460 26
0 6461 27
0 6462 26
0 6463 26
0 6464 26
0 6465 26
0 6466 26
0 6467 26
0 6468 26
0 6469 27
0 6470 27
0 6471 27
0 6472 26
0 6473 26
0 6474 26
0 6475 26
0 6476 26
0 6477 26
0 6478 26
0 6479 26
0 6480 26
0 6481 26
0 6482 26
0 6483 26
0 6484 26
0 6485 26
0 6486 26
0 6487 26
0 6488 26
0 6489 26
0 6490 26
0 6491 26
0 6492 26
0 6493 26
0 6494 26
0 6495 26
0 6496 26
0 6497 26
0 6498 26
0 6499 26
0 6500 26
0 6501 26
0 6502 26
0 6503 26
0 6504 26
0 6505 26
0 6506 26
0 6507 26
0 6508 26
0 6509 26
0 6510 26
0 6511 26
0 6512 26
0 6513 26
0 6514 26
0 6515 26
0 6516 26
0 6517 26
0 6518 26
0 6519 26
0 6520 26
0 6521 26
0 6522 26
0 6523 26
0 6524 26
0 6525 26
0 6526 26
0 6527 26
0 6528 26
0 6529 26
0 6530 26
0 6531 26
0 6532 26
0 6533 26
0 6534 26
0 6535 26
0 6536 26
0 6537 26
0 6538 26
0 6539 26
0 6540 26
0 6541 26
0 6542 27
0 6543 26
0 6544 26
0 6545 26
0 6546 26
0 6547 26
0 6548 26
0 6549 27
0 6550 26
0 6551 26
0 6552 26
0 6553 26
0 6554 26
0 6555 26
0 6556 26
0 6557 26
0 6558 26
0 6559 26
0 6560 26
0 6561 26
0 6562 26
0 6563 26
0 6564 26
0 6565 26
0 6566 26
0 6567 26
0 6568 26
0 6569 26
0 6570 26
0 6571 26
0 6572 26
0 6573 26
0 6574 26
0 6575 26
0 6576 26
0 6577 26
0 6578 26
0 6579 26
0 6580 27
0 6581 26
0 6582 26
0 6583 26
0 6584 26
0 6585 26
0 6586 26
0 6587 26
0 6588 26
0 6589 26
0 6590 26
0 6591 26
0 6592 26
0 6593 26
0 6594 26
0 6595 26
0 6596 26
0 6597 26
0 6598 26
0 6599 26
0 6600 27
0 6601 26
0 6602 26
0 6603 26
0 6604 26
0 6605 25
0 6606 26
0 6607 26
0 6608 26
0 6609 26
0 6610 26
0 6611 26
0 6612 26
0 6613 26
0 6614 26
0 6615 26
0 6616 26
0 6617 26
0 6618 26
0 6619 26
0 6620 26
0 6621 26
0 6622 26
0 6623 26
0 6624 26
0 6625 26
0 6626 26
0 6627 26
0 6628 26
0 6629 26
0 6630 27
0 6631 26
0 6632 27
0 6633 26
0 6634 26
0 6635 26
0 6636 26
0 6637 27
0 6638 26
0 6639 26
0 6640 26
0 6641 26
0 6642 25
0 6643 26
0 6644 26
0 6645 26
0 6646 26
0 6647 26
0 6648 26
0 6649 26
0 6650 26
0 6651 27
0 6652 26
0 6653 27
0 6654 26
0 6655 26
0 6656 26
0 6657 27
0 6658 26
0 6659 26
0 6660 26
0 6661 26
0 6662 26
0 6663 26
0 6664 26
0 6665 26
0 6666 26
0 6667 26
0 6668 26
0 6669 26
0 6670 26
0 6671 26
0 6672 26
0 6673 26
0 6674 26
0 6675 26
0 6676 26
0 6677 26
0 6678 26
0 6679 26
0 6680 26
0 6681 26
0 6682 26
0 6683 26
0 6684 26
0 6685 26
0 6686 26
0 6687 26
0 6688 26
0 6689 26
0 6690 26
0 6691 26
0 6692 26
0 6693 26
0 6694 26
0 6695 26
0 6696 26
0 6697 26
0 6698 26
0 6699 26
0 6700 27
0 6701 26
0 6702 26
0 6703 26
0 6704 26
0 6705 25
0 6706 26
0 6707 26
0 6708 26
0 6709 26
0 6710 26
0 6711 26
0 6712 26
0 6713 26
0 6714 26
0 6715 26
0 6716 26
0 6717 26
0 6718 26
0 6719 26
0 6720 27
0 6721 26
0 6722 26
0 6723 26
0 6724 26
0 6725 26
0 6726 26
0 6727 26
0 6728 26
0 6729 26
0 6730 26
0 6731 27
0 6732 27
0 6733 27
0 6734 26
0 6735 26
0 6736 26
0 6737 26
0 6738 26
0 6739 26
0 6740 26
0 6741 26
0 6742 26
0 6743 26
0 6744 26
0 6745 26
0 6746 26
0 6747 26
0 6748 26
0 6749 26
0 6750 27
0 6751 27
0 6752 27
0 6753 26
0 6754 26
0 6755 26
0 6756 26
0 6757 26
0 6758 26
0 6759 26
0 6760 27
0 6761 26
0 6762 26
0 6763 26
0 6764 26
0 6765 26
0 6766 26
0 6767 26
0 6768 26
0 6769 26
0 6770 26
0 6771 26
0 6772 26
0 6773 26
0 6774 26
0 6775 26
0 6776 26
0 6777 26
0 6778 26
0 6779 26
0 6780 27
0 6781 26
0 6782 26
0 6783 25
0 6784 25
0 6785 25
0 6786 26
0 6787 26
0 6788 26
0 6789 26
0 6790 26
0 6791 26
0 6792 26
0 6793 26
0 6794 26
0 6795 26
0 6796 26
0 6797 26
0 6798 26
0 6799 26
0 6800 27
0 6801 26
0 6802 26
0 6803 26
0 6804 26
0 6805 26
0 6806 26
0 6807 26
0 6808 26
0 6809 26
0 6810 26
0 6811 26
0 6812 26
0 6813 26
0 6814 26
0 6815 26
0 6816 26
0 6817 26
0 6818 26
0 6819 26
0 6820 26
0 6821 26
0 6822 26
0 6823 26
0 6824 26
0 6825 26
0 6826 26
0 6827 26
0 6828 26
0 6829 26
0 6830 26
0 6831 26
0 6832 26
0 6833 26
0 6834 26
0 6835 26
0 6836 26
0 6837 27
0 6838 26
0 6839 26
0 6840 26
0 6841 26
0 6842 27
0 6843 26
0 6844 26
0 6845 26
0 6846 26
0 6847 26
0 6848 26
0 6849 26
0 6850 26
0 6851 26
0 6852 26
0 6853 27
0 6854 26
0 6855 26
0 6856 26
0 6857 27
0 6858 26
0 6859 26
0 6860 27
0 6861 26
0 6862 26
0 6863 26
0 6864 26
0 6865 26
0 6866 26
0 6867 26
0 6868 26
0 6869 26
0 6870 26
0 6871 26
0 6872 26
0 6873 26
0 6874 26
0 6875 26
0 6876 26
0 6877 26
0 6878 26
0 6879 26
0 6880 26
0 6881 26
0 6882 26
0 6883 25
0 6884 26
0 6885 25
0 6886 26
0 6887 26
0 6888 26
0 6889 26
0 6890 26
0 6891 26
0 6892 26
0 6893 26
0 6894 26
0 6895 26
0 6896 26
0 6897 26
0 6898 26
0 6899 26
0 6900 26
0 6901 26
0 6902 26
0 6903 26
0 6904 26
0 6905 25
0 6906 26
0 6907 26
0 6908 26
0 6909 26
0 6910 26
0 6911 26
0 6912 26
0 6913 26
0 6914 26
0 6915 26
0 6916 26
0 6917 26
0 6918 26
0 6919 26
0 6920 26
0 6921 26
0 6922 26
0 6923 26
0 6924 26
0 6925 26
0 6926 26
0 6927 26
0 6928 26
0 6929 26
0 6930 26
0 6931 26
0 6932 26
0 6933 26
0 6934 26
0 6935 26
0 6936 26
0 6937 26
0 6938 26
0 6939 26
0 6940 27
0 6941 26
0 6942 26
0 6943 26
0 6944 26
0 6945 26
0 6946 26
0 6947 26
0 6948 26
0 6949 26
0 6950 26
0 6951 26
0 6952 26
0 6953 26
0 6954 26
0 6955 26
0 6956 26
0 6957 26
0 6958 26
0 6959 26
0 6960 27
0 6961 26
0 6962 26
0 6963 26
0 6964 26
0 6965 26
0 6966 26
0 6967 26
0 6968 26
0 6969 26
0 6970 26
0 6971 26
0 6972 26
0 6973 26
0 6974 26
0 6975 26
0 6976 25
0 6977 26
0 6978 26
0 6979 26
0 6980 27
0 6981 26
0 6982 26
0 6983 25
0 6984 25
0 6985 25
0 6986 26
0 6987 26
0 6988 26
0 6989 26
0 6990 26
0 6991 26
0 6992 26
0 6993 26
0 6994 26
0 6995 26
0 6996 26
0 6997 26
0 6998 26
0 6999 26
0 7000 26
0 7001 26
0 7002 26
0 7003 25
0 7004 26
0 7005 25
0 7006 26
0 7007 26
0 7008 26
0 7009 26
0 7010 26
0 7011 26
0 7012 26
0 7013 26
0 7014 26
0 7015 26
0 7016 26
0 7017 26
0 7018 26
0 7019 25
0 7020 26
0 7021 26
0 7022 26
0 7023 26
0 7024 26
0 7025 26
0 7026 26
0 7027 26
0 7028 26
0 7029 26
0 7030 26
0 7031 26
0 7032 26
0 7033 26
0 7034 26
0 7035 26
0 7036 26
0 7037 26
0 7038 26
0 7039 26
0 7040 26
0 7041 26
0 7042 26
0 7043 26
0 7044 26
0 7045 26
0 7046 26
0 7047 26
0 7048 26
0 7049 26
0 7050 26
0 7051 26
0 7052 26
0 7053 26
0 7054 26
0 7055 26
0 7056 26
0 7057 26
0 7058 26
0 7059 25
0 7060 26
0 7061 26
0 7062 26
0 7063 26
0 7064 26
0 7065 25
0 7066 26
0 7067 26
0 7068 26
0 7069 26
0 7070 26
0 7071 26
0 7072 26
0 7073 26
0 7074 26
0 7075 26
0 7076 26
0 7077 26
0 7078 26
0 7079 26
0 7080 26
0 7081 26
0 7082 25
0 7083 25
0 7084 25
0 7085 25
0 7086 25
0 7087 26
0 7088 26
0 7089 26
0 7090 26
0 7091 26
0 7092 26
0 7093 26
0 7094 26
0 7095 26
0 7096 26
0 7097 26
0 7098 26
0 7099 26
0 7100 26
0 7101 26
0 7102 26
0 7103 25
0 7104 26
0 7105 25
0 7106 26
0 7107 26
0 7108 26
0 7109 26
0 7110 26
0 7111 26
0 7112 26
0 7113 26
0 7114 26
0 7115 26
0 7116 26
0 7117 26
0 7118 26
0 7119 26
0 7120 27
0 7121 26
0 7122 26
0 7123 26
0 7124 26
0 7125 26
0 7126 26
0 7127 26
0 7128 26
0 7129 26
0 7130 26
0 7131 26
0 7132 26
0 7133 26
0 7134 26
0 7135 26
0 7136 26
0 7137 26
0 7138 26
0 7139 26
0 7140 26
0 7141 26
0 7142 26
0 7143 26
0 7144 26
0 7145 26
0 7146 26
0 7147 26
0 7148 26
0 7149 26
0 7150 26
0 7151 26
0 7152 26
0 7153 26
0 7154 26
0 7155 26
0 7156 26
0 7157 26
0 7158 26
0 7159 26
0 7160 27
0 7161 26
0 7162 26
0 7163 25
0 7164 26
0 7165 25
0 7166 26
0 7167 26
0 7168 26
0 7169 26
0 7170 26
0 7171 26
0 7172 26
0 7173 26
0 7174 26
0 7175 26
0 7176 26
0 7177 26
0 7178 26
0 7179 26
0 7180 26
0 7181 26
0 7182 26
0 7183 25
0 7184 25
0 7185 25
0 7186 25
0 7187 26
0 7188 26
0 7189 26
0 7190 26
0 7191 26
0 7192 26
0 7193 26
0 7194 26
0 7195 26
0 7196 25
0 7197 26
0 7198 26
0 7199 26
0 7200 26
0 7201 26
0 7202 26
0 7203 26
0 7204 26
0 7205 25
0 7206 26
0 7207 26
0 7208 26
0 7209 26
0 7210 26
0 7211 26
0 7212 26
0 7213 26
0 7214 26
0 7215 26
0 7216 26
0 7217 26
0 7218 26
0 7219 26
0 7220 26
0 7221 26
0 7222 26
0 7223 26
0 7224 26
0 7225 26
0 7226 26
0 7227 26
0 7228 26
0 7229 26
0 7230 26
0 7231 26
0 7232 26
0 7233 26
0 7234 26
0 7235 26
0 7236 26
0 7237 27
0 7238 26
0 7239 25
0 7240 27
0 7241 26
0 7242 26
0 7243 26
0 7244 26
0 7245 26
0 7246 26
0 7247 26
0 7248 26
0 7249 26
0 7250 26
0 7251 26
0 7252 26
0 7253 26
0 7254 26
0 7255 26
0 7256 26
0 7257 26
0 7258 26
0 7259 26
0 7260 26
0 7261 26
0 7262 26
0 7263 25
0 7264 25
0 7265 25
0 7266 26
0 7267 26
0 7268 26
0 7269 26
0 7270 26
0 7271 26
0 7272 26
0 7273 26
0 7274 26
0 7275 25
0 7276 25
0 7277 26
0 7278 26
0 7279 26
0 7280 26
0 7281 26
0 7282 26
0 7283 25
0 7284 25
0 7285 25
0 7286 24
0 7287 25
0 7288 26
0 7289 26
0 7290 26
0 7291 26
0 7292 26
0 7293 26
0 7294 26
0 7295 26
0 7296 25
0 7297 26
0 7298 26
0 7299 25
0 7300 27
0 7301 26
0 7302 26
0 7303 26
0 7304 26
0 7305 25
0 7306 26
0 7307 26
0 7308 26
0 7309 26
0 7310 26
0 7311 26
0 7312 26
0 7313 26
0 7314 26
0 7315 26
0 7316 26
0 7317 26
0 7318 26
0 7319 26
0 7320 26
0 7321 26
0 7322 26
0 7323 26
0 7324 26
0 7325 25
0 7326 26
0 7327 26
0 7328 26
0 7329 26
0 7330 26
0 7331 26
0 7332 26
0 7333 26
0 7334 26
0 7335 26
0 7336 26
0 7337 26
0 7338 26
0 7339 25
0 7340 27
0 7341 26
0 7342 26
0 7343 26
0 7344 26
0 7345 26
0 7346 26
0 7347 26
0 7348 26
0 7349 26
0 7350 26
0 7351 26
0 7352 26
0 7353 26
0 7354 26
0 7355 26
0 7356 26
0 7357 26
0 7358 26
0 7359 26
0 7360 26
0 7361 26
0 7362 26
0 7363 25
0 7364 25
0 7365 25
0 7366 25
0 7367 25
0 7368 26
0 7369 26
0 7370 26
0 7371 26
0 7372 26
0 7373 26
0 7374 26
0 7375 26
0 7376 25
0 7377 26
0 7378 26
0 7379 26
0 7380 26
0 7381 26
0 7382 25
0 7383 25
0 7384 24
0 7385 25
0 7386 25
0 7387 26
0 7388 26
0 7389 26
0 7390 26
0 7391 26
0 7392 26
0 7393 26
0 7394 26
0 7395 26
0 7396 26
0 7397 26
0 7398 26
0 7399 26
0 7400 26
0 7401 26
0 7402 26
0 7403 25
0 7404 26
0 7405 25
0 7406 26
0 7407 26
0 7408 26
0 7409 26
0 7410 26
0 7411 26
0 7412 26
0 7413 26
0 7414 26
0 7415 26
0 7416 26
0 7417 26
0 7418 26
0 7419 26
0 7420 27
0 7421 26
0 7422 26
0 7423 26
0 7424 26
0 7425 26
0 7426 26
0 7427 26
0 7428 26
0 7429 26
0 7430 26
0 7431 26
0 7432 26
0 7433 26
0 7434 26
0 7435 26
0 7436 26
0 7437 26
0 7438 26
0 7439 25
0 7440 26
0 7441 26
0 7442 26
0 7443 26
0 7444 26
0 7445 25
0 7446 26
0 7447 26
0 7448 26
0 7449 26
0 7450 26
0 7451 26
0 7452 26
0 7453 26
0 7454 26
0 7455 26
0 7456 25
0 7457 26
0 7458 26
0 7459 26
0 7460 26
0 7461 26
0 7462 26
0 7463 25
0 7464 24
0 7465 25
0 7466 24
0 7467 25
0 7468 26
0 7469 26
0 7470 26
0 7471 26
0 7472 26
0 7473 25
0 7474 25
0 7475 25
0 7476 25
0 7477 26
0 7478 26
0 7479 26
0 7480 26
0 7481 26
0 7482 25
0 7483 24
0 7484 24
0 7485 25
0 7486 24
0 7487 25
0 7488 26
0 7489 26
0 7490 26
0 7491 26
0 7492 26
0 7493 26
0 7494 26
0 7495 26
0 7496 25
0 7497 26
0 7498 26
0 7499 26
0 7500 27
0 7501 26
0 7502 26
0 7503 25
0 7504 26
0 7505 25
0 7506 26
0 7507 26
0 7508 26
0 7509 26
0 7510 26
0 7511 26
0 7512 26
0 7513 26
0 7514 26
0 7515 26
0 7516 26
0 7517 26
0 7518 26
0 7519 26
0 7520 26
0 7521 26
0 7522 26
0 7523 26
0 7524 26
0 7525 25
0 7526 26
0 7527 26
0 7528 26
0 7529 26
0 7530 26
0 7531 26
0 7532 26
0 7533 26
0 7534 26
0 7535 26
0 7536 26
0 7537 26
0 7538 26
0 7539 26
0 7540 26
0 7541 26
0 7542 26
0 7543 25
0 7544 25
0 7545 25
0 7546 25
0 7547 26
0 7548 26
0 7549 26
0 7550 26
0 7551 26
0 7552 26
0 7553 26
0 7554 26
0 7555 26
0 7556 26
0 7557 26
0 7558 26
0 7559 26
0 7560 26
0 7561 26
0 7562 25
0 7563 25
0 7564 25
0 7565 25
0 7566 25
0 7567 25
0 7568 25
0 7569 26
0 7570 26
0 7571 26
0 7572 26
0 7573 25
0 7574 25
0 7575 25
0 7576 24
0 7577 25
0 7578 26
0 7579 26
0 7580 26
0 7581 26
0 7582 25
0 7583 25
0 7584 24
0 7585 24
0 7586 25
0 7587 25
0 7588 26
0 7589 26
0 7590 26
0 7591 26
0 7592 26
0 7593 26
0 7594 26
0 7595 26
0 7596 25
0 7597 26
0 7598 26
0 7599 26
0 7600 26
0 7601 26
0 7602 26
0 7603 25
0 7604 26
0 7605 25
0 7606 26
0 7607 26
0 7608 26
0 7609 26
0 7610 26
0 7611 26
0 7612 26
0 7613 26
0 7614 26
0 7615 26
0 7616 26
0 7617 26
0 7618 26
0 7619 25
0 7620 27
0 7621 26
0 7622 26
0 7623 26
0 7624 26
0 7625 26
0 7626 26
0 7627 26
0 7628 26
0 7629 26
0 7630 26
0 7631 26
0 7632 26
0 7633 26
0 7634 26
0 7635 26
0 7636 26
0 7637 26
0 7638 26
0 7639 26
0 7640 26
0 7641 26
0 7642 26
0 7643 25
0 7644 25
0 7645 25
0 7646 25
0 7647 25
0 7648 26
0 7649 26
0 7650 26
0 7651 26
0 7652 26
0 7653 26
0 7654 26
0 7655 25
0 7656 25
0 7657 26
0 7658 26
0 7659 26
0 7660 26
0 7661 26
0 7662 25
0 7663 24
0 7664 24
0 7665 24
0 7666 25
0 7667 25
0 7668 26
0 7669 26
0 7670 26
0 7671 26
0 7672 26
0 7673 25
0 7674 25
0 7675 25
0 7676 24
0 7677 26
0 7678 26
0 7679 26
0 7680 26
0 7681 26
0 7682 26
0 7683 25
0 7684 26
0 7685 25
0 7686 25
0 7687 25
0 7688 26
0 7689 26
0 7690 26
0 7691 26
0 7692 26
0 7693 26
0 7694 26
0 7695 26
0 7696 25
0 7697 26
0 7698 26
0 7699 26
0 7700 26
0 7701 26
0 7702 25
0 7703 25
0 7704 25
0 7705 25
0 7706 26
0 7707 26
0 7708 26
0 7709 26
0 7710 26
0 7711 26
0 7712 26
0 7713 26
0 7714 26
0 7715 26
0 7716 26
0 7717 26
0 7718 26
0 7719 26
0 7720 26
0 7721 26
0 7722 26
0 7723 25
0 7724 26
0 7725 25
0 7726 26
0 7727 26
0 7728 26
0 7729 26
0 7730 26
0 7731 26
0 7732 26
0 7733 26
0 7734 26
0 7735 26
0 7736 25
0 7737 26
0 7738 26
0 7739 26
0 7740 26
0 7741 26
0 7742 26
0 7743 25
0 7744 24
0 7745 25
0 7746 26
0 7747 26
0 7748 26
0 7749 26
0 7750 26
0 7751 26
0 7752 26
0 7753 25
0 7754 26
0 7755 25
0 7756 25
0 7757 26
0 7758 26
0 7759 26
0 7760 26
0 7761 25
0 7762 26
0 7763 25
0 7764 24
0 7765 25
0 7766 24
0 7767 25
0 7768 25
0 7769 25
0 7770 26
0 7771 26
0 7772 26
0 7773 25
0 7774 25
0 7775 25
0 7776 24
0 7777 26
0 7778 26
0 7779 26
0 7780 26
0 7781 26
0 7782 25
0 7783 25
0 7784 24
0 7785 25
0 7786 25
0 7787 25
0 7788 26
0 7789 26
0 7790 26
0 7791 26
0 7792 26
0 7793 26
0 7794 26
0 7795 26
0 7796 26
0 7797 26
0 7798 26
0 7799 26
0 7800 26
0 7801 26
0 7802 25
0 7803 25
0 7804 26
0 7805 25
0 7806 26
0 7807 26
0 7808 26
0 7809 26
0 7810 26
0 7811 26
0 7812 26
0 7813 26
0 7814 26
0 7815 26
0 7816 25
0 7817 26
0 7818 26
0 7819 26
0 7820 27
0 7821 26
0 7822 26
0 7823 25
0 7824 25
0 7825 25
0 7826 26
0 7827 26
0 7828 26
0 7829 26
0 7830 26
0 7831 26
0 7832 26
0 7833 26
0 7834 26
0 7835 25
0 7836 25
0 7837 26
0 7838 26
0 7839 26
0 7840 26
0 7841 26
0 7842 25
0 7843 25
0 7844 25
0 7845 25
0 7846 25
0 7847 25
0 7848 26
0 7849 26
0 7850 26
0 7851 26
0 7852 26
0 7853 25
0 7854 25
0 7855 25
0 7856 24
0 7857 26
0 7858 26
0 7859 26
0 7860 26
0 7861 26
0 7862 25
0 7863 24
0 7864 24
0 7865 24
0 7866 24
0 7867 24
0 7868 25
0 7869 25
0 7870 26
0 7871 26
0 7872 26
0 7873 25
0 7874 26
0 7875 25
0 7876 25
0 7877 26
0 7878 26
0 7879 26
0 7880 26
0 7881 26
0 7882 25
0 7883 24
0 7884 24
0 7885 25
0 7886 24
0 7887 25
0 7888 26
0 7889 26
0 7890 26
0 7891 26
0 7892 26
0 7893 26
0 7894 26
0 7895 26
0 7896 25
0 7897 26
0 7898 26
0 7899 26
0 7900 26
0 7901 26
0 7902 26
0 7903 25
0 7904 25
0 7905 25
0 7906 26
0 7907 26
0 7908 26
0 7909 26
0 7910 26
0 7911 26
0 7912 26
0 7913 26
0 7914 26
0 7915 26
0 7916 26
0 7917 26
0 7918 26
0 7919 26
0 7920 26
0 7921 26
0 7922 26
0 7923 25
0 7924 26
0 7925 25
0 7926 26
0 7927 26
0 7928 26
0 7929 26
0 7930 26
0 7931 26
0 7932 26
0 7933 26
0 7934 26
0 7935 26
0 7936 25
0 7937 26
0 7938 26
0 7939 26
0 7940 26
0 7941 26
0 7942 26
0 7943 25
0 7944 25
0 7945 25
0 7946 24
0 7947 25
0 7948 26
0 7949 26
0 7950 26
0 7951 26
0 7952 26
0 7953 25
0 7954 25
0 7955 25
0 7956 25
0 7957 26
0 7958 26
0 7959 26
0 7960 25
0 7961 25
0 7962 25
0 7963 24
0 7964 24
0 7965 24
0 7966 24
0 7967 24
0 7968 25
0 7969 25
0 7970 26
0 7971 26
0 7972 26
0 7973 25
0 7974 25
0 7975 25
0 7976 24
0 7977 26
0 7978 26
0 7979 26
0 7980 26
0 7981 26
0 7982 25
0 7983 24
0 7984 24
0 7985 24
0 7986 24
0 7987 25
0 7988 26
0 7989 26
0 7990 26
0 7991 26
0 7992 26
0 7993 25
0 7994 26
0 7995 25
0 7996 25
0 7997 26
0 7998 26
0 7999 26
0 8000 26
0 8001 26
0 8002 26
0 8003 25
0 8004 26
0 8005 25
0 8006 26
0 8007 26
0 8008 26
0 8009 26
0 8010 26
0 8011 26
0 8012 26
0 8013 26
0 8014 26
0 8015 26
0 8016 25
0 8017 26
0 8018 26
0 8019 26
0 8020 26
0 8021 26
0 8022 26
0 8023 25
0 8024 25
0 8025 25
0 8026 25
0 8027 25
0 8028 26
0 8029 26
0 8030 26
0 8031 26
0 8032 26
0 8033 25
0 8034 26
0 8035 26
0 8036 25
0 8037 26
0 8038 26
0 8039 26
0 8040 26
0 8041 26
0 8042 25
0 8043 25
0 8044 24
0 8045 24
0 8046 24
0 8047 25
0 8048 25
0 8049 25
0 8050 26
0 8051 26
0 8052 26
0 8053 25
0 8054 25
0 8055 25
0 8056 24
0 8057 26
0 8058 26
0 8059 26
0 8060 26
0 8061 25
0 8062 25
0 8063 24
0 8064 23
0 8065 24
0 8066 24
0 8067 26
0 8068 26
0 8069 26
0 8070 26
0 8071 26
0 8072 26
0 8073 25
0 8074 25
0 8075 25
0 8076 25
0 8077 26
0 8078 26
0 8079 26
0 8080 26
0 8081 25
0 8082 26
0 8083 25
0 8084 24
0 8085 25
0 8086 25
0 8087 25
0 8088 26
0 8089 26
0 8090 26
0 8091 26
0 8092 26
0 8093 26
0 8094 26
0 8095 25
0 8096 25
0 8097 26
0 8098 26
0 8099 26
0 8100 26
0 8101 26
0 8102 26
0 8103 25
0 8104 25
0 8105 25
0 8106 25
0 8107 26
0 8108 26
0 8109 26
0 8110 26
0 8111 26
0 8112 26
0 8113 26
0 8114 26
0 8115 26
0 8116 26
0 8117 26
0 8118 26
0 8119 26
0 8120 26
0 8121 26
0 8122 26
0 8123 25
0 8124 25
0 8125 25
0 8126 25
0 8127 25
0 8128 26
0 8129 26
0 8130 26
0 8131 26
0 8132 26
0 8133 26
0 8134 26
0 8135 25
0 8136 25
0 8137 26
0 8138 26
0 8139 26
0 8140 26
0 8141 26
0 8142 25
0 8143 25
0 8144 24
0 8145 24
0 8146 24
0 8147 25
0 8148 25
0 8149 25
0 8150 26
0 8151 26
0 8152 26
0 8153 25
0 8154 25
0 8155 25
0 8156 24
0 8157 26
0 8158 25
0 8159 26
0 8160 25
0 8161 24
0 8162 25
0 8163 24
0 8164 24
0 8165 24
0 8166 24
0 8167 24
0 8168 25
0 8169 25
0 8170 26
0 8171 26
0 8172 26
0 8173 25
0 8174 25
0 8175 25
0 8176 24
0 8177 25
0 8178 26
0 8179 26
0 8180 26
0 8181 26
0 8182 25
0 8183 25
0 8184 24
0 8185 24
0 8186 24
0 8187 25
0 8188 26
0 8189 26
0 8190 26
0 8191 26
0 8192 26
0 8193 25
0 8194 26
0 8195 26
0 8196 26
0 8197 26
0 8198 26
0 8199 26
0 8200 26
0 8201 26
0 8202 25
0 8203 25
0 8204 26
0 8205 25
0 8206 26
0 8207 26
0 8208 26
0 8209 26
0 8210 26
0 8211 26
0 8212 26
0 8213 26
0 8214 26
0 8215 26
0 8216 25
0 8217 26
0 8218 26
0 8219 26
0 8220 26
0 8221 26
0 8222 26
0 8223 25
0 8224 24
0 8225 25
0 8226 25
0 8227 26
0 8228 26
0 8229 26
0 8230 26
0 8231 26
0 8232 26
0 8233 25
0 8234 26
0 8235 25
0 8236 25
0 8237 26
0 8238 26
0 8239 26
0 8240 26
0 8241 26
0 8242 25
0 8243 24
0 8244 24
0 8245 24
0 8246 24
0 8247 24
0 8248 25
0 8249 25
0 8250 26
0 8251 26
0 8252 26
0 8253 25
0 8254 25
0 8255 25
0 8256 23
0 8257 25
0 8258 26
0 8259 26
0 8260 26
0 8261 25
0 8262 25
0 8263 24
0 8264 23
0 8265 24
0 8266 24
0 8267 24
0 8268 25
0 8269 25
0 8270 26
0 8271 26
0 8272 25
0 8273 25
0 8274 25
0 8275 25
0 8276 25
0 8277 26
0 8278 25
0 8279 26
0 8280 26
0 8281 26
0 8282 25
0 8283 24
0 8284 24
0 8285 25
0 8286 24
0 8287 25
0 8288 26
0 8289 26
0 8290 26
0 8291 26
0 8292 26
0 8293 26
0 8294 26
0 8295 26
0 8296 25
0 8297 26
0 8298 26
0 8299 26
0 8300 26
0 8301 26
0 8302 26
0 8303 25
0 8304 24
0 8305 25
0 8306 25
0 8307 26
0 8308 26
0 8309 26
0 8310 26
0 8311 26
0 8312 26
0 8313 26
0 8314 26
0 8315 26
0 8316 25
0 8317 26
0 8318 26
0 8319 26
0 8320 26
0 8321 26
0 8322 26
0 8323 25
0 8324 26
0 8325 25
0 8326 26
0 8327 26
0 8328 26
0 8329 26
0 8330 26
0 8331 26
0 8332 26
0 8333 26
0 8334 26
0 8335 25
0 8336 24
0 8337 26
0 8338 26
0 8339 26
0 8340 26
0 8341 26
0 8342 25
0 8343 24
0 8344 24
0 8345 24
0 8346 24
0 8347 24
0 8348 25
0 8349 25
0 8350 26
0 8351 25
0 8352 25
0 8353 25
0 8354 25
0 8355 25
0 8356 24
0 8357 26
0 8358 25
0 8359 26
0 8360 26
0 8361 25
0 8362 25
0 8363 24
0 8364 24
0 8365 24
0 8366 24
0 8367 24
0 8368 24
0 8369 25
0 8370 26
0 8371 26
0 8372 26
0 8373 25
0 8374 25
0 8375 25
0 8376 24
0 8377 26
0 8378 26
0 8379 26
0 8380 26
0 8381 26
0 8382 25
0 8383 24
0 8384 24
0 8385 24
0 8386 25
0 8387 25
0 8388 26
0 8389 26
0 8390 26
0 8391 26
0 8392 26
0 8393 25
0 8394 26
0 8395 26
0 8396 25
0 8397 26
0 8398 26
0 8399 26
0 8400 26
0 8401 26
0 8402 26
0 8403 25
0 8404 25
0 8405 25
0 8406 25
0 8407 25
0 8408 26
0 8409 26
0 8410 26
0 8411 26
0 8412 26
0 8413 26
0 8414 26
0 8415 25
0 8416 25
0 8417 26
0 8418 26
0 8419 26
0 8420 26
0 8421 26
0 8422 26
0 8423 25
0 8424 25
0 8425 25
0 8426 24
0 8427 25
0 8428 26
0 8429 26
0 8430 26
0 8431 26
0 8432 26
0 8433 25
0 8434 26
0 8435 25
0 8436 25
0 8437 26
0 8438 26
0 8439 26
0 8440 26
0 8441 25
0 8442 25
0 8443 24
0 8444 24
0 8445 24
0 8446 24
0 8447 24
0 8448 24
0 8449 24
0 8450 26
0 8451 26
0 8452 26
0 8453 25
0 8454 25
0 8455 25
0 8456 23
0 8457 25
0 8458 25
0 8459 26
0 8460 26
0 8461 25
0 8462 25
0 8463 24
0 8464 23
0 8465 24
0 8466 24
0 8467 24
0 8468 25
0 8469 25
0 8470 26
0 8471 26
0 8472 25
0 8473 25
0 8474 25
0 8475 24
0 8476 24
0 8477 26
0 8478 26
0 8479 26
0 8480 25
0 8481 26
0 8482 25
0 8483 25
0 8484 25
0 8485 25
0 8486 24
0 8487 25
0 8488 26
0 8489 26
0 8490 26
0 8491 26
0 8492 26
0 8493 26
0 8494 26
0 8495 25
0 8496 25
0 8497 26
0 8498 26
0 8499 26
0 8500 26
0 8501 26
0 8502 26
0 8503 25
0 8504 25
0 8505 25
0 8506 25
0 8507 26
0 8508 26
0 8509 26
0 8510 26
0 8511 26
0 8512 26
0 8513 26
0 8514 26
0 8515 26
0 8516 26
0 8517 26
0 8518 26
0 8519 26
0 8520 26
0 8521 26
0 8522 25
0 8523 24
0 8524 24
0 8525 25
0 8526 24
0 8527 25
0 8528 25
0 8529 26
0 8530 26
0 8531 26
0 8532 26
0 8533 25
0 8534 25
0 8535 25
0 8536 24
0 8537 25
0 8538 25
0 8539 26
0 8540 26
0 8541 25
0 8542 25
0 8543 24
0 8544 23
0 8545 24
0 8546 24
0 8547 24
0 8548 25
0 8549 25
0 8550 26
0 8551 25
0 8552 25
0 8553 25
0 8554 24
0 8555 24
0 8556 23
0 8557 25
0 8558 24
0 8559 26
0 8560 25
0 8561 25
0 8562 25
0 8563 24
0 8564 23
0 8565 24
0 8566 24
0 8567 24
0 8568 24
0 8569 25
0 8570 26
0 8571 26
0 8572 26
0 8573 25
0 8574 25
0 8575 25
0 8576 24
0 8577 25
0 8578 26
0 8579 26
0 8580 26
0 8581 26
0 8582 26
0 8583 25
0 8584 24
0 8585 25
0 8586 25
0 8587 26
0 8588 26
0 8589 26
0 8590 26
0 8591 26
0 8592 26
0 8593 26
0 8594 26
0 8595 26
0 8596 26
0 8597 26
0 8598 26
0 8599 26
0 8600 26
0 8601 26
0 8602 25
0 8603 25
0 8604 25
0 8605 25
0 8606 25
0 8607 25
0 8608 26
0 8609 26
0 8610 26
0 8611 26
0 8612 26
0 8613 26
0 8614 26
0 8615 25
0 8616 25
0 8617 26
0 8618 26
0 8619 26
0 8620 26
0 8621 26
0 8622 26
0 8623 25
0 8624 24
0 8625 24
0 8626 24
0 8627 25
0 8628 26
0 8629 26
0 8630 26
0 8631 26
0 8632 25
0 8633 25
0 8634 25
0 8635 24
0 8636 24
0 8637 25
0 8638 25
0 8639 26
0 8640 25
0 8641 24
0 8642 25
0 8643 24
0 8644 24
0 8645 24
0 8646 24
0 8647 24
0 8648 24
0 8649 24
0 8650 25
0 8651 25
0 8652 25
0 8653 25
0 8654 25
0 8655 24
0 8656 23
0 8657 25
0 8658 26
0 8659 26
0 8660 26
0 8661 25
0 8662 25
0 8663 24
0 8664 23
0 8665 24
0 8666 24
0 8667 24
0 8668 25
0 8669 25
0 8670 26
0 8671 26
0 8672 26
0 8673 25
0 8674 26
0 8675 26
0 8676 25
0 8677 26
0 8678 26
0 8679 26
0 8680 26
0 8681 26
0 8682 25
0 8683 25
0 8684 24
0 8685 25
0 8686 25
0 8687 25
0 8688 26
0 8689 26
0 8690 26
0 8691 26
0 8692 26
0 8693 26
0 8694 26
0 8695 25
0 8696 25
0 8697 26
0 8698 26
0 8699 26
0 8700 26
0 8701 26
0 8702 25
0 8703 24
0 8704 24
0 8705 24
0 8706 26
0 8707 26
0 8708 26
0 8709 26
0 8710 26
0 8711 26
0 8712 26
0 8713 26
0 8714 26
0 8715 25
0 8716 25
0 8717 26
0 8718 26
0 8719 26
0 8720 26
0 8721 26
0 8722 25
0 8723 25
0 8724 24
0 8725 24
0 8726 24
0 8727 24
0 8728 25
0 8729 25
0 8730 26
0 8731 26
0 8732 26
0 8733 25
0 8734 25
0 8735 24
0 8736 24
0 8737 25
0 8738 26
0 8739 26
0 8740 25
0 8741 25
0 8742 25
0 8743 24
0 8744 23
0 8745 24
0 8746 24
0 8747 24
0 8748 24
0 8749 25
0 8750 25
0 8751 25
0 8752 25
0 8753 25
0 8754 25
0 8755 24
0 8756 24
0 8757 25
0 8758 25
0 8759 26
0 8760 26
0 8761 25
0 8762 25
0 8763 24
0 8764 24
0 8765 24
0 8766 24
0 8767 24
0 8768 24
0 8769 25
0 8770 26
0 8771 26
0 8772 26
0 8773 26
0 8774 26
0 8775 25
0 8776 24
0 8777 26
0 8778 26
0 8779 26
0 8780 26
0 8781 26
0 8782 25
0 8783 24
0 8784 24
0 8785 24
0 8786 24
0 8787 25
0 8788 26
0 8789 26
0 8790 26
0 8791 26
0 8792 26
0 8793 25
0 8794 26
0 8795 25
0 8796 25
0 8797 26
0 8798 26
0 8799 26
0 8800 26
0 8801 26
0 8802 26
0 8803 25
0 8804 25
0 8805 25
0 8806 25
0 8807 25
0 8808 26
0 8809 26
0 8810 26
0 8811 26
0 8812 26
0 8813 26
0 8814 26
0 8815 25
0 8816 25
0 8817 26
0 8818 26
0 8819 26
0 8820 26
0 8821 26
0 8822 25
0 8823 24
0 8824 24
0 8825 24
0 8826 24
0 8827 24
0 8828 25
0 8829 25
0 8830 26
0 8831 26
0 8832 25
0 8833 25
0 8834 26
0 8835 25
0 8836 25
0 8837 26
0 8838 26
0 8839 26
0 8840 26
0 8841 25
0 8842 25
0 8843 24
0 8844 23
0 8845 24
0 8846 24
0 8847 24
0 8848 24
0 8849 25
0 8850 25
0 8851 25
0 8852 25
0 8853 25
0 8854 24
0 8855 24
0 8856 24
0 8857 25
0 8858 25
0 8859 26
0 8860 25
0 8861 25
0 8862 25
0 8863 24
0 8864 23
0 8865 24
0 8866 24
0 8867 24
0 8868 26
0 8869 26
0 8870 26
0 8871 26
0 8872 25
0 8873 25
0 8874 25
0 8875 24
0 8876 24
0 8877 26
0 8878 26
0 8879 26
0 8880 26
0 8881 26
0 8882 25
0 8883 24
0 8884 25
0 8885 25
0 8886 25
0 8887 25
0 8888 26
0 8889 26
0 8890 26
0 8891 26
0 8892 26
0 8893 26
0 8894 26
0 8895 25
0 8896 25
0 8897 26
0 8898 26
0 8899 26
0 8900 26
0 8901 26
0 8902 26
0 8903 25
0 8904 24
0 8905 24
0 8906 24
0 8907 25
0 8908 26
0 8909 25
0 8910 26
0 8911 26
0 8912 26
0 8913 25
0 8914 26
0 8915 25
0 8916 25
0 8917 26
0 8918 26
0 8919 26
0 8920 25
0 8921 25
0 8922 25
0 8923 24
0 8924 24
0 8925 24
0 8926 24
0 8927 24
0 8928 24
0 8929 25
0 8930 26
0 8931 26
0 8932 26
0 8933 25
0 8934 25
0 8935 25
0 8936 23
0 8937 25
0 8938 24
0 8939 26
0 8940 26
0 8941 25
0 8942 25
0 8943 24
0 8944 23
0 8945 24
0 8946 24
0 8947 24
0 8948 24
0 8949 25
0 8950 25
0 8951 25
0 8952 25
0 8953 25
0 8954 24
0 8955 24
0 8956 24
0 8957 25
0 8958 25
0 8959 26
0 8960 25
0 8961 24
0 8962 25
0 8963 24
0 8964 24
0 8965 25
0 8966 24
0 8967 25
0 8968 25
0 8969 25
0 8970 26
0 8971 26
0 8972 26
0 8973 25
0 8974 25
0 8975 25
0 8976 24
0 8977 26
0 8978 26
0 8979 26
0 8980 26
0 8981 26
0 8982 26
0 8983 25
0 8984 24
0 8985 25
0 8986 24
0 8987 25
0 8988 26
0 8989 26
0 8990 26
0 8991 26
0 8992 26
0 8993 25
0 8994 26
0 8995 26
0 8996 25
0 8997 26
0 8998 26
0 8999 26
0 9000 26
0 9001 26
0 9002 25
0 9003 25
0 9004 24
0 9005 25
0 9006 24
0 9007 25
0 9008 25
0 9009 26
0 9010 26
0 9011 26
0 9012 26
0 9013 26
0 9014 26
0 9015 25
0 9016 24
0 9017 25
0 9018 26
0 9019 26
0 9020 26
0 9021 25
0 9022 25
0 9023 24
0 9024 23
0 9025 24
0 9026 24
0 9027 24
0 9028 25
0 9029 25
0 9030 26
0 9031 26
0 9032 25
0 9033 25
0 9034 25
0 9035 24
0 9036 24
0 9037 25
0 9038 24
0 9039 26
0 9040 25
0 9041 24
0 9042 25
0 9043 24
0 9044 23
0 9045 24
0 9046 24
0 9047 24
0 9048 24
0 9049 24
0 9050 25
0 9051 25
0 9052 25
0 9053 25
0 9054 24
0 9055 24
0 9056 23
0 9057 25
0 9058 26
0 9059 26
0 9060 26
0 9061 26
0 9062 25
0 9063 24
0 9064 24
0 9065 24
0 9066 24
0 9067 24
0 9068 25
0 9069 25
0 9070 26
0 9071 26
0 9072 26
0 9073 25
0 9074 26
0 9075 25
0 9076 25
0 9077 26
0 9078 26
0 9079 26
0 9080 26
0 9081 26
0 9082 25
0 9083 25
0 9084 24
0 9085 25
0 9086 24
0 9087 25
0 9088 25
0 9089 26
0 9090 26
0 9091 26
0 9092 26
0 9093 26
0 9094 26
0 9095 25
0 9096 25
0 9097 26
0 9098 26
0 9099 26
0 9100 26
0 9101 26
0 9102 25
0 9103 25
0 9104 25
0 9105 24
0 9106 24
0 9107 25
0 9108 26
0 9109 26
0 9110 26
0 9111 26
0 9112 26
0 9113 25
0 9114 25
0 9115 25
0 9116 24
0 9117 26
0 9118 26
0 9119 26
0 9120 26
0 9121 25
0 9122 25
0 9123 24
0 9124 24
0 9125 24
0 9126 24
0 9127 24
0 9128 24
0 9129 25
0 9130 26
0 9131 25
0 9132 25
0 9133 25
0 9134 25
0 9135 24
0 9136 23
0 9137 25
0 9138 24
0 9139 26
0 9140 25
0 9141 24
0 9142 25
0 9143 24
0 9144 23
0 9145 23
0 9146 24
0 9147 24
0 9148 24
0 9149 25
0 9150 25
0 9151 25
0 9152 25
0 9153 24
0 9154 24
0 9155 24
0 9156 24
0 9157 25
0 9158 26
0 9159 26
0 9160 26
0 9161 25
0 9162 25
0 9163 24
0 9164 24
0 9165 24
0 9166 24
0 9167 24
0 9168 24
0 9169 25
0 9170 26
0 9171 26
0 9172 26
0 9173 26
0 9174 26
0 9175 25
0 9176 25
0 9177 26
0 9178 26
0 9179 26
0 9180 26
0 9181 26
0 9182 25
0 9183 25
0 9184 24
0 9185 24
0 9186 25
0 9187 26
0 9188 26
0 9189 26
0 9190 26
0 9191 26
0 9192 26
0 9193 26
0 9194 26
0 9195 25
0 9196 25
0 9197 26
0 9198 26
0 9199 26
0 9200 26
0 9201 26
0 9202 25
0 9203 24
0 9204 24
0 9205 25
0 9206 24
0 9207 25
0 9208 25
0 9209 26
0 9210 26
0 9211 26
0 9212 26
0 9213 25
0 9214 25
0 9215 25
0 9216 24
0 9217 25
0 9218 26
0 9219 26
0 9220 26
0 9221 26
0 9222 25
0 9223 25
0 9224 24
0 9225 24
0 9226 24
0 9227 24
0 9228 25
0 9229 25
0 9230 25
0 9231 25
0 9232 25
0 9233 25
0 9234 24
0 9235 24
0 9236 24
0 9237 25
0 9238 24
0 9239 26
0 9240 25
0 9241 23
0 9242 25
0 9243 24
0 9244 23
0 9245 24
0 9246 24
0 9247 24
0 9248 24
0 9249 24
0 9250 25
0 9251 25
0 9252 25
0 9253 25
0 9254 24
0 9255 24
0 9256 23
0 9257 25
0 9258 26
0 9259 26
0 9260 26
0 9261 26
0 9262 25
0 9263 24
0 9264 24
0 9265 24
0 9266 24
0 9267 24
0 9268 25
0 9269 26
0 9270 26
0 9271 26
0 9272 26
0 9273 25
0 9274 25
0 9275 25
0 9276 25
0 9277 26
0 9278 26
0 9279 26
0 9280 25
0 9281 26
0 9282 25
0 9283 25
0 9284 26
0 9285 25
0 9286 25
0 9287 25
0 9288 26
0 9289 26
0 9290 26
0 9291 26
0 9292 26
0 9293 26
0 9294 26
0 9295 25
0 9296 25
0 9297 26
0 9298 26
0 9299 26
0 9300 26
0 9301 26
0 9302 26
0 9303 25
0 9304 24
0 9305 24
0 9306 24
0 9307 24
0 9308 26
0 9309 25
0 9310 26
0 9311 26
0 9312 25
0 9313 25
0 9314 25
0 9315 25
0 9316 24
0 9317 26
0 9318 25
0 9319 26
0 9320 25
0 9321 24
0 9322 25
0 9323 24
0 9324 24
0 9325 24
0 9326 24
0 9327 24
0 9328 24
0 9329 24
0 9330 25
0 9331 25
0 9332 25
0 9333 25
0 9334 24
0 9335 24
0 9336 23
0 9337 24
0 9338 24
0 9339 26
0 9340 25
0 9341 24
0 9342 25
0 9343 24
0 9344 23
0 9345 24
0 9346 24
0 9347 24
0 9348 26
0 9349 25
0 9350 26
0 9351 26
0 9352 25
0 9353 25
0 9354 25
0 9355 24
0 9356 24
0 9357 26
0 9358 25
0 9359 26
0 9360 26
0 9361 26
0 9362 25
0 9363 25
0 9364 24
0 9365 24
0 9366 24
0 9367 25
0 9368 25
0 9369 26
0 9370 26
0 9371 26
0 9372 26
0 9373 26
0 9374 26
0 9375 25
0 9376 24
0 9377 26
0 9378 26
0 9379 26
0 9380 26
0 9381 26
0 9382 26
0 9383 25
0 9384 24
0 9385 25
0 9386 25
0 9387 25
0 9388 26
0 9389 26
0 9390 26
0 9391 26
0 9392 26
0 9393 25
0 9394 26
0 9395 25
0 9396 25
0 9397 26
0 9398 26
0 9399 26
0 9400 26
0 9401 26
0 9402 25
0 9403 25
0 9404 24
0 9405 24
0 9406 24
0 9407 24
0 9408 25
0 9409 25
0 9410 26
0 9411 26
0 9412 26
0 9413 25
0 9414 25
0 9415 25
0 9416 24
0 9417 25
0 9418 25
0 9419 26
0 9420 25
0 9421 26
0 9422 25
0 9423 24
0 9424 23
0 9425 24
0 9426 24
0 9427 24
0 9428 24
0 9429 25
0 9430 25
0 9431 25
0 9432 25
0 9433 24
0 9434 24
0 9435 24
0 9436 23
0 9437 25
0 9438 24
0 9439 26
0 9440 25
0 9441 24
0 9442 25
0 9443 24
0 9444 24
0 9445 24
0 9446 24
0 9447 24
0 9448 24
0 9449 24
0 9450 26
0 9451 25
0 9452 26
0 9453 25
0 9454 25
0 9455 25
0 9456 24
0 9457 26
0 9458 26
0 9459 26
0 9460 26
0 9461 26
0 9462 25
0 9463 24
0 9464 24
0 9465 24
0 9466 24
0 9467 25
0 9468 26
0 9469 26
0 9470 26
0 9471 26
0 9472 26
0 9473 25
0 9474 26
0 9475 26
0 9476 26
0 9477 26
0 9478 26
0 9479 26
0 9480 26
0 9481 26
0 9482 26
0 9483 25
0 9484 25
0 9485 25
0 9486 25
0 9487 25
0 9488 26
0 9489 26
0 9490 26
0 9491 26
0 9492 26
0 9493 26
0 9494 26
0 9495 25
0 9496 25
0 9497 26
0 9498 26
0 9499 26
0 9500 26
0 9501 26
0 9502 25
0 9503 24
0 9504 24
0 9505 24
0 9506 24
0 9507 25
0 9508 25
0 9509 25
0 9510 26
0 9511 25
0 9512 25
0 9513 25
0 9514 25
0 9515 25
0 9516 24
0 9517 25
0 9518 25
0 9519 26
0 9520 26
0 9521 25
0 9522 25
0 9523 24
0 9524 23
0 9525 24
0 9526 24
0 9527 24
0 9528 24
0 9529 24
0 9530 24
0 9531 25
0 9532 24
0 9533 24
0 9534 24
0 9535 24
0 9536 23
0 9537 25
0 9538 25
0 9539 26
0 9540 26
0 9541 25
0 9542 25
0 9543 24
0 9544 23
0 9545 24
0 9546 24
0 9547 24
0 9548 24
0 9549 25
0 9550 26
0 9551 26
0 9552 26
0 9553 25
0 9554 25
0 9555 25
0 9556 24
0 9557 25
0 9558 26
0 9559 26
0 9560 26
0 9561 25
0 9562 25
0 9563 25
0 9564 24
0 9565 25
0 9566 24
0 9567 24
0 9568 25
0 9569 25
0 9570 26
0 9571 26
0 9572 26
0 9573 26
0 9574 26
0 9575 25
0 9576 24
0 9577 26
0 9578 26
0 9579 26
0 9580 26
0 9581 26
0 9582 25
0 9583 24
0 9584 24
0 9585 24
0 9586 24
0 9587 25
0 9588 26
0 9589 26
0 9590 26
0 9591 26
0 9592 26
0 9593 25
0 9594 26
0 9595 25
0 9596 25
0 9597 26
0 9598 26
0 9599 26
0 9600 25
0 9601 26
0 9602 25
0 9603 25
0 9604 25
0 9605 25
0 9606 24
0 9607 25
0 9608 25
0 9609 25
0 9610 26
0 9611 26
0 9612 26
0 9613 25
0 9614 25
0 9615 25
0 9616 23
0 9617 25
0 9618 25
0 9619 26
0 9620 26
0 9621 25
0 9622 25
0 9623 24
0 9624 23
0 9625 23
0 9626 24
0 9627 24
0 9628 24
0 9629 24
0 9630 24
0 9631 24
0 9632 24
0 9633 24
0 9634 24
0 9635 24
0 9636 24
0 9637 25
0 9638 24
0 9639 26
0 9640 25
0 9641 24
0 9642 25
0 9643 24
0 9644 23
0 9645 24
0 9646 24
0 9647 24
0 9648 24
0 9649 25
0 9650 26
0 9651 25
0 9652 26
0 9653 25
0 9654 25
0 9655 25
0 9656 24
0 9657 25
0 9658 26
0 9659 26
0 9660 26
0 9661 26
0 9662 25
0 9663 24
0 9664 24
0 9665 24
0 9666 24
0 9667 26
0 9668 26
0 9669 26
0 9670 26
0 9671 26
0 9672 26
0 9673 26
0 9674 26
0 9675 25
0 9676 25
0 9677 26
0 9678 26
0 9679 26
0 9680 26
0 9681 26
0 9682 25
0 9683 25
0 9684 26
0 9685 25
0 9686 25
0 9687 25
0 9688 26
0 9689 25
0 9690 26
0 9691 26
0 9692 26
0 9693 26
0 9694 26
0 9695 25
0 9696 24
0 9697 25
0 9698 26
0 9699 26
0 9700 26
0 9701 26
0 9702 26
0 9703 25
0 9704 24
0 9705 24
0 9706 24
0 9707 24
0 9708 25
0 9709 25
0 9710 26
0 9711 25
0 9712 25
0 9713 25
0 9714 25
0 9715 25
0 9716 24
0 9717 25
0 9718 25
0 9719 26
0 9720 25
0 9721 24
0 9722 25
0 9723 24
0 9724 23
0 9725 24
0 9726 24
0 9727 24
0 9728 24
0 9729 24
0 9730 26
0 9731 26
0 9732 26
0 9733 25
0 9734 25
0 9735 24
0 9736 23
0 9737 25
0 9738 25
0 9739 26
0 9740 26
0 9741 25
0 9742 25
0 9743 24
0 9744 23
0 9745 24
0 9746 24
0 9747 24
0 9748 24
0 9749 25
0 9750 26
0 9751 25
0 9752 25
0 9753 25
0 9754 25
0 9755 25
0 9756 24
0 9757 25
0 9758 25
0 9759 26
0 9760 26
0 9761 26
0 9762 25
0 9763 25
0 9764 24
0 9765 25
0 9766 24
0 9767 25
0 9768 26
0 9769 26
0 9770 26
0 9771 26
0 9772 26
0 9773 25
0 9774 26
0 9775 25
0 9776 25
0 9777 26
0 9778 26
0 9779 26
0 9780 26
0 9781 26
0 9782 25
0 9783 24
0 9784 24
0 9785 24
0 9786 24
0 9787 25
0 9788 26
0 9789 26
0 9790 26
0 9791 26
0 9792 26
0 9793 25
0 9794 26
0 9795 25
0 9796 25
0 9797 26
0 9798 26
0 9799 26
0 9800 26
0 9801 25
0 9802 25
0 9803 24
0 9804 24
0 9805 24
0 9806 24
0 9807 24
0 9808 24
0 9809 24
0 9810 26
0 9811 25
0 9812 26
0 9813 25
0 9814 25
0 9815 24
0 9816 23
0 9817 25
0 9818 24
0 9819 26
0 9820 25
0 9821 24
0 9822 25
0 9823 24
0 9824 23
0 9825 23
0 9826 24
0 9827 24
0 9828 24
0 9829 25
0 9830 25
0 9831 25
0 9832 24
0 9833 24
0 9834 24
0 9835 24
0 9836 23
0 9837 25
0 9838 24
0 9839 26
0 9840 26
0 9841 25
0 9842 25
0 9843 24
0 9844 24
0 9845 24
0 9846 24
0 9847 24
0 9848 24
0 9849 25
0 9850 26
0 9851 26
0 9852 26
0 9853 25
0 9854 25
0 9855 25
0 9856 24
0 9857 26
0 9858 26
0 9859 26
0 9860 26
0 9861 26
0 9862 25
0 9863 25
0 9864 24
0 9865 24
0 9866 24
0 9867 25
0 9868 26
0 9869 26
0 9870 26
0 9871 26
0 9872 26
0 9873 25
0 9874 26
0 9875 26
0 9876 25
0 9877 26
0 9878 26
0 9879 26
0 9880 26
0 9881 26
0 9882 26
0 9883 25
0 9884 24
0 9885 25
0 9886 24
0 9887 25
0 9888 25
0 9889 26
0 9890 26
0 9891 26
0 9892 26
0 9893 26
0 9894 25
0 9895 25
0 9896 24
0 9897 26
0 9898 26
0 9899 26
0 9900 26
0 9901 26
0 9902 25
0 9903 24
0 9904 23
0 9905 24
0 9906 24
0 9907 24
0 9908 25
0 9909 25
0 9910 26
0 9911 26
0 9912 25
0 9913 25
0 9914 24
0 9915 24
0 9916 23
0 9917 25
0 9918 25
0 9919 26
0 9920 26
0 9921 25
0 9922 25
0 9923 24
0 9924 23
0 9925 24
0 9926 24
0 9927 24
0 9928 24
0 9929 24
0 9930 25
0 9931 25
0 9932 25
0 9933 25
0 9934 24
0 9935 24
0 9936 23
0 9937 25
0 9938 25
0 9939 26
0 9940 26
0 9941 25
0 9942 25
0 9943 24
0 9944 23
0 9945 24
0 9946 24
0 9947 24
0 9948 25
0 9949 25
0 9950 26
0 9951 26
0 9952 25
0 9953 25
0 9954 25
0 9955 25
0 9956 25
0 9957 26
0 9958 26
0 9959 26
0 9960 26
0 9961 26
0 9962 25
0 9963 24
0 9964 24
0 9965 24
0 9966 24
0 9967 25
0 9968 26
0 9969 26
0 9970 26
0 9971 26
0 9972 26
0 9973 25
0 9974 26
0 9975 25
0 9976 24
0 9977 26
0 9978 26
0 9979 26
0 9980 26
0 9981 26
0 9982 25
0 9983 25
0 9984 24
0 9985 24
0 9986 25
0 9987 26
0 9988 26
0 9989 26
0 9990 26
0 9991 26
0 9992 26
0 9993 25
0 9994 26
0 9995 25
0 9996 25
0 9997 26
0 9998 26
0 9999 26
