0 0 26
0 1 26
0 2 27
0 3 26
0 4 26
0 5 26
0 6 26
0 7 26
0 8 26
0 9 27
0 10 27
0 11 26
0 12 26
0 13 26
0 14 28
0 15 27
0 16 28
0 17 27
0 18 26
0 19 26
0 20 26
0 21 26
0 22 26
0 23 27
0 24 27
0 25 27
0 26 26
0 27 27
0 28 27
0 29 27
0 30 26
0 31 27
0 32 27
0 33 26
0 34 27
0 35 27
0 36 28
0 37 28
0 38 28
0 39 28
0 40 27
0 41 27
0 42 27
0 43 26
0 44 26
0 45 26
0 46 26
0 47 26
0 48 27
0 49 27
0 50 27
0 51 27
0 52 27
0 53 27
0 54 27
0 55 27
0 56 26
0 57 27
0 58 27
0 59 27
0 60 27
0 61 27
0 62 27
0 63 26
0 64 26
0 65 26
0 66 27
0 67 26
0 68 27
0 69 27
0 70 27
0 71 27
0 72 27
0 73 26
0 74 26
0 75 27
0 76 26
0 77 27
0 78 26
0 79 27
0 80 27
0 81 26
0 82 26
0 83 26
0 84 26
0 85 26
0 86 26
0 87 26
0 88 27
0 89 27
0 90 26
0 91 26
0 92 26
0 93 26
0 94 26
0 95 26
0 96 26
0 97 26
0 98 27
0 99 27
0 100 27
0 101 27
0 102 26
0 103 26
0 104 26
0 105 26
0 106 26
0 107 27
0 108 27
0 109 26
0 110 26
0 111 27
0 112 27
0 113 26
0 114 26
0 115 26
0 116 26
0 117 27
0 118 27
0 119 27
0 120 27
0 121 26
0 122 27
0 123 27
0 124 27
0 125 27
0 126 27
0 127 26
0 128 26
0 129 27
0 130 27
0 131 27
0 132 27
0 133 27
0 134 27
0 135 27
0 136 26
0 137 27
0 138 27
0 139 28
0 140 27
0 141 27
0 142 27
0 143 26
0 144 26
0 145 27
0 146 26
0 147 26
0 148 27
0 149 27
0 150 27
0 151 27
0 152 27
0 153 27
0 154 27
0 155 26
0 156 26
0 157 27
0 158 27
0 159 28
0 160 27
0 161 26
0 162 27
0 163 27
0 164 26
0 165 26
0 166 27
0 167 27
0 168 26
0 169 26
0 170 27
0 171 27
0 172 27
0 173 27
0 174 26
0 175 27
0 176 26
0 177 26
0 178 26
0 179 27
0 180 27
0 181 27
0 182 26
0 183 26
0 184 26
0 185 26
0 186 26
0 187 26
0 188 27
0 189 27
0 190 26
0 191 26
0 192 26
0 193 27
0 194 27
0 195 27
0 196 26
0 197 27
0 198 26
0 199 27
0 200 27
0 201 27
0 202 25
0 203 26
0 204 26
0 205 26
0 206 26
0 207 27
0 208 27
0 209 26
0 210 27
0 211 27
0 212 27
0 213 27
0 214 27
0 215 26
0 216 27
0 217 27
0 218 27
0 219 27
0 220 27
0 221 27
0 222 27
0 223 27
0 224 27
0 225 26
0 226 26
0 227 26
0 228 27
0 229 27
0 230 27
0 231 27
0 232 27
0 233 27
0 234 27
0 235 27
0 236 26
0 237 27
0 238 27
0 239 28
0 240 27
0 241 27
0 242 27
0 243 27
0 244 26
0 245 27
0 246 26
0 247 26
0 248 27
0 249 27
0 250 27
0 251 27
0 252 27
0 253 27
0 254 27
0 255 26
0 256 26
0 257 27
0 258 27
0 259 28
0 260 27
0 261 27
0 262 27
0 263 27
0 264 26
0 265 26
0 266 27
0 267 26
0 268 26
0 269 27
0 270 27
0 271 27
0 272 27
0 273 27
0 274 26
0 275 27
0 276 26
0 277 26
0 278 26
0 279 27
0 280 27
0 281 27
0 282 25
0 283 26
0 284 26
0 285 26
0 286 26
0 287 26
0 288 27
0 289 27
0 290 26
0 291 26
0 292 26
0 293 27
0 294 27
0 295 27
0 296 26
0 297 26
0 298 27
0 299 27
0 300 27
0 301 26
0 302 26
0 303 26
0 304 26
0 305 26
0 306 26
0 307 27
0 308 26
0 309 27
0 310 27
0 311 27
0 312 27
0 313 27
0 314 26
0 315 26
0 316 27
0 317 27
0 318 26
0 319 27
0 320 27
0 321 27
0 322 27
0 323 26
0 324 26
0 325 26
0 326 26
0 327 26
0 328 27
0 329 27
0 330 27
0 331 27
0 332 27
0 333 27
0 334 27
0 335 27
0 336 26
0 337 27
0 338 27
0 339 28
0 340 27
0 341 27
0 342 27
0 343 27
0 344 26
0 345 27
0 346 26
0 347 26
0 348 27
0 349 27
0 350 27
0 351 27
0 352 27
0 353 27
0 354 27
0 355 27
0 356 26
0 357 27
0 358 27
0 359 27
0 360 27
0 361 27
0 362 27
0 363 26
0 364 27
0 365 26
0 366 27
0 367 26
0 368 26
0 369 26
0 370 27
0 371 27
0 372 27
0 373 27
0 374 27
0 375 27
0 376 26
0 377 26
0 378 26
0 379 28
0 380 27
0 381 26
0 382 26
0 383 26
0 384 26
0 385 26
0 386 27
0 387 27
0 388 26
0 389 26
0 390 26
0 391 27
0 392 26
0 393 26
0 394 26
0 395 27
0 396 27
0 397 27
0 398 26
0 399 27
0 400 27
0 401 27
0 402 26
0 403 26
0 404 27
0 405 26
0 406 27
0 407 27
0 408 26
0 409 27
0 410 27
0 411 27
0 412 27
0 413 27
0 414 27
0 415 27
0 416 27
0 417 27
0 418 27
0 419 28
0 420 27
0 421 27
0 422 27
0 423 27
0 424 26
0 425 27
0 426 26
0 427 26
0 428 27
0 429 27
0 430 27
0 431 27
0 432 27
0 433 27
0 434 27
0 435 27
0 436 26
0 437 27
0 438 27
0 439 28
0 440 27
0 441 27
0 442 27
0 443 27
0 444 26
0 445 27
0 446 26
0 447 26
0 448 27
0 449 27
0 450 27
0 451 27
0 452 27
0 453 27
0 454 27
0 455 26
0 456 26
0 457 27
0 458 26
0 459 28
0 460 27
0 461 27
0 462 27
0 463 26
0 464 26
0 465 26
0 466 27
0 467 27
0 468 27
0 469 26
0 470 26
0 471 27
0 472 26
0 473 27
0 474 27
0 475 26
0 476 26
0 477 27
0 478 27
0 479 27
0 480 27
0 481 27
0 482 26
0 483 26
0 484 26
0 485 26
0 486 26
0 487 26
0 488 27
0 489 27
0 490 26
0 491 26
0 492 27
0 493 26
0 494 26
0 495 27
0 496 26
0 497 26
0 498 26
0 499 27
0 500 27
0 501 26
0 502 26
0 503 26
0 504 26
0 505 26
0 506 27
0 507 27
0 508 26
0 509 26
0 510 27
0 511 27
0 512 27
0 513 27
0 514 27
0 515 27
0 516 27
0 517 26
0 518 27
0 519 28
0 520 27
0 521 27
0 522 27
0 523 27
0 524 26
0 525 27
0 526 26
0 527 26
0 528 27
0 529 27
0 530 27
0 531 27
0 532 27
0 533 27
0 534 27
0 535 27
0 536 26
0 537 27
0 538 27
0 539 28
0 540 27
0 541 27
0 542 27
0 543 27
0 544 26
0 545 26
0 546 26
0 547 26
0 548 27
0 549 27
0 550 27
0 551 27
0 552 27
0 553 27
0 554 26
0 555 26
0 556 27
0 557 27
0 558 27
0 559 28
0 560 27
0 561 27
0 562 27
0 563 27
0 564 27
0 565 26
0 566 27
0 567 27
0 568 26
0 569 26
0 570 27
0 571 27
0 572 27
0 573 27
0 574 27
0 575 27
0 576 26
0 577 26
0 578 26
0 579 27
0 580 27
0 581 27
0 582 26
0 583 26
0 584 26
0 585 26
0 586 26
0 587 27
0 588 27
0 589 26
0 590 27
0 591 27
0 592 27
0 593 27
0 594 26
0 595 26
0 596 27
0 597 27
0 598 26
0 599 27
0 600 27
0 601 26
0 602 27
0 603 27
0 604 27
0 605 26
0 606 27
0 607 26
0 608 26
0 609 27
0 610 27
0 611 27
0 612 27
0 613 27
0 614 27
0 615 27
0 616 26
0 617 27
0 618 27
0 619 28
0 620 27
0 621 27
0 622 27
0 623 27
0 624 26
0 625 27
0 626 26
0 627 27
0 628 27
0 629 27
0 630 27
0 631 27
0 632 27
0 633 27
0 634 27
0 635 27
0 636 26
0 637 27
0 638 27
0 639 28
0 640 27
0 641 27
0 642 27
0 643 27
0 644 26
0 645 27
0 646 26
0 647 26
0 648 27
0 649 27
0 650 27
0 651 27
0 652 27
0 653 27
0 654 27
0 655 26
0 656 26
0 657 27
0 658 27
0 659 28
0 660 27
0 661 26
0 662 27
0 663 26
0 664 26
0 665 26
0 666 27
0 667 27
0 668 26
0 669 26
0 670 27
0 671 27
0 672 27
0 673 26
0 674 26
0 675 27
0 676 26
0 677 26
0 678 26
0 679 27
0 680 27
0 681 27
0 682 26
0 683 26
0 684 26
0 685 26
0 686 26
0 687 26
0 688 27
0 689 27
0 690 26
0 691 27
0 692 27
0 693 27
0 694 26
0 695 27
0 696 26
0 697 26
0 698 26
0 699 28
0 700 27
0 701 26
0 702 27
0 703 26
0 704 27
0 705 26
0 706 26
0 707 26
0 708 27
0 709 27
0 710 27
0 711 27
0 712 27
0 713 27
0 714 27
0 715 27
0 716 26
0 717 27
0 718 27
0 719 28
0 720 27
0 721 27
0 722 27
0 723 27
0 724 26
0 725 26
0 726 26
0 727 26
0 728 27
0 729 27
0 730 27
0 731 27
0 732 27
0 733 27
0 734 27
0 735 27
0 736 26
0 737 27
0 738 27
0 739 28
0 740 27
0 741 27
0 742 27
0 743 27
0 744 26
0 745 27
0 746 27
0 747 26
0 748 27
0 749 27
0 750 27
0 751 27
0 752 27
0 753 27
0 754 27
0 755 26
0 756 27
0 757 27
0 758 27
0 759 27
0 760 27
0 761 27
0 762 26
0 763 26
0 764 26
0 765 26
0 766 26
0 767 27
0 768 27
0 769 26
0 770 27
0 771 27
0 772 27
0 773 27
0 774 26
0 775 27
0 776 26
0 777 26
0 778 26
0 779 27
0 780 27
0 781 27
0 782 26
0 783 26
0 784 26
0 785 26
0 786 26
0 787 27
0 788 27
0 789 26
0 790 27
0 791 27
0 792 27
0 793 26
0 794 26
0 795 27
0 796 27
0 797 27
0 798 26
0 799 27
0 800 27
0 801 26
0 802 27
0 803 27
0 804 26
0 805 27
0 806 27
0 807 26
0 808 27
0 809 27
0 810 27
0 811 27
0 812 27
0 813 27
0 814 27
0 815 26
0 816 26
0 817 27
0 818 27
0 819 28
0 820 27
0 821 27
0 822 27
0 823 26
0 824 26
0 825 26
0 826 26
0 827 26
0 828 27
0 829 27
0 830 27
0 831 27
0 832 27
0 833 27
0 834 27
0 835 27
0 836 27
0 837 26
0 838 27
0 839 28
0 840 27
0 841 27
0 842 27
0 843 27
0 844 26
0 845 26
0 846 26
0 847 26
0 848 27
0 849 27
0 850 27
0 851 27
0 852 27
0 853 27
0 854 27
0 855 26
0 856 26
0 857 26
0 858 26
0 859 27
0 860 27
0 861 27
0 862 27
0 863 26
0 864 26
0 865 26
0 866 27
0 867 27
0 868 26
0 869 26
0 870 27
0 871 27
0 872 27
0 873 26
0 874 27
0 875 26
0 876 26
0 877 27
0 878 27
0 879 27
0 880 27
0 881 27
0 882 25
0 883 26
0 884 26
0 885 26
0 886 26
0 887 27
0 888 26
0 889 26
0 890 27
0 891 27
0 892 27
0 893 27
0 894 26
0 895 26
0 896 26
0 897 27
0 898 27
0 899 28
0 900 27
0 901 27
0 902 27
0 903 27
0 904 26
0 905 26
0 906 26
0 907 26
0 908 26
0 909 27
0 910 27
0 911 27
0 912 27
0 913 27
0 914 27
0 915 27
0 916 27
0 917 27
0 918 27
0 919 28
0 920 27
0 921 27
0 922 27
0 923 27
0 924 26
0 925 26
0 926 26
0 927 26
0 928 27
0 929 27
0 930 27
0 931 27
0 932 27
0 933 27
0 934 27
0 935 27
0 936 26
0 937 27
0 938 27
0 939 28
0 940 27
0 941 27
0 942 27
0 943 27
0 944 26
0 945 27
0 946 26
0 947 26
0 948 26
0 949 27
0 950 27
0 951 27
0 952 27
0 953 27
0 954 27
0 955 26
0 956 27
0 957 27
0 958 26
0 959 27
0 960 27
0 961 26
0 962 27
0 963 26
0 964 27
0 965 26
0 966 27
0 967 27
0 968 26
0 969 26
0 970 27
0 971 27
0 972 27
0 973 26
0 974 26
0 975 27
0 976 26
0 977 27
0 978 26
0 979 27
0 980 27
0 981 26
0 982 26
0 983 26
0 984 26
0 985 26
0 986 26
0 987 27
0 988 26
0 989 26
0 990 27
0 991 27
0 992 27
0 993 27
0 994 26
0 995 26
0 996 26
0 997 27
0 998 27
0 999 27
0 1000 27
0 1001 26
0 1002 27
0 1003 27
0 1004 27
0 1005 27
0 1006 26
0 1007 26
0 1008 27
0 1009 27
0 1010 27
0 1011 27
0 1012 27
0 1013 27
0 1014 27
0 1015 27
0 1016 26
0 1017 27
0 1018 27
0 1019 28
0 1020 27
0 1021 27
0 1022 27
0 1023 26
0 1024 26
0 1025 26
0 1026 26
0 1027 27
0 1028 27
0 1029 27
0 1030 27
0 1031 27
0 1032 27
0 1033 27
0 1034 27
0 1035 27
0 1036 26
0 1037 27
0 1038 27
0 1039 28
0 1040 27
0 1041 27
0 1042 27
0 1043 27
0 1044 26
0 1045 27
0 1046 27
0 1047 26
0 1048 26
0 1049 26
0 1050 27
0 1051 27
0 1052 27
0 1053 27
0 1054 26
0 1055 27
0 1056 26
0 1057 27
0 1058 26
0 1059 28
0 1060 27
0 1061 26
0 1062 27
0 1063 26
0 1064 26
0 1065 26
0 1066 26
0 1067 26
0 1068 27
0 1069 26
0 1070 26
0 1071 27
0 1072 27
0 1073 27
0 1074 27
0 1075 27
0 1076 26
0 1077 26
0 1078 26
0 1079 27
0 1080 27
0 1081 27
0 1082 26
0 1083 26
0 1084 26
0 1085 26
0 1086 26
0 1087 27
0 1088 27
0 1089 26
0 1090 27
0 1091 27
0 1092 27
0 1093 27
0 1094 27
0 1095 26
0 1096 27
0 1097 27
0 1098 27
0 1099 28
0 1100 27
0 1101 27
0 1102 27
0 1103 27
0 1104 27
0 1105 27
0 1106 26
0 1107 26
0 1108 27
0 1109 27
0 1110 27
0 1111 27
0 1112 27
0 1113 27
0 1114 27
0 1115 27
0 1116 27
0 1117 27
0 1118 27
0 1119 28
0 1120 27
0 1121 27
0 1122 27
0 1123 27
0 1124 26
0 1125 27
0 1126 26
0 1127 27
0 1128 27
0 1129 27
0 1130 27
0 1131 27
0 1132 27
0 1133 27
0 1134 27
0 1135 27
0 1136 26
0 1137 27
0 1138 27
0 1139 28
0 1140 27
0 1141 27
0 1142 27
0 1143 27
0 1144 27
0 1145 26
0 1146 27
0 1147 26
0 1148 26
0 1149 26
0 1150 27
0 1151 27
0 1152 27
0 1153 27
0 1154 26
0 1155 26
0 1156 26
0 1157 27
0 1158 26
0 1159 27
0 1160 27
0 1161 26
0 1162 25
0 1163 26
0 1164 26
0 1165 26
0 1166 27
0 1167 27
0 1168 26
0 1169 27
0 1170 26
0 1171 26
0 1172 26
0 1173 26
0 1174 26
0 1175 26
0 1176 26
0 1177 26
0 1178 26
0 1179 27
0 1180 27
0 1181 27
0 1182 26
0 1183 26
0 1184 26
0 1185 26
0 1186 26
0 1187 27
0 1188 26
0 1189 27
0 1190 27
0 1191 27
0 1192 27
0 1193 27
0 1194 27
0 1195 26
0 1196 26
0 1197 27
0 1198 27
0 1199 28
0 1200 27
0 1201 27
0 1202 27
0 1203 26
0 1204 26
0 1205 27
0 1206 26
0 1207 26
0 1208 27
0 1209 27
0 1210 27
0 1211 27
0 1212 27
0 1213 27
0 1214 27
0 1215 27
0 1216 26
0 1217 27
0 1218 27
0 1219 28
0 1220 27
0 1221 27
0 1222 27
0 1223 28
0 1224 26
0 1225 27
0 1226 26
0 1227 26
0 1228 27
0 1229 27
0 1230 27
0 1231 27
0 1232 27
0 1233 27
0 1234 27
0 1235 27
0 1236 26
0 1237 27
0 1238 27
0 1239 28
0 1240 27
0 1241 26
0 1242 27
0 1243 27
0 1244 27
0 1245 26
0 1246 27
0 1247 27
0 1248 26
0 1249 26
0 1250 27
0 1251 27
0 1252 27
0 1253 27
0 1254 26
0 1255 27
0 1256 26
0 1257 26
0 1258 26
0 1259 27
0 1260 27
0 1261 27
0 1262 26
0 1263 26
0 1264 26
0 1265 26
0 1266 26
0 1267 26
0 1268 27
0 1269 26
0 1270 26
0 1271 26
0 1272 26
0 1273 27
0 1274 27
0 1275 27
0 1276 26
0 1277 27
0 1278 26
0 1279 27
0 1280 27
0 1281 26
0 1282 27
0 1283 26
0 1284 27
0 1285 26
0 1286 27
0 1287 26
0 1288 26
0 1289 27
0 1290 27
0 1291 27
0 1292 27
0 1293 27
0 1294 27
0 1295 27
0 1296 26
0 1297 27
0 1298 27
0 1299 28
0 1300 27
0 1301 27
0 1302 27
0 1303 27
0 1304 26
0 1305 27
0 1306 26
0 1307 26
0 1308 27
0 1309 27
0 1310 27
0 1311 27
0 1312 27
0 1313 27
0 1314 27
0 1315 27
0 1316 27
0 1317 27
0 1318 27
0 1319 28
0 1320 27
0 1321 27
0 1322 27
0 1323 27
0 1324 26
0 1325 27
0 1326 26
0 1327 26
0 1328 26
0 1329 27
0 1330 27
0 1331 27
0 1332 27
0 1333 27
0 1334 27
0 1335 26
0 1336 27
0 1337 27
0 1338 27
0 1339 28
0 1340 27
0 1341 27
0 1342 27
0 1343 26
0 1344 26
0 1345 26
0 1346 27
0 1347 26
0 1348 26
0 1349 27
0 1350 27
0 1351 27
0 1352 27
0 1353 26
0 1354 26
0 1355 27
0 1356 26
0 1357 26
0 1358 26
0 1359 27
0 1360 27
0 1361 27
0 1362 26
0 1363 26
0 1364 26
0 1365 26
0 1366 26
0 1367 26
0 1368 27
0 1369 26
0 1370 26
0 1371 27
0 1372 27
0 1373 26
0 1374 26
0 1375 27
0 1376 26
0 1377 26
0 1378 26
0 1379 28
0 1380 27
0 1381 27
0 1382 27
0 1383 26
0 1384 27
0 1385 26
0 1386 27
0 1387 26
0 1388 27
0 1389 27
0 1390 27
0 1391 27
0 1392 27
0 1393 27
0 1394 27
0 1395 27
0 1396 26
0 1397 27
0 1398 27
0 1399 28
0 1400 27
0 1401 27
0 1402 27
0 1403 27
0 1404 26
0 1405 26
0 1406 26
0 1407 26
0 1408 27
0 1409 27
0 1410 27
0 1411 27
0 1412 28
0 1413 27
0 1414 27
0 1415 27
0 1416 27
0 1417 27
0 1418 27
0 1419 28
0 1420 27
0 1421 27
0 1422 27
0 1423 26
0 1424 26
0 1425 27
0 1426 26
0 1427 26
0 1428 27
0 1429 27
0 1430 27
0 1431 27
0 1432 27
0 1433 27
0 1434 27
0 1435 27
0 1436 27
0 1437 27
0 1438 27
0 1439 27
0 1440 27
0 1441 26
0 1442 27
0 1443 26
0 1444 27
0 1445 26
0 1446 27
0 1447 27
0 1448 26
0 1449 26
0 1450 27
0 1451 27
0 1452 27
0 1453 27
0 1454 27
0 1455 27
0 1456 26
0 1457 26
0 1458 26
0 1459 27
0 1460 27
0 1461 26
0 1462 26
0 1463 26
0 1464 26
0 1465 26
0 1466 26
0 1467 26
0 1468 27
0 1469 27
0 1470 26
0 1471 27
0 1472 27
0 1473 27
0 1474 26
0 1475 26
0 1476 27
0 1477 27
0 1478 26
0 1479 27
0 1480 27
0 1481 27
0 1482 27
0 1483 26
0 1484 27
0 1485 26
0 1486 27
0 1487 26
0 1488 26
0 1489 27
0 1490 27
0 1491 27
0 1492 27
0 1493 27
0 1494 27
0 1495 27
0 1496 26
0 1497 27
0 1498 27
0 1499 28
0 1500 27
0 1501 27
0 1502 27
0 1503 27
0 1504 26
0 1505 27
0 1506 26
0 1507 27
0 1508 27
0 1509 27
0 1510 27
0 1511 27
0 1512 27
0 1513 27
0 1514 27
0 1515 27
0 1516 27
0 1517 26
0 1518 27
0 1519 28
0 1520 27
0 1521 27
0 1522 27
0 1523 27
0 1524 26
0 1525 26
0 1526 26
0 1527 26
0 1528 27
0 1529 27
0 1530 27
0 1531 27
0 1532 27
0 1533 27
0 1534 27
0 1535 27
0 1536 27
0 1537 27
0 1538 27
0 1539 28
0 1540 27
0 1541 27
0 1542 27
0 1543 27
0 1544 27
0 1545 26
0 1546 27
0 1547 27
0 1548 26
0 1549 26
0 1550 27
0 1551 27
0 1552 27
0 1553 26
0 1554 26
0 1555 27
0 1556 27
0 1557 27
0 1558 27
0 1559 27
0 1560 27
0 1561 27
0 1562 26
0 1563 26
0 1564 26
0 1565 26
0 1566 26
0 1567 26
0 1568 27
0 1569 26
0 1570 27
0 1571 27
0 1572 27
0 1573 27
0 1574 26
0 1575 27
0 1576 26
0 1577 26
0 1578 26
0 1579 27
0 1580 27
0 1581 27
0 1582 27
0 1583 26
0 1584 26
0 1585 26
0 1586 27
0 1587 26
0 1588 27
0 1589 27
0 1590 27
0 1591 27
0 1592 27
0 1593 27
0 1594 27
0 1595 26
0 1596 26
0 1597 27
0 1598 27
0 1599 28
0 1600 27
0 1601 27
0 1602 27
0 1603 26
0 1604 26
0 1605 26
0 1606 26
0 1607 26
0 1608 27
0 1609 27
0 1610 27
0 1611 27
0 1612 27
0 1613 27
0 1614 27
0 1615 27
0 1616 26
0 1617 27
0 1618 27
0 1619 28
0 1620 27
0 1621 27
0 1622 27
0 1623 27
0 1624 26
0 1625 26
0 1626 27
0 1627 26
0 1628 27
0 1629 27
0 1630 27
0 1631 27
0 1632 27
0 1633 27
0 1634 27
0 1635 26
0 1636 26
0 1637 27
0 1638 27
0 1639 27
0 1640 27
0 1641 26
0 1642 27
0 1643 26
0 1644 27
0 1645 26
0 1646 27
0 1647 27
0 1648 26
0 1649 26
0 1650 27
0 1651 27
0 1652 27
0 1653 26
0 1654 27
0 1655 27
0 1656 26
0 1657 26
0 1658 26
0 1659 26
0 1660 27
0 1661 27
0 1662 26
0 1663 26
0 1664 26
0 1665 26
0 1666 26
0 1667 27
0 1668 26
0 1669 26
0 1670 27
0 1671 27
0 1672 27
0 1673 26
0 1674 26
0 1675 27
0 1676 26
0 1677 27
0 1678 26
0 1679 27
0 1680 27
0 1681 26
0 1682 27
0 1683 26
0 1684 27
0 1685 26
0 1686 27
0 1687 26
0 1688 26
0 1689 27
0 1690 27
0 1691 27
0 1692 27
0 1693 27
0 1694 27
0 1695 27
0 1696 26
0 1697 27
0 1698 27
0 1699 28
0 1700 27
0 1701 27
0 1702 27
0 1703 27
0 1704 26
0 1705 26
0 1706 27
0 1707 26
0 1708 27
0 1709 27
0 1710 27
0 1711 27
0 1712 27
0 1713 27
0 1714 27
0 1715 27
0 1716 27
0 1717 27
0 1718 27
0 1719 28
0 1720 27
0 1721 27
0 1722 27
0 1723 26
0 1724 26
0 1725 26
0 1726 26
0 1727 26
0 1728 27
0 1729 27
0 1730 27
0 1731 27
0 1732 27
0 1733 27
0 1734 27
0 1735 27
0 1736 27
0 1737 27
0 1738 27
0 1739 28
0 1740 27
0 1741 26
0 1742 27
0 1743 26
0 1744 26
0 1745 26
0 1746 27
0 1747 27
0 1748 26
0 1749 26
0 1750 26
0 1751 26
0 1752 26
0 1753 27
0 1754 27
0 1755 26
0 1756 26
0 1757 26
0 1758 26
0 1759 27
0 1760 27
0 1761 27
0 1762 26
0 1763 26
0 1764 26
0 1765 26
0 1766 26
0 1767 26
0 1768 27
0 1769 27
0 1770 26
0 1771 26
0 1772 26
0 1773 26
0 1774 26
0 1775 27
0 1776 26
0 1777 27
0 1778 27
0 1779 28
0 1780 27
0 1781 27
0 1782 27
0 1783 27
0 1784 27
0 1785 26
0 1786 27
0 1787 26
0 1788 27
0 1789 27
0 1790 27
0 1791 27
0 1792 27
0 1793 27
0 1794 27
0 1795 27
0 1796 27
0 1797 27
0 1798 27
0 1799 28
0 1800 27
0 1801 27
0 1802 27
0 1803 27
0 1804 26
0 1805 26
0 1806 26
0 1807 26
0 1808 27
0 1809 27
0 1810 27
0 1811 27
0 1812 27
0 1813 27
0 1814 27
0 1815 27
0 1816 26
0 1817 27
0 1818 27
0 1819 28
0 1820 27
0 1821 27
0 1822 27
0 1823 27
0 1824 26
0 1825 26
0 1826 26
0 1827 26
0 1828 27
0 1829 27
0 1830 27
0 1831 27
0 1832 27
0 1833 27
0 1834 26
0 1835 26
0 1836 27
0 1837 27
0 1838 27
0 1839 27
0 1840 27
0 1841 27
0 1842 26
0 1843 26
0 1844 26
0 1845 26
0 1846 26
0 1847 26
0 1848 27
0 1849 27
0 1850 26
0 1851 26
0 1852 26
0 1853 26
0 1854 27
0 1855 27
0 1856 26
0 1857 26
0 1858 26
0 1859 27
0 1860 27
0 1861 26
0 1862 26
0 1863 26
0 1864 26
0 1865 26
0 1866 26
0 1867 27
0 1868 26
0 1869 26
0 1870 27
0 1871 27
0 1872 27
0 1873 27
0 1874 26
0 1875 26
0 1876 27
0 1877 27
0 1878 26
0 1879 28
0 1880 27
0 1881 27
0 1882 27
0 1883 27
0 1884 27
0 1885 26
0 1886 27
0 1887 26
0 1888 26
0 1889 27
0 1890 27
0 1891 27
0 1892 27
0 1893 27
0 1894 27
0 1895 27
0 1896 26
0 1897 27
0 1898 27
0 1899 28
0 1900 27
0 1901 27
0 1902 27
0 1903 26
0 1904 26
0 1905 26
0 1906 26
0 1907 26
0 1908 27
0 1909 27
0 1910 27
0 1911 27
0 1912 27
0 1913 27
0 1914 27
0 1915 27
0 1916 26
0 1917 27
0 1918 27
0 1919 28
0 1920 27
0 1921 27
0 1922 27
0 1923 26
0 1924 26
0 1925 27
0 1926 27
0 1927 27
0 1928 26
0 1929 27
0 1930 27
0 1931 27
0 1932 27
0 1933 27
0 1934 27
0 1935 26
0 1936 27
0 1937 27
0 1938 27
0 1939 27
0 1940 27
0 1941 27
0 1942 26
0 1943 26
0 1944 26
0 1945 26
0 1946 26
0 1947 26
0 1948 27
0 1949 27
0 1950 26
0 1951 26
0 1952 26
0 1953 27
0 1954 27
0 1955 26
0 1956 26
0 1957 27
0 1958 27
0 1959 27
0 1960 27
0 1961 27
0 1962 25
0 1963 26
0 1964 26
0 1965 26
0 1966 26
0 1967 27
0 1968 26
0 1969 26
0 1970 27
0 1971 27
0 1972 27
0 1973 27
0 1974 26
0 1975 26
0 1976 26
0 1977 27
0 1978 26
0 1979 27
0 1980 27
0 1981 27
0 1982 27
0 1983 27
0 1984 27
0 1985 26
0 1986 26
0 1987 26
0 1988 27
0 1989 27
0 1990 27
0 1991 27
0 1992 27
0 1993 27
0 1994 27
0 1995 27
0 1996 26
0 1997 27
0 1998 27
0 1999 28
0 2000 27
0 2001 27
0 2002 27
0 2003 27
0 2004 26
0 2005 27
0 2006 26
0 2007 26
0 2008 27
0 2009 27
0 2010 27
0 2011 27
0 2012 27
0 2013 27
0 2014 27
0 2015 27
0 2016 26
0 2017 27
0 2018 27
0 2019 28
0 2020 27
0 2021 27
0 2022 27
0 2023 27
0 2024 27
0 2025 26
0 2026 27
0 2027 27
0 2028 26
0 2029 26
0 2030 27
0 2031 27
0 2032 27
0 2033 27
0 2034 26
0 2035 26
0 2036 27
0 2037 27
0 2038 26
0 2039 27
0 2040 27
0 2041 27
0 2042 26
0 2043 26
0 2044 26
0 2045 26
0 2046 26
0 2047 26
0 2048 26
0 2049 27
0 2050 26
0 2051 26
0 2052 27
0 2053 27
0 2054 27
0 2055 26
0 2056 26
0 2057 26
0 2058 27
0 2059 27
0 2060 27
0 2061 26
0 2062 26
0 2063 26
0 2064 26
0 2065 26
0 2066 26
0 2067 27
0 2068 26
0 2069 26
0 2070 27
0 2071 27
0 2072 27
0 2073 26
0 2074 26
0 2075 27
0 2076 27
0 2077 27
0 2078 27
0 2079 27
0 2080 27
0 2081 26
0 2082 27
0 2083 27
0 2084 27
0 2085 27
0 2086 26
0 2087 26
0 2088 27
0 2089 27
0 2090 27
0 2091 27
0 2092 27
0 2093 27
0 2094 27
0 2095 27
0 2096 26
0 2097 27
0 2098 27
0 2099 28
0 2100 27
0 2101 27
0 2102 27
0 2103 27
0 2104 26
0 2105 27
0 2106 26
0 2107 26
0 2108 27
0 2109 27
0 2110 27
0 2111 27
0 2112 27
0 2113 27
0 2114 27
0 2115 27
0 2116 26
0 2117 27
0 2118 27
0 2119 28
0 2120 27
0 2121 27
0 2122 27
0 2123 26
0 2124 27
0 2125 26
0 2126 27
0 2127 27
0 2128 26
0 2129 26
0 2130 27
0 2131 27
0 2132 27
0 2133 27
0 2134 26
0 2135 27
0 2136 26
0 2137 26
0 2138 27
0 2139 27
0 2140 27
0 2141 27
0 2142 26
0 2143 26
0 2144 26
0 2145 26
0 2146 26
0 2147 27
0 2148 27
0 2149 26
0 2150 26
0 2151 27
0 2152 26
0 2153 27
0 2154 27
0 2155 27
0 2156 26
0 2157 26
0 2158 26
0 2159 27
0 2160 27
0 2161 27
0 2162 26
0 2163 26
0 2164 26
0 2165 26
0 2166 26
0 2167 27
0 2168 27
0 2169 26
0 2170 27
0 2171 27
0 2172 27
0 2173 27
0 2174 26
0 2175 26
0 2176 27
0 2177 27
0 2178 27
0 2179 28
0 2180 27
0 2181 27
0 2182 27
0 2183 27
0 2184 26
0 2185 27
0 2186 27
0 2187 26
0 2188 27
0 2189 27
0 2190 27
0 2191 27
0 2192 27
0 2193 27
0 2194 27
0 2195 27
0 2196 26
0 2197 27
0 2198 27
0 2199 28
0 2200 27
0 2201 27
0 2202 27
0 2203 28
0 2204 26
0 2205 27
0 2206 27
0 2207 26
0 2208 27
0 2209 27
0 2210 27
0 2211 27
0 2212 27
0 2213 27
0 2214 27
0 2215 27
0 2216 27
0 2217 27
0 2218 27
0 2219 27
0 2220 27
0 2221 26
0 2222 27
0 2223 26
0 2224 26
0 2225 26
0 2226 27
0 2227 27
0 2228 26
0 2229 26
0 2230 27
0 2231 27
0 2232 27
0 2233 26
0 2234 27
0 2235 26
0 2236 26
0 2237 26
0 2238 27
0 2239 27
0 2240 27
0 2241 27
0 2242 26
0 2243 26
0 2244 26
0 2245 26
0 2246 26
0 2247 26
0 2248 27
0 2249 27
0 2250 26
0 2251 26
0 2252 26
0 2253 27
0 2254 27
0 2255 26
0 2256 26
0 2257 26
0 2258 26
0 2259 27
0 2260 27
0 2261 26
0 2262 26
0 2263 26
0 2264 26
0 2265 26
0 2266 26
0 2267 27
0 2268 26
0 2269 27
0 2270 27
0 2271 27
0 2272 27
0 2273 27
0 2274 27
0 2275 26
0 2276 26
0 2277 27
0 2278 27
0 2279 28
0 2280 27
0 2281 27
0 2282 27
0 2283 27
0 2284 26
0 2285 26
0 2286 27
0 2287 26
0 2288 26
0 2289 27
0 2290 27
0 2291 27
0 2292 27
0 2293 27
0 2294 27
0 2295 27
0 2296 27
0 2297 27
0 2298 27
0 2299 28
0 2300 27
0 2301 27
0 2302 27
0 2303 27
0 2304 26
0 2305 27
0 2306 26
0 2307 27
0 2308 27
0 2309 27
0 2310 27
0 2311 27
0 2312 27
0 2313 27
0 2314 27
0 2315 27
0 2316 26
0 2317 27
0 2318 27
0 2319 28
0 2320 27
0 2321 26
0 2322 27
0 2323 27
0 2324 27
0 2325 26
0 2326 27
0 2327 27
0 2328 26
0 2329 26
0 2330 27
0 2331 27
0 2332 27
0 2333 26
0 2334 27
0 2335 27
0 2336 26
0 2337 26
0 2338 26
0 2339 27
0 2340 27
0 2341 26
0 2342 26
0 2343 26
0 2344 26
0 2345 26
0 2346 26
0 2347 26
0 2348 27
0 2349 27
0 2350 26
0 2351 26
0 2352 26
0 2353 26
0 2354 27
0 2355 27
0 2356 26
0 2357 26
0 2358 27
0 2359 27
0 2360 27
0 2361 27
0 2362 26
0 2363 26
0 2364 26
0 2365 26
0 2366 27
0 2367 27
0 2368 26
0 2369 27
0 2370 27
0 2371 27
0 2372 27
0 2373 27
0 2374 27
0 2375 27
0 2376 26
0 2377 27
0 2378 27
0 2379 28
0 2380 27
0 2381 27
0 2382 27
0 2383 27
0 2384 26
0 2385 27
0 2386 26
0 2387 26
0 2388 27
0 2389 27
0 2390 27
0 2391 27
0 2392 27
0 2393 27
0 2394 27
0 2395 27
0 2396 26
0 2397 27
0 2398 27
0 2399 28
0 2400 27
0 2401 27
0 2402 27
0 2403 27
0 2404 26
0 2405 26
0 2406 26
0 2407 26
0 2408 27
0 2409 27
0 2410 27
0 2411 27
0 2412 27
0 2413 27
0 2414 27
0 2415 27
0 2416 26
0 2417 27
0 2418 27
0 2419 28
0 2420 27
0 2421 27
0 2422 27
0 2423 27
0 2424 26
0 2425 26
0 2426 27
0 2427 27
0 2428 26
0 2429 26
0 2430 27
0 2431 27
0 2432 27
0 2433 26
0 2434 26
0 2435 27
0 2436 27
0 2437 27
0 2438 26
0 2439 27
0 2440 27
0 2441 27
0 2442 25
0 2443 26
0 2444 26
0 2445 26
0 2446 26
0 2447 27
0 2448 27
0 2449 26
0 2450 27
0 2451 27
0 2452 27
0 2453 26
0 2454 26
0 2455 27
0 2456 26
0 2457 27
0 2458 26
0 2459 28
0 2460 27
0 2461 26
0 2462 27
0 2463 26
0 2464 27
0 2465 26
0 2466 27
0 2467 26
0 2468 27
0 2469 27
0 2470 27
0 2471 27
0 2472 27
0 2473 27
0 2474 27
0 2475 26
0 2476 26
0 2477 27
0 2478 27
0 2479 28
0 2480 27
0 2481 27
0 2482 27
0 2483 27
0 2484 26
0 2485 26
0 2486 26
0 2487 26
0 2488 27
0 2489 27
0 2490 27
0 2491 27
0 2492 27
0 2493 27
0 2494 27
0 2495 27
0 2496 26
0 2497 27
0 2498 27
0 2499 28
0 2500 27
0 2501 27
0 2502 27
0 2503 27
0 2504 26
0 2505 26
0 2506 26
0 2507 26
0 2508 27
0 2509 27
0 2510 27
0 2511 27
0 2512 27
0 2513 27
0 2514 27
0 2515 26
0 2516 27
0 2517 27
0 2518 27
0 2519 27
0 2520 27
0 2521 27
0 2522 27
0 2523 26
0 2524 27
0 2525 26
0 2526 27
0 2527 27
0 2528 26
0 2529 26
0 2530 27
0 2531 27
0 2532 27
0 2533 27
0 2534 27
0 2535 27
0 2536 26
0 2537 26
0 2538 27
0 2539 27
0 2540 27
0 2541 27
0 2542 26
0 2543 26
0 2544 26
0 2545 26
0 2546 26
0 2547 26
0 2548 27
0 2549 26
0 2550 26
0 2551 26
0 2552 26
0 2553 27
0 2554 27
0 2555 27
0 2556 26
0 2557 26
0 2558 26
0 2559 27
0 2560 27
0 2561 27
0 2562 27
0 2563 27
0 2564 26
0 2565 27
0 2566 27
0 2567 26
0 2568 26
0 2569 27
0 2570 27
0 2571 27
0 2572 27
0 2573 27
0 2574 27
0 2575 27
0 2576 26
0 2577 27
0 2578 27
0 2579 28
0 2580 27
0 2581 27
0 2582 27
0 2583 27
0 2584 26
0 2585 27
0 2586 26
0 2587 26
0 2588 27
0 2589 27
0 2590 27
0 2591 27
0 2592 27
0 2593 27
0 2594 27
0 2595 27
0 2596 27
0 2597 27
0 2598 27
0 2599 28
0 2600 27
0 2601 27
0 2602 27
0 2603 27
0 2604 26
0 2605 27
0 2606 27
0 2607 26
0 2608 27
0 2609 27
0 2610 27
0 2611 27
0 2612 27
0 2613 27
0 2614 27
0 2615 26
0 2616 27
0 2617 27
0 2618 26
0 2619 27
0 2620 27
0 2621 26
0 2622 27
0 2623 26
0 2624 26
0 2625 26
0 2626 27
0 2627 27
0 2628 26
0 2629 26
0 2630 27
0 2631 27
0 2632 27
0 2633 27
0 2634 27
0 2635 27
0 2636 27
0 2637 27
0 2638 27
0 2639 27
0 2640 27
0 2641 27
0 2642 26
0 2643 26
0 2644 26
0 2645 26
0 2646 26
0 2647 26
0 2648 27
0 2649 26
0 2650 26
0 2651 27
0 2652 27
0 2653 27
0 2654 26
0 2655 27
0 2656 26
0 2657 26
0 2658 26
0 2659 27
0 2660 27
0 2661 27
0 2662 27
0 2663 26
0 2664 26
0 2665 26
0 2666 27
0 2667 26
0 2668 26
0 2669 27
0 2670 27
0 2671 27
0 2672 27
0 2673 27
0 2674 27
0 2675 27
0 2676 26
0 2677 27
0 2678 27
0 2679 28
0 2680 27
0 2681 27
0 2682 27
0 2683 27
0 2684 26
0 2685 27
0 2686 26
0 2687 26
0 2688 27
0 2689 27
0 2690 27
0 2691 27
0 2692 27
0 2693 27
0 2694 27
0 2695 27
0 2696 26
0 2697 27
0 2698 27
0 2699 28
0 2700 27
0 2701 27
0 2702 27
0 2703 27
0 2704 26
0 2705 26
0 2706 27
0 2707 26
0 2708 26
0 2709 27
0 2710 27
0 2711 27
0 2712 27
0 2713 27
0 2714 26
0 2715 26
0 2716 27
0 2717 27
0 2718 26
0 2719 27
0 2720 27
0 2721 27
0 2722 27
0 2723 26
0 2724 26
0 2725 26
0 2726 26
0 2727 27
0 2728 27
0 2729 26
0 2730 26
0 2731 26
0 2732 26
0 2733 27
0 2734 27
0 2735 26
0 2736 26
0 2737 27
0 2738 27
0 2739 26
0 2740 27
0 2741 27
0 2742 26
0 2743 26
0 2744 26
0 2745 26
0 2746 26
0 2747 26
0 2748 27
0 2749 26
0 2750 26
0 2751 27
0 2752 27
0 2753 26
0 2754 26
0 2755 26
0 2756 27
0 2757 27
0 2758 26
0 2759 27
0 2760 27
0 2761 26
0 2762 27
0 2763 27
0 2764 27
0 2765 26
0 2766 27
0 2767 26
0 2768 26
0 2769 27
0 2770 27
0 2771 27
0 2772 27
0 2773 27
0 2774 27
0 2775 27
0 2776 26
0 2777 27
0 2778 27
0 2779 28
0 2780 27
0 2781 27
0 2782 27
0 2783 26
0 2784 26
0 2785 26
0 2786 26
0 2787 26
0 2788 27
0 2789 27
0 2790 27
0 2791 27
0 2792 27
0 2793 27
0 2794 27
0 2795 27
0 2796 26
0 2797 27
0 2798 27
0 2799 28
0 2800 27
0 2801 27
0 2802 27
0 2803 27
0 2804 27
0 2805 26
0 2806 27
0 2807 27
0 2808 26
0 2809 26
0 2810 27
0 2811 27
0 2812 27
0 2813 27
0 2814 26
0 2815 27
0 2816 26
0 2817 27
0 2818 27
0 2819 28
0 2820 27
0 2821 27
0 2822 27
0 2823 26
0 2824 26
0 2825 26
0 2826 26
0 2827 26
0 2828 27
0 2829 26
0 2830 26
0 2831 27
0 2832 26
0 2833 27
0 2834 27
0 2835 26
0 2836 26
0 2837 26
0 2838 27
0 2839 27
0 2840 27
0 2841 27
0 2842 25
0 2843 26
0 2844 26
0 2845 26
0 2846 26
0 2847 26
0 2848 27
0 2849 27
0 2850 26
0 2851 27
0 2852 27
0 2853 27
0 2854 26
0 2855 26
0 2856 26
0 2857 27
0 2858 26
0 2859 28
0 2860 27
0 2861 27
0 2862 27
0 2863 26
0 2864 27
0 2865 26
0 2866 27
0 2867 26
0 2868 27
0 2869 27
0 2870 27
0 2871 27
0 2872 27
0 2873 27
0 2874 27
0 2875 27
0 2876 26
0 2877 27
0 2878 27
0 2879 28
0 2880 27
0 2881 27
0 2882 27
0 2883 27
0 2884 26
0 2885 26
0 2886 26
0 2887 26
0 2888 26
0 2889 27
0 2890 27
0 2891 27
0 2892 27
0 2893 27
0 2894 27
0 2895 27
0 2896 26
0 2897 27
0 2898 27
0 2899 28
0 2900 27
0 2901 27
0 2902 27
0 2903 26
0 2904 26
0 2905 26
0 2906 27
0 2907 27
0 2908 26
0 2909 26
0 2910 27
0 2911 27
0 2912 27
0 2913 27
0 2914 26
0 2915 26
0 2916 27
0 2917 27
0 2918 27
0 2919 27
0 2920 27
0 2921 27
0 2922 26
0 2923 26
0 2924 26
0 2925 26
0 2926 26
0 2927 26
0 2928 27
0 2929 27
0 2930 26
0 2931 26
0 2932 26
0 2933 26
0 2934 27
0 2935 26
0 2936 26
0 2937 27
0 2938 27
0 2939 27
0 2940 27
0 2941 27
0 2942 27
0 2943 26
0 2944 26
0 2945 26
0 2946 26
0 2947 27
0 2948 26
0 2949 27
0 2950 27
0 2951 27
0 2952 27
0 2953 27
0 2954 26
0 2955 26
0 2956 26
0 2957 27
0 2958 27
0 2959 28
0 2960 27
0 2961 27
0 2962 27
0 2963 27
0 2964 26
0 2965 27
0 2966 26
0 2967 26
0 2968 27
0 2969 27
0 2970 27
0 2971 27
0 2972 27
0 2973 27
0 2974 27
0 2975 27
0 2976 26
0 2977 27
0 2978 27
0 2979 28
0 2980 27
0 2981 27
0 2982 27
0 2983 27
0 2984 27
0 2985 26
0 2986 26
0 2987 26
0 2988 27
0 2989 27
0 2990 27
0 2991 27
0 2992 27
0 2993 27
0 2994 27
0 2995 27
0 2996 26
0 2997 27
0 2998 27
0 2999 28
0 3000 27
0 3001 26
0 3002 27
0 3003 26
0 3004 27
0 3005 26
0 3006 27
0 3007 27
0 3008 26
0 3009 26
0 3010 27
0 3011 27
0 3012 27
0 3013 27
0 3014 26
0 3015 27
0 3016 26
0 3017 26
0 3018 26
0 3019 27
0 3020 27
0 3021 26
0 3022 26
0 3023 26
0 3024 26
0 3025 26
0 3026 26
0 3027 26
0 3028 27
0 3029 27
0 3030 26
0 3031 26
0 3032 26
0 3033 26
0 3034 27
0 3035 26
0 3036 26
0 3037 26
0 3038 27
0 3039 27
0 3040 27
0 3041 27
0 3042 25
0 3043 26
0 3044 26
0 3045 26
0 3046 27
0 3047 27
0 3048 26
0 3049 26
0 3050 27
0 3051 27
0 3052 27
0 3053 27
0 3054 26
0 3055 26
0 3056 26
0 3057 27
0 3058 26
0 3059 27
0 3060 27
0 3061 27
0 3062 27
0 3063 27
0 3064 27
0 3065 26
0 3066 27
0 3067 26
0 3068 27
0 3069 27
0 3070 27
0 3071 27
0 3072 27
0 3073 27
0 3074 27
0 3075 27
0 3076 27
0 3077 27
0 3078 27
0 3079 28
0 3080 27
0 3081 27
0 3082 27
0 3083 27
0 3084 26
0 3085 27
0 3086 26
0 3087 26
0 3088 27
0 3089 27
0 3090 27
0 3091 27
0 3092 27
0 3093 27
0 3094 27
0 3095 27
0 3096 27
0 3097 27
0 3098 27
0 3099 27
0 3100 27
0 3101 27
0 3102 27
0 3103 26
0 3104 26
0 3105 26
0 3106 27
0 3107 27
0 3108 26
0 3109 27
0 3110 27
0 3111 27
0 3112 27
0 3113 27
0 3114 26
0 3115 27
0 3116 26
0 3117 26
0 3118 26
0 3119 27
0 3120 27
0 3121 27
0 3122 25
0 3123 26
0 3124 26
0 3125 26
0 3126 26
0 3127 26
0 3128 26
0 3129 27
0 3130 27
0 3131 26
0 3132 26
0 3133 27
0 3134 27
0 3135 26
0 3136 26
0 3137 26
0 3138 26
0 3139 27
0 3140 27
0 3141 26
0 3142 26
0 3143 26
0 3144 26
0 3145 26
0 3146 26
0 3147 27
0 3148 27
0 3149 26
0 3150 27
0 3151 27
0 3152 27
0 3153 27
0 3154 26
0 3155 26
0 3156 27
0 3157 27
0 3158 26
0 3159 27
0 3160 27
0 3161 26
0 3162 27
0 3163 26
0 3164 27
0 3165 27
0 3166 26
0 3167 26
0 3168 27
0 3169 27
0 3170 27
0 3171 27
0 3172 27
0 3173 27
0 3174 27
0 3175 27
0 3176 26
0 3177 27
0 3178 27
0 3179 28
0 3180 27
0 3181 27
0 3182 27
0 3183 27
0 3184 26
0 3185 26
0 3186 27
0 3187 26
0 3188 26
0 3189 27
0 3190 27
0 3191 27
0 3192 27
0 3193 27
0 3194 27
0 3195 26
0 3196 27
0 3197 27
0 3198 26
0 3199 27
0 3200 27
0 3201 27
0 3202 27
0 3203 27
0 3204 27
0 3205 26
0 3206 27
0 3207 27
0 3208 26
0 3209 26
0 3210 27
0 3211 27
0 3212 27
0 3213 27
0 3214 26
0 3215 27
0 3216 26
0 3217 26
0 3218 26
0 3219 27
0 3220 27
0 3221 27
0 3222 26
0 3223 26
0 3224 26
0 3225 26
0 3226 26
0 3227 26
0 3228 27
0 3229 27
0 3230 26
0 3231 26
0 3232 27
0 3233 27
0 3234 27
0 3235 27
0 3236 26
0 3237 26
0 3238 26
0 3239 26
0 3240 27
0 3241 27
0 3242 26
0 3243 26
0 3244 26
0 3245 26
0 3246 27
0 3247 27
0 3248 26
0 3249 26
0 3250 27
0 3251 27
0 3252 27
0 3253 27
0 3254 27
0 3255 26
0 3256 27
0 3257 27
0 3258 27
0 3259 28
0 3260 27
0 3261 27
0 3262 27
0 3263 27
0 3264 26
0 3265 27
0 3266 26
0 3267 27
0 3268 27
0 3269 27
0 3270 27
0 3271 27
0 3272 27
0 3273 27
0 3274 27
0 3275 27
0 3276 26
0 3277 27
0 3278 27
0 3279 28
0 3280 27
0 3281 27
0 3282 27
0 3283 27
0 3284 26
0 3285 27
0 3286 26
0 3287 26
0 3288 26
0 3289 27
0 3290 27
0 3291 27
0 3292 27
0 3293 27
0 3294 27
0 3295 26
0 3296 27
0 3297 27
0 3298 27
0 3299 28
0 3300 27
0 3301 27
0 3302 27
0 3303 26
0 3304 26
0 3305 26
0 3306 26
0 3307 27
0 3308 27
0 3309 26
0 3310 27
0 3311 27
0 3312 27
0 3313 26
0 3314 26
0 3315 27
0 3316 26
0 3317 26
0 3318 27
0 3319 27
0 3320 27
0 3321 27
0 3322 26
0 3323 26
0 3324 26
0 3325 26
0 3326 26
0 3327 26
0 3328 26
0 3329 27
0 3330 26
0 3331 26
0 3332 27
0 3333 27
0 3334 26
0 3335 26
0 3336 26
0 3337 26
0 3338 27
0 3339 27
0 3340 27
0 3341 27
0 3342 26
0 3343 26
0 3344 26
0 3345 26
0 3346 27
0 3347 27
0 3348 26
0 3349 26
0 3350 27
0 3351 27
0 3352 27
0 3353 26
0 3354 26
0 3355 26
0 3356 26
0 3357 27
0 3358 26
0 3359 27
0 3360 27
0 3361 26
0 3362 27
0 3363 27
0 3364 26
0 3365 27
0 3366 27
0 3367 26
0 3368 26
0 3369 27
0 3370 27
0 3371 27
0 3372 27
0 3373 27
0 3374 27
0 3375 27
0 3376 26
0 3377 27
0 3378 27
0 3379 28
0 3380 27
0 3381 27
0 3382 27
0 3383 27
0 3384 27
0 3385 26
0 3386 27
0 3387 26
0 3388 26
0 3389 27
0 3390 27
0 3391 27
0 3392 27
0 3393 27
0 3394 27
0 3395 26
0 3396 27
0 3397 27
0 3398 26
0 3399 27
0 3400 27
0 3401 26
0 3402 26
0 3403 26
0 3404 26
0 3405 26
0 3406 26
0 3407 26
0 3408 27
0 3409 26
0 3410 26
0 3411 26
0 3412 26
0 3413 27
0 3414 27
0 3415 26
0 3416 26
0 3417 27
0 3418 27
0 3419 26
0 3420 27
0 3421 27
0 3422 27
0 3423 26
0 3424 26
0 3425 26
0 3426 26
0 3427 26
0 3428 27
0 3429 27
0 3430 26
0 3431 26
0 3432 26
0 3433 27
0 3434 27
0 3435 27
0 3436 26
0 3437 27
0 3438 26
0 3439 27
0 3440 27
0 3441 26
0 3442 27
0 3443 26
0 3444 27
0 3445 26
0 3446 27
0 3447 27
0 3448 26
0 3449 27
0 3450 27
0 3451 27
0 3452 27
0 3453 27
0 3454 27
0 3455 26
0 3456 27
0 3457 27
0 3458 26
0 3459 28
0 3460 27
0 3461 27
0 3462 27
0 3463 27
0 3464 27
0 3465 27
0 3466 27
0 3467 26
0 3468 27
0 3469 27
0 3470 27
0 3471 27
0 3472 27
0 3473 27
0 3474 27
0 3475 27
0 3476 26
0 3477 27
0 3478 27
0 3479 28
0 3480 27
0 3481 27
0 3482 27
0 3483 27
0 3484 27
0 3485 26
0 3486 27
0 3487 26
0 3488 26
0 3489 27
0 3490 27
0 3491 27
0 3492 27
0 3493 27
0 3494 27
0 3495 26
0 3496 27
0 3497 27
0 3498 26
0 3499 27
0 3500 27
0 3501 26
0 3502 26
0 3503 26
0 3504 26
0 3505 26
0 3506 26
0 3507 27
0 3508 27
0 3509 26
0 3510 26
0 3511 26
0 3512 26
0 3513 27
0 3514 27
0 3515 26
0 3516 26
0 3517 26
0 3518 27
0 3519 27
0 3520 27
0 3521 27
0 3522 25
0 3523 26
0 3524 26
0 3525 26
0 3526 26
0 3527 26
0 3528 26
0 3529 27
0 3530 26
0 3531 26
0 3532 26
0 3533 27
0 3534 27
0 3535 26
0 3536 26
0 3537 26
0 3538 26
0 3539 27
0 3540 27
0 3541 26
0 3542 26
0 3543 27
0 3544 27
0 3545 26
0 3546 27
0 3547 26
0 3548 26
0 3549 27
0 3550 27
0 3551 27
0 3552 27
0 3553 27
0 3554 27
0 3555 27
0 3556 26
0 3557 27
0 3558 27
0 3559 28
0 3560 27
0 3561 27
0 3562 27
0 3563 26
0 3564 26
0 3565 27
0 3566 26
0 3567 26
0 3568 27
0 3569 27
0 3570 27
0 3571 27
0 3572 27
0 3573 27
0 3574 27
0 3575 27
0 3576 26
0 3577 27
0 3578 27
0 3579 28
0 3580 27
0 3581 27
0 3582 27
0 3583 27
0 3584 26
0 3585 27
0 3586 26
0 3587 26
0 3588 27
0 3589 27
0 3590 27
0 3591 27
0 3592 27
0 3593 27
0 3594 27
0 3595 27
0 3596 27
0 3597 27
0 3598 27
0 3599 27
0 3600 27
0 3601 26
0 3602 27
0 3603 26
0 3604 26
0 3605 26
0 3606 26
0 3607 26
0 3608 27
0 3609 27
0 3610 26
0 3611 26
0 3612 26
0 3613 27
0 3614 27
0 3615 26
0 3616 26
0 3617 26
0 3618 27
0 3619 27
0 3620 27
0 3621 27
0 3622 26
0 3623 26
0 3624 26
0 3625 26
0 3626 26
0 3627 26
0 3628 27
0 3629 26
0 3630 26
0 3631 26
0 3632 26
0 3633 26
0 3634 26
0 3635 27
0 3636 26
0 3637 26
0 3638 26
0 3639 27
0 3640 27
0 3641 27
0 3642 26
0 3643 26
0 3644 27
0 3645 26
0 3646 27
0 3647 27
0 3648 26
0 3649 26
0 3650 27
0 3651 27
0 3652 27
0 3653 27
0 3654 27
0 3655 26
0 3656 27
0 3657 27
0 3658 27
0 3659 28
0 3660 27
0 3661 27
0 3662 27
0 3663 27
0 3664 26
0 3665 27
0 3666 26
0 3667 26
0 3668 27
0 3669 27
0 3670 27
0 3671 27
0 3672 27
0 3673 27
0 3674 27
0 3675 26
0 3676 26
0 3677 27
0 3678 27
0 3679 28
0 3680 27
0 3681 27
0 3682 27
0 3683 27
0 3684 26
0 3685 26
0 3686 27
0 3687 26
0 3688 26
0 3689 27
0 3690 27
0 3691 27
0 3692 27
0 3693 27
0 3694 26
0 3695 27
0 3696 26
0 3697 26
0 3698 26
0 3699 27
0 3700 27
0 3701 27
0 3702 26
0 3703 26
0 3704 26
0 3705 26
0 3706 26
0 3707 27
0 3708 27
0 3709 26
0 3710 26
0 3711 26
0 3712 26
0 3713 26
0 3714 27
0 3715 27
0 3716 27
0 3717 27
0 3718 27
0 3719 27
0 3720 27
0 3721 27
0 3722 26
0 3723 26
0 3724 26
0 3725 26
0 3726 26
0 3727 26
0 3728 27
0 3729 27
0 3730 26
0 3731 27
0 3732 27
0 3733 27
0 3734 26
0 3735 27
0 3736 26
0 3737 26
0 3738 26
0 3739 27
0 3740 27
0 3741 27
0 3742 27
0 3743 26
0 3744 26
0 3745 26
0 3746 27
0 3747 26
0 3748 27
0 3749 27
0 3750 27
0 3751 27
0 3752 27
0 3753 27
0 3754 27
0 3755 27
0 3756 26
0 3757 27
0 3758 27
0 3759 28
0 3760 27
0 3761 27
0 3762 27
0 3763 26
0 3764 26
0 3765 26
0 3766 26
0 3767 26
0 3768 27
0 3769 27
0 3770 27
0 3771 27
0 3772 27
0 3773 27
0 3774 27
0 3775 27
0 3776 27
0 3777 27
0 3778 27
0 3779 28
0 3780 27
0 3781 27
0 3782 27
0 3783 27
0 3784 27
0 3785 26
0 3786 27
0 3787 26
0 3788 26
0 3789 27
0 3790 27
0 3791 27
0 3792 27
0 3793 27
0 3794 26
0 3795 27
0 3796 27
0 3797 27
0 3798 26
0 3799 27
0 3800 27
0 3801 27
0 3802 25
0 3803 26
0 3804 26
0 3805 26
0 3806 26
0 3807 26
0 3808 27
0 3809 27
0 3810 26
0 3811 26
0 3812 26
0 3813 26
0 3814 27
0 3815 26
0 3816 26
0 3817 27
0 3818 27
0 3819 26
0 3820 27
0 3821 27
0 3822 26
0 3823 26
0 3824 26
0 3825 26
0 3826 26
0 3827 26
0 3828 27
0 3829 26
0 3830 26
0 3831 27
0 3832 27
0 3833 26
0 3834 26
0 3835 27
0 3836 27
0 3837 27
0 3838 26
0 3839 27
0 3840 27
0 3841 26
0 3842 27
0 3843 27
0 3844 26
0 3845 26
0 3846 26
0 3847 27
0 3848 27
0 3849 27
0 3850 27
0 3851 27
0 3852 27
0 3853 27
0 3854 27
0 3855 27
0 3856 26
0 3857 27
0 3858 27
0 3859 28
0 3860 27
0 3861 27
0 3862 27
0 3863 27
0 3864 26
0 3865 27
0 3866 26
0 3867 26
0 3868 27
0 3869 27
0 3870 27
0 3871 27
0 3872 27
0 3873 27
0 3874 27
0 3875 27
0 3876 26
0 3877 27
0 3878 27
0 3879 28
0 3880 27
0 3881 27
0 3882 27
0 3883 27
0 3884 27
0 3885 26
0 3886 27
0 3887 26
0 3888 26
0 3889 27
0 3890 27
0 3891 27
0 3892 27
0 3893 27
0 3894 26
0 3895 27
0 3896 26
0 3897 27
0 3898 26
0 3899 27
0 3900 27
0 3901 26
0 3902 26
0 3903 26
0 3904 26
0 3905 26
0 3906 26
0 3907 27
0 3908 26
0 3909 26
0 3910 26
0 3911 27
0 3912 26
0 3913 27
0 3914 27
0 3915 26
0 3916 26
0 3917 26
0 3918 26
0 3919 27
0 3920 27
0 3921 27
0 3922 26
0 3923 26
0 3924 26
0 3925 26
0 3926 26
0 3927 26
0 3928 27
0 3929 27
0 3930 26
0 3931 27
0 3932 27
0 3933 27
0 3934 26
0 3935 26
0 3936 27
0 3937 27
0 3938 27
0 3939 28
0 3940 27
0 3941 27
0 3942 27
0 3943 26
0 3944 27
0 3945 26
0 3946 27
0 3947 26
0 3948 27
0 3949 27
0 3950 27
0 3951 27
0 3952 27
0 3953 27
0 3954 27
0 3955 27
0 3956 26
0 3957 27
0 3958 27
0 3959 28
0 3960 27
0 3961 27
0 3962 27
0 3963 27
0 3964 26
0 3965 26
0 3966 27
0 3967 26
0 3968 26
0 3969 27
0 3970 27
0 3971 27
0 3972 27
0 3973 27
0 3974 27
0 3975 27
0 3976 26
0 3977 27
0 3978 27
0 3979 28
0 3980 27
0 3981 27
0 3982 27
0 3983 27
0 3984 27
0 3985 26
0 3986 27
0 3987 26
0 3988 26
0 3989 27
0 3990 27
0 3991 27
0 3992 27
0 3993 27
0 3994 26
0 3995 27
0 3996 26
0 3997 26
0 3998 26
0 3999 26
0 4000 27
0 4001 27
0 4002 26
0 4003 26
0 4004 26
0 4005 26
0 4006 26
0 4007 26
0 4008 26
0 4009 27
0 4010 27
0 4011 26
0 4012 26
0 4013 27
0 4014 27
0 4015 26
0 4016 26
0 4017 26
0 4018 27
0 4019 27
0 4020 27
0 4021 27
0 4022 26
0 4023 26
0 4024 26
0 4025 26
0 4026 26
0 4027 26
0 4028 27
0 4029 26
0 4030 27
0 4031 27
0 4032 27
0 4033 27
0 4034 26
0 4035 26
0 4036 26
0 4037 27
0 4038 27
0 4039 28
0 4040 27
0 4041 26
0 4042 27
0 4043 27
0 4044 26
0 4045 27
0 4046 26
0 4047 26
0 4048 27
0 4049 27
0 4050 27
0 4051 27
0 4052 27
0 4053 27
0 4054 27
0 4055 27
0 4056 26
0 4057 27
0 4058 27
0 4059 28
0 4060 27
0 4061 27
0 4062 27
0 4063 27
0 4064 27
0 4065 27
0 4066 26
0 4067 26
0 4068 27
0 4069 27
0 4070 27
0 4071 27
0 4072 27
0 4073 27
0 4074 27
0 4075 26
0 4076 26
0 4077 27
0 4078 27
0 4079 28
0 4080 27
0 4081 26
0 4082 27
0 4083 27
0 4084 27
0 4085 26
0 4086 27
0 4087 27
0 4088 26
0 4089 26
0 4090 27
0 4091 27
0 4092 27
0 4093 27
0 4094 26
0 4095 27
0 4096 26
0 4097 26
0 4098 26
0 4099 27
0 4100 27
0 4101 27
0 4102 26
0 4103 26
0 4104 26
0 4105 26
0 4106 26
0 4107 26
0 4108 27
0 4109 27
0 4110 26
0 4111 26
0 4112 26
0 4113 26
0 4114 26
0 4115 27
0 4116 26
0 4117 27
0 4118 26
0 4119 27
0 4120 27
0 4121 27
0 4122 25
0 4123 26
0 4124 26
0 4125 26
0 4126 26
0 4127 26
0 4128 27
0 4129 26
0 4130 27
0 4131 27
0 4132 27
0 4133 27
0 4134 26
0 4135 26
0 4136 26
0 4137 27
0 4138 27
0 4139 28
0 4140 27
0 4141 27
0 4142 27
0 4143 27
0 4144 26
0 4145 26
0 4146 26
0 4147 26
0 4148 27
0 4149 27
0 4150 27
0 4151 27
0 4152 27
0 4153 27
0 4154 27
0 4155 26
0 4156 26
0 4157 27
0 4158 27
0 4159 28
0 4160 27
0 4161 27
0 4162 27
0 4163 27
0 4164 26
0 4165 26
0 4166 26
0 4167 26
0 4168 26
0 4169 27
0 4170 27
0 4171 27
0 4172 27
0 4173 27
0 4174 27
0 4175 27
0 4176 26
0 4177 27
0 4178 27
0 4179 27
0 4180 27
0 4181 27
0 4182 27
0 4183 26
0 4184 26
0 4185 26
0 4186 27
0 4187 27
0 4188 26
0 4189 27
0 4190 27
0 4191 27
0 4192 27
0 4193 27
0 4194 26
0 4195 27
0 4196 27
0 4197 27
0 4198 26
0 4199 27
0 4200 27
0 4201 27
0 4202 26
0 4203 26
0 4204 26
0 4205 26
0 4206 26
0 4207 26
0 4208 27
0 4209 27
0 4210 26
0 4211 26
0 4212 27
0 4213 26
0 4214 26
0 4215 27
0 4216 26
0 4217 26
0 4218 26
0 4219 27
0 4220 27
0 4221 26
0 4222 26
0 4223 26
0 4224 26
0 4225 26
0 4226 27
0 4227 26
0 4228 27
0 4229 27
0 4230 27
0 4231 27
0 4232 27
0 4233 27
0 4234 27
0 4235 27
0 4236 26
0 4237 27
0 4238 27
0 4239 28
0 4240 27
0 4241 27
0 4242 27
0 4243 26
0 4244 26
0 4245 26
0 4246 26
0 4247 26
0 4248 27
0 4249 27
0 4250 27
0 4251 27
0 4252 27
0 4253 27
0 4254 27
0 4255 27
0 4256 26
0 4257 27
0 4258 27
0 4259 28
0 4260 27
0 4261 27
0 4262 27
0 4263 27
0 4264 26
0 4265 26
0 4266 26
0 4267 26
0 4268 27
0 4269 27
0 4270 27
0 4271 27
0 4272 27
0 4273 27
0 4274 27
0 4275 27
0 4276 26
0 4277 27
0 4278 27
0 4279 27
0 4280 27
0 4281 26
0 4282 27
0 4283 26
0 4284 26
0 4285 26
0 4286 27
0 4287 27
0 4288 27
0 4289 26
0 4290 27
0 4291 27
0 4292 27
0 4293 27
0 4294 26
0 4295 27
0 4296 26
0 4297 26
0 4298 26
0 4299 27
0 4300 27
0 4301 26
0 4302 26
0 4303 26
0 4304 26
0 4305 26
0 4306 26
0 4307 26
0 4308 27
0 4309 26
0 4310 26
0 4311 27
0 4312 26
0 4313 26
0 4314 27
0 4315 27
0 4316 26
0 4317 26
0 4318 26
0 4319 27
0 4320 27
0 4321 27
0 4322 26
0 4323 26
0 4324 27
0 4325 26
0 4326 27
0 4327 27
0 4328 26
0 4329 27
0 4330 27
0 4331 27
0 4332 27
0 4333 27
0 4334 27
0 4335 26
0 4336 27
0 4337 27
0 4338 27
0 4339 28
0 4340 27
0 4341 27
0 4342 27
0 4343 27
0 4344 26
0 4345 27
0 4346 26
0 4347 26
0 4348 27
0 4349 27
0 4350 27
0 4351 27
0 4352 27
0 4353 27
0 4354 27
0 4355 27
0 4356 27
0 4357 27
0 4358 27
0 4359 28
0 4360 27
0 4361 27
0 4362 27
0 4363 28
0 4364 26
0 4365 26
0 4366 26
0 4367 26
0 4368 27
0 4369 27
0 4370 27
0 4371 27
0 4372 27
0 4373 27
0 4374 27
0 4375 26
0 4376 27
0 4377 27
0 4378 27
0 4379 27
0 4380 27
0 4381 27
0 4382 27
0 4383 26
0 4384 26
0 4385 26
0 4386 26
0 4387 27
0 4388 26
0 4389 26
0 4390 27
0 4391 27
0 4392 27
0 4393 26
0 4394 27
0 4395 26
0 4396 26
0 4397 26
0 4398 27
0 4399 27
0 4400 27
0 4401 27
0 4402 26
0 4403 26
0 4404 26
0 4405 26
0 4406 26
0 4407 26
0 4408 27
0 4409 27
0 4410 26
0 4411 26
0 4412 27
0 4413 26
0 4414 26
0 4415 26
0 4416 26
0 4417 26
0 4418 26
0 4419 27
0 4420 27
0 4421 26
0 4422 27
0 4423 26
0 4424 26
0 4425 26
0 4426 27
0 4427 27
0 4428 26
0 4429 27
0 4430 27
0 4431 27
0 4432 27
0 4433 27
0 4434 27
0 4435 26
0 4436 26
0 4437 27
0 4438 27
0 4439 28
0 4440 27
0 4441 27
0 4442 27
0 4443 27
0 4444 26
0 4445 27
0 4446 26
0 4447 26
0 4448 27
0 4449 27
0 4450 27
0 4451 27
0 4452 27
0 4453 27
0 4454 27
0 4455 27
0 4456 26
0 4457 27
0 4458 27
0 4459 28
0 4460 27
0 4461 27
0 4462 27
0 4463 27
0 4464 27
0 4465 26
0 4466 26
0 4467 26
0 4468 27
0 4469 27
0 4470 27
0 4471 27
0 4472 27
0 4473 27
0 4474 26
0 4475 26
0 4476 27
0 4477 27
0 4478 26
0 4479 27
0 4480 27
0 4481 26
0 4482 27
0 4483 26
0 4484 27
0 4485 26
0 4486 27
0 4487 27
0 4488 26
0 4489 26
0 4490 26
0 4491 27
0 4492 27
0 4493 26
0 4494 27
0 4495 27
0 4496 26
0 4497 27
0 4498 26
0 4499 27
0 4500 27
0 4501 27
0 4502 26
0 4503 26
0 4504 26
0 4505 26
0 4506 26
0 4507 26
0 4508 27
0 4509 27
0 4510 26
0 4511 26
0 4512 26
0 4513 26
0 4514 26
0 4515 27
0 4516 27
0 4517 27
0 4518 26
0 4519 27
0 4520 27
0 4521 27
0 4522 27
0 4523 26
0 4524 26
0 4525 26
0 4526 27
0 4527 27
0 4528 26
0 4529 26
0 4530 27
0 4531 27
0 4532 27
0 4533 27
0 4534 27
0 4535 27
0 4536 26
0 4537 27
0 4538 27
0 4539 28
0 4540 27
0 4541 27
0 4542 27
0 4543 26
0 4544 26
0 4545 27
0 4546 26
0 4547 26
0 4548 27
0 4549 27
0 4550 27
0 4551 27
0 4552 27
0 4553 27
0 4554 27
0 4555 27
0 4556 26
0 4557 27
0 4558 27
0 4559 28
0 4560 27
0 4561 27
0 4562 27
0 4563 27
0 4564 26
0 4565 27
0 4566 27
0 4567 26
0 4568 26
0 4569 27
0 4570 27
0 4571 27
0 4572 27
0 4573 27
0 4574 26
0 4575 26
0 4576 27
0 4577 27
0 4578 26
0 4579 28
0 4580 27
0 4581 27
0 4582 27
0 4583 26
0 4584 26
0 4585 26
0 4586 26
0 4587 27
0 4588 26
0 4589 26
0 4590 26
0 4591 26
0 4592 26
0 4593 27
0 4594 27
0 4595 26
0 4596 26
0 4597 26
0 4598 27
0 4599 27
0 4600 27
0 4601 27
0 4602 25
0 4603 26
0 4604 26
0 4605 26
0 4606 26
0 4607 26
0 4608 27
0 4609 26
0 4610 26
0 4611 27
0 4612 27
0 4613 27
0 4614 26
0 4615 27
0 4616 26
0 4617 26
0 4618 26
0 4619 27
0 4620 27
0 4621 26
0 4622 27
0 4623 26
0 4624 27
0 4625 26
0 4626 27
0 4627 26
0 4628 26
0 4629 27
0 4630 27
0 4631 27
0 4632 27
0 4633 27
0 4634 26
0 4635 26
0 4636 27
0 4637 27
0 4638 27
0 4639 28
0 4640 27
0 4641 27
0 4642 27
0 4643 27
0 4644 26
0 4645 26
0 4646 26
0 4647 26
0 4648 27
0 4649 27
0 4650 27
0 4651 27
0 4652 27
0 4653 27
0 4654 27
0 4655 26
0 4656 27
0 4657 27
0 4658 27
0 4659 28
0 4660 27
0 4661 27
0 4662 27
0 4663 27
0 4664 27
0 4665 26
0 4666 26
0 4667 26
0 4668 27
0 4669 27
0 4670 27
0 4671 27
0 4672 27
0 4673 27
0 4674 27
0 4675 26
0 4676 26
0 4677 27
0 4678 27
0 4679 27
0 4680 27
0 4681 27
0 4682 26
0 4683 26
0 4684 26
0 4685 26
0 4686 26
0 4687 26
0 4688 27
0 4689 27
0 4690 26
0 4691 27
0 4692 27
0 4693 27
0 4694 27
0 4695 26
0 4696 26
0 4697 26
0 4698 27
0 4699 27
0 4700 27
0 4701 27
0 4702 26
0 4703 26
0 4704 26
0 4705 26
0 4706 26
0 4707 26
0 4708 27
0 4709 26
0 4710 26
0 4711 26
0 4712 27
0 4713 27
0 4714 27
0 4715 27
0 4716 26
0 4717 26
0 4718 26
0 4719 27
0 4720 27
0 4721 27
0 4722 27
0 4723 26
0 4724 27
0 4725 26
0 4726 27
0 4727 26
0 4728 26
0 4729 27
0 4730 27
0 4731 27
0 4732 27
0 4733 27
0 4734 27
0 4735 27
0 4736 26
0 4737 27
0 4738 27
0 4739 28
0 4740 27
0 4741 27
0 4742 27
0 4743 27
0 4744 26
0 4745 27
0 4746 26
0 4747 26
0 4748 27
0 4749 27
0 4750 27
0 4751 27
0 4752 27
0 4753 27
0 4754 27
0 4755 27
0 4756 26
0 4757 27
0 4758 27
0 4759 28
0 4760 27
0 4761 27
0 4762 27
0 4763 27
0 4764 27
0 4765 26
0 4766 27
0 4767 26
0 4768 26
0 4769 27
0 4770 27
0 4771 27
0 4772 27
0 4773 27
0 4774 27
0 4775 26
0 4776 26
0 4777 27
0 4778 26
0 4779 27
0 4780 27
0 4781 26
0 4782 26
0 4783 26
0 4784 26
0 4785 26
0 4786 26
0 4787 26
0 4788 27
0 4789 26
0 4790 26
0 4791 26
0 4792 26
0 4793 27
0 4794 27
0 4795 26
0 4796 26
0 4797 26
0 4798 27
0 4799 27
0 4800 27
0 4801 27
0 4802 26
0 4803 26
0 4804 26
0 4805 26
0 4806 26
0 4807 27
0 4808 27
0 4809 26
0 4810 27
0 4811 27
0 4812 27
0 4813 27
0 4814 26
0 4815 26
0 4816 26
0 4817 27
0 4818 27
0 4819 28
0 4820 27
0 4821 27
0 4822 27
0 4823 27
0 4824 27
0 4825 26
0 4826 26
0 4827 26
0 4828 27
0 4829 27
0 4830 27
0 4831 27
0 4832 27
0 4833 27
0 4834 27
0 4835 27
0 4836 26
0 4837 27
0 4838 27
0 4839 28
0 4840 27
0 4841 27
0 4842 27
0 4843 27
0 4844 26
0 4845 27
0 4846 26
0 4847 26
0 4848 27
0 4849 27
0 4850 27
0 4851 27
0 4852 27
0 4853 27
0 4854 27
0 4855 27
0 4856 27
0 4857 27
0 4858 27
0 4859 28
0 4860 27
0 4861 27
0 4862 27
0 4863 26
0 4864 26
0 4865 26
0 4866 27
0 4867 26
0 4868 26
0 4869 27
0 4870 27
0 4871 27
0 4872 27
0 4873 27
0 4874 26
0 4875 27
0 4876 26
0 4877 27
0 4878 26
0 4879 27
0 4880 27
0 4881 27
0 4882 26
0 4883 26
0 4884 26
0 4885 26
0 4886 26
0 4887 26
0 4888 27
0 4889 27
0 4890 26
0 4891 26
0 4892 26
0 4893 27
0 4894 27
0 4895 26
0 4896 26
0 4897 27
0 4898 26
0 4899 27
0 4900 27
0 4901 27
0 4902 26
0 4903 26
0 4904 26
0 4905 26
0 4906 26
0 4907 27
0 4908 27
0 4909 26
0 4910 26
0 4911 27
0 4912 27
0 4913 26
0 4914 26
0 4915 26
0 4916 27
0 4917 27
0 4918 27
0 4919 27
0 4920 27
0 4921 27
0 4922 27
0 4923 27
0 4924 26
0 4925 26
0 4926 27
0 4927 26
0 4928 26
0 4929 27
0 4930 27
0 4931 27
0 4932 27
0 4933 27
0 4934 27
0 4935 26
0 4936 26
0 4937 27
0 4938 27
0 4939 28
0 4940 27
0 4941 27
0 4942 27
0 4943 26
0 4944 26
0 4945 26
0 4946 26
0 4947 26
0 4948 27
0 4949 27
0 4950 27
0 4951 27
0 4952 27
0 4953 27
0 4954 27
0 4955 26
0 4956 26
0 4957 27
0 4958 27
0 4959 28
0 4960 27
0 4961 27
0 4962 27
0 4963 27
0 4964 27
0 4965 26
0 4966 27
0 4967 27
0 4968 26
0 4969 26
0 4970 27
0 4971 27
0 4972 27
0 4973 27
0 4974 26
0 4975 27
0 4976 26
0 4977 27
0 4978 26
0 4979 27
0 4980 27
0 4981 26
0 4982 26
0 4983 26
0 4984 26
0 4985 26
0 4986 26
0 4987 26
0 4988 27
0 4989 27
0 4990 26
0 4991 27
0 4992 26
0 4993 27
0 4994 27
0 4995 27
0 4996 26
0 4997 26
0 4998 26
0 4999 27
0 5000 27
0 5001 27
0 5002 27
0 5003 27
0 5004 27
0 5005 28
0 5006 28
0 5007 30
0 5008 28
0 5009 27
0 5010 28
0 5011 27
0 5012 28
0 5013 30
0 5014 28
0 5015 27
0 5016 27
0 5017 28
0 5018 28
0 5019 27
0 5020 27
0 5021 28
0 5022 29
0 5023 27
0 5024 28
0 5025 28
0 5026 28
0 5027 28
0 5028 29
0 5029 28
0 5030 28
0 5031 28
0 5032 29
0 5033 28
0 5034 28
0 5035 28
0 5036 28
0 5037 27
0 5038 27
0 5039 27
0 5040 27
0 5041 28
0 5042 29
0 5043 28
0 5044 28
0 5045 28
0 5046 28
0 5047 28
0 5048 28
0 5049 28
0 5050 28
0 5051 28
0 5052 28
0 5053 28
0 5054 28
0 5055 28
0 5056 28
0 5057 28
0 5058 28
0 5059 27
0 5060 28
0 5061 28
0 5062 28
0 5063 28
0 5064 28
0 5065 28
0 5066 28
0 5067 28
0 5068 29
0 5069 28
0 5070 28
0 5071 28
0 5072 28
0 5073 28
0 5074 28
0 5075 28
0 5076 28
0 5077 28
0 5078 28
0 5079 28
0 5080 29
0 5081 28
0 5082 28
0 5083 28
0 5084 27
0 5085 28
0 5086 27
0 5087 27
0 5088 28
0 5089 28
0 5090 28
0 5091 28
0 5092 29
0 5093 28
0 5094 28
0 5095 28
0 5096 28
0 5097 28
0 5098 28
0 5099 28
0 5100 28
0 5101 29
0 5102 28
0 5103 28
0 5104 28
0 5105 28
0 5106 28
0 5107 28
0 5108 29
0 5109 28
0 5110 28
0 5111 28
0 5112 28
0 5113 29
0 5114 28
0 5115 28
0 5116 29
0 5117 28
0 5118 28
0 5119 27
0 5120 28
0 5121 28
0 5122 28
0 5123 28
0 5124 28
0 5125 28
0 5126 28
0 5127 28
0 5128 28
0 5129 28
0 5130 28
0 5131 27
0 5132 27
0 5133 28
0 5134 28
0 5135 28
0 5136 29
0 5137 27
0 5138 28
0 5139 27
0 5140 27
0 5141 28
0 5142 28
0 5143 28
0 5144 29
0 5145 29
0 5146 28
0 5147 28
0 5148 28
0 5149 28
0 5150 27
0 5151 27
0 5152 27
0 5153 28
0 5154 28
0 5155 28
0 5156 28
0 5157 27
0 5158 28
0 5159 27
0 5160 27
0 5161 28
0 5162 29
0 5163 28
0 5164 29
0 5165 29
0 5166 28
0 5167 28
0 5168 28
0 5169 28
0 5170 27
0 5171 28
0 5172 28
0 5173 28
0 5174 28
0 5175 28
0 5176 28
0 5177 28
0 5178 28
0 5179 27
0 5180 27
0 5181 28
0 5182 29
0 5183 28
0 5184 28
0 5185 28
0 5186 28
0 5187 28
0 5188 28
0 5189 28
0 5190 28
0 5191 28
0 5192 28
0 5193 28
0 5194 28
0 5195 28
0 5196 29
0 5197 27
0 5198 28
0 5199 27
0 5200 27
0 5201 28
0 5202 29
0 5203 28
0 5204 29
0 5205 28
0 5206 28
0 5207 28
0 5208 28
0 5209 28
0 5210 27
0 5211 27
0 5212 27
0 5213 27
0 5214 27
0 5215 27
0 5216 28
0 5217 27
0 5218 27
0 5219 27
0 5220 27
0 5221 27
0 5222 27
0 5223 28
0 5224 28
0 5225 28
0 5226 27
0 5227 27
0 5228 27
0 5229 27
0 5230 27
0 5231 27
0 5232 27
0 5233 27
0 5234 27
0 5235 27
0 5236 27
0 5237 27
0 5238 27
0 5239 27
0 5240 27
0 5241 27
0 5242 27
0 5243 28
0 5244 27
0 5245 27
0 5246 27
0 5247 27
0 5248 27
0 5249 27
0 5250 27
0 5251 27
0 5252 27
0 5253 27
0 5254 27
0 5255 27
0 5256 27
0 5257 27
0 5258 27
0 5259 27
0 5260 27
0 5261 27
0 5262 27
0 5263 28
0 5264 28
0 5265 28
0 5266 27
0 5267 27
0 5268 27
0 5269 27
0 5270 27
0 5271 27
0 5272 27
0 5273 27
0 5274 27
0 5275 28
0 5276 28
0 5277 27
0 5278 27
0 5279 27
0 5280 27
0 5281 28
0 5282 27
0 5283 28
0 5284 28
0 5285 28
0 5286 28
0 5287 28
0 5288 28
0 5289 27
0 5290 27
0 5291 27
0 5292 27
0 5293 27
0 5294 27
0 5295 27
0 5296 28
0 5297 27
0 5298 27
0 5299 27
0 5300 27
0 5301 27
0 5302 27
0 5303 28
0 5304 28
0 5305 28
0 5306 28
0 5307 27
0 5308 27
0 5309 27
0 5310 27
0 5311 27
0 5312 27
0 5313 27
0 5314 27
0 5315 27
0 5316 27
0 5317 27
0 5318 27
0 5319 27
0 5320 28
0 5321 27
0 5322 27
0 5323 27
0 5324 27
0 5325 27
0 5326 27
0 5327 27
0 5328 27
0 5329 27
0 5330 27
0 5331 27
0 5332 27
0 5333 27
0 5334 27
0 5335 27
0 5336 27
0 5337 27
0 5338 27
0 5339 28
0 5340 28
0 5341 27
0 5342 27
0 5343 27
0 5344 27
0 5345 27
0 5346 27
0 5347 27
0 5348 27
0 5349 27
0 5350 27
0 5351 27
0 5352 27
0 5353 27
0 5354 27
0 5355 27
0 5356 27
0 5357 27
0 5358 27
0 5359 28
0 5360 28
0 5361 27
0 5362 27
0 5363 27
0 5364 27
0 5365 27
0 5366 27
0 5367 27
0 5368 27
0 5369 27
0 5370 27
0 5371 27
0 5372 27
0 5373 27
0 5374 27
0 5375 27
0 5376 27
0 5377 27
0 5378 27
0 5379 27
0 5380 28
0 5381 27
0 5382 27
0 5383 27
0 5384 27
0 5385 27
0 5386 27
0 5387 27
0 5388 27
0 5389 27
0 5390 27
0 5391 27
0 5392 27
0 5393 27
0 5394 27
0 5395 27
0 5396 27
0 5397 27
0 5398 27
0 5399 27
0 5400 28
0 5401 27
0 5402 27
0 5403 27
0 5404 27
0 5405 27
0 5406 27
0 5407 27
0 5408 27
0 5409 27
0 5410 28
0 5411 28
0 5412 28
0 5413 28
0 5414 27
0 5415 27
0 5416 27
0 5417 28
0 5418 28
0 5419 28
0 5420 28
0 5421 28
0 5422 28
0 5423 27
0 5424 27
0 5425 27
0 5426 27
0 5427 28
0 5428 28
0 5429 28
0 5430 28
0 5431 28
0 5432 28
0 5433 28
0 5434 28
0 5435 28
0 5436 27
0 5437 28
0 5438 28
0 5439 28
0 5440 27
0 5441 28
0 5442 28
0 5443 28
0 5444 27
0 5445 28
0 5446 27
0 5447 28
0 5448 28
0 5449 28
0 5450 28
0 5451 28
0 5452 28
0 5453 28
0 5454 28
0 5455 28
0 5456 27
0 5457 28
0 5458 28
0 5459 28
0 5460 28
0 5461 28
0 5462 28
0 5463 27
0 5464 27
0 5465 27
0 5466 27
0 5467 27
0 5468 27
0 5469 27
0 5470 28
0 5471 28
0 5472 28
0 5473 27
0 5474 27
0 5475 27
0 5476 27
0 5477 28
0 5478 27
0 5479 28
0 5480 28
0 5481 27
0 5482 28
0 5483 27
0 5484 27
0 5485 27
0 5486 27
0 5487 27
0 5488 27
0 5489 27
0 5490 28
0 5491 28
0 5492 28
0 5493 28
0 5494 28
0 5495 28
0 5496 27
0 5497 28
0 5498 28
0 5499 28
0 5500 28
0 5501 28
0 5502 28
0 5503 27
0 5504 27
0 5505 27
0 5506 27
0 5507 28
0 5508 28
0 5509 28
0 5510 28
0 5511 28
0 5512 28
0 5513 28
0 5514 28
0 5515 28
0 5516 28
0 5517 28
0 5518 29
0 5519 29
0 5520 29
0 5521 28
0 5522 28
0 5523 28
0 5524 28
0 5525 28
0 5526 28
0 5527 28
0 5528 28
0 5529 28
0 5530 28
0 5531 28
0 5532 28
0 5533 28
0 5534 28
0 5535 28
0 5536 28
0 5537 27
0 5538 28
0 5539 29
0 5540 29
0 5541 28
0 5542 28
0 5543 28
0 5544 28
0 5545 28
0 5546 28
0 5547 28
0 5548 28
0 5549 28
0 5550 28
0 5551 28
0 5552 28
0 5553 28
0 5554 28
0 5555 28
0 5556 28
0 5557 28
0 5558 28
0 5559 28
0 5560 29
0 5561 28
0 5562 28
0 5563 27
0 5564 27
0 5565 27
0 5566 27
0 5567 27
0 5568 28
0 5569 28
0 5570 28
0 5571 28
0 5572 28
0 5573 28
0 5574 28
0 5575 28
0 5576 27
0 5577 28
0 5578 29
0 5579 28
0 5580 28
0 5581 28
0 5582 28
0 5583 27
0 5584 27
0 5585 27
0 5586 27
0 5587 27
0 5588 28
0 5589 28
0 5590 28
0 5591 28
0 5592 28
0 5593 28
0 5594 28
0 5595 28
0 5596 28
0 5597 28
0 5598 29
0 5599 29
0 5600 29
0 5601 28
0 5602 28
0 5603 28
0 5604 28
0 5605 28
0 5606 28
0 5607 28
0 5608 28
0 5609 28
0 5610 29
0 5611 29
0 5612 28
0 5613 28
0 5614 28
0 5615 28
0 5616 28
0 5617 28
0 5618 28
0 5619 29
0 5620 28
0 5621 28
0 5622 28
0 5623 28
0 5624 28
0 5625 28
0 5626 28
0 5627 28
0 5628 28
0 5629 28
0 5630 29
0 5631 29
0 5632 29
0 5633 28
0 5634 29
0 5635 29
0 5636 28
0 5637 29
0 5638 29
0 5639 30
0 5640 29
0 5641 28
0 5642 28
0 5643 28
0 5644 28
0 5645 28
0 5646 28
0 5647 28
0 5648 28
0 5649 28
0 5650 29
0 5651 29
0 5652 28
0 5653 28
0 5654 28
0 5655 28
0 5656 28
0 5657 28
0 5658 28
0 5659 29
0 5660 29
0 5661 28
0 5662 28
0 5663 28
0 5664 28
0 5665 28
0 5666 28
0 5667 28
0 5668 28
0 5669 28
0 5670 28
0 5671 28
0 5672 28
0 5673 28
0 5674 28
0 5675 28
0 5676 28
0 5677 28
0 5678 29
0 5679 29
0 5680 29
0 5681 28
0 5682 28
0 5683 28
0 5684 28
0 5685 28
0 5686 28
0 5687 28
0 5688 28
0 5689 28
0 5690 28
0 5691 28
0 5692 28
0 5693 28
0 5694 28
0 5695 28
0 5696 28
0 5697 28
0 5698 29
0 5699 29
0 5700 30
0 5701 28
0 5702 28
0 5703 28
0 5704 28
0 5705 28
0 5706 28
0 5707 29
0 5708 29
0 5709 29
0 5710 29
0 5711 30
0 5712 30
0 5713 29
0 5714 29
0 5715 29
0 5716 28
0 5717 29
0 5718 29
0 5719 29
0 5720 28
0 5721 28
0 5722 30
0 5723 28
0 5724 28
0 5725 28
0 5726 28
0 5727 28
0 5728 29
0 5729 29
0 5730 29
0 5731 30
0 5732 30
0 5733 30
0 5734 30
0 5735 28
0 5736 28
0 5737 29
0 5738 30
0 5739 28
0 5740 28
0 5741 28
0 5742 29
0 5743 28
0 5744 28
0 5745 28
0 5746 28
0 5747 29
0 5748 29
0 5749 29
0 5750 29
0 5751 30
0 5752 30
0 5753 28
0 5754 29
0 5755 28
0 5756 28
0 5757 28
0 5758 28
0 5759 30
0 5760 29
0 5761 28
0 5762 28
0 5763 28
0 5764 28
0 5765 28
0 5766 28
0 5767 28
0 5768 28
0 5769 28
0 5770 29
0 5771 29
0 5772 28
0 5773 28
0 5774 28
0 5775 28
0 5776 28
0 5777 28
0 5778 29
0 5779 30
0 5780 30
0 5781 28
0 5782 28
0 5783 28
0 5784 28
0 5785 28
0 5786 28
0 5787 28
0 5788 28
0 5789 29
0 5790 29
0 5791 29
0 5792 28
0 5793 28
0 5794 29
0 5795 29
0 5796 28
0 5797 29
0 5798 28
0 5799 29
0 5800 28
0 5801 29
0 5802 29
0 5803 29
0 5804 28
0 5805 28
0 5806 29
0 5807 29
0 5808 28
0 5809 29
0 5810 28
0 5811 28
0 5812 29
0 5813 29
0 5814 29
0 5815 30
0 5816 28
0 5817 28
0 5818 27
0 5819 28
0 5820 29
0 5821 31
0 5822 29
0 5823 29
0 5824 28
0 5825 28
0 5826 28
0 5827 29
0 5828 28
0 5829 28
0 5830 29
0 5831 29
0 5832 30
0 5833 30
0 5834 29
0 5835 30
0 5836 28
0 5837 29
0 5838 28
0 5839 29
0 5840 29
0 5841 30
0 5842 28
0 5843 29
0 5844 28
0 5845 28
0 5846 29
0 5847 29
0 5848 29
0 5849 29
0 5850 29
0 5851 30
0 5852 29
0 5853 30
0 5854 30
0 5855 29
0 5856 28
0 5857 29
0 5858 29
0 5859 28
0 5860 28
0 5861 29
0 5862 29
0 5863 28
0 5864 28
0 5865 28
0 5866 28
0 5867 28
0 5868 28
0 5869 29
0 5870 28
0 5871 29
0 5872 29
0 5873 28
0 5874 29
0 5875 28
0 5876 28
0 5877 29
0 5878 29
0 5879 29
0 5880 30
0 5881 28
0 5882 29
0 5883 28
0 5884 28
0 5885 28
0 5886 28
0 5887 29
0 5888 29
0 5889 29
0 5890 29
0 5891 28
0 5892 30
0 5893 30
0 5894 30
0 5895 30
0 5896 28
0 5897 29
0 5898 29
0 5899 28
0 5900 29
0 5901 31
0 5902 28
0 5903 30
0 5904 29
0 5905 29
0 5906 29
0 5907 30
0 5908 28
0 5909 29
0 5910 28
0 5911 28
0 5912 29
0 5913 28
0 5914 29
0 5915 29
0 5916 30
0 5917 28
0 5918 28
0 5919 28
0 5920 28
0 5921 31
0 5922 28
0 5923 30
0 5924 29
0 5925 30
0 5926 29
0 5927 30
0 5928 29
0 5929 29
0 5930 28
0 5931 28
0 5932 29
0 5933 28
0 5934 29
0 5935 28
0 5936 30
0 5937 28
0 5938 28
0 5939 28
0 5940 29
0 5941 30
0 5942 29
0 5943 29
0 5944 28
0 5945 28
0 5946 29
0 5947 29
0 5948 30
0 5949 29
0 5950 29
0 5951 29
0 5952 29
0 5953 30
0 5954 29
0 5955 30
0 5956 30
0 5957 29
0 5958 29
0 5959 28
0 5960 28
0 5961 29
0 5962 30
0 5963 28
0 5964 28
0 5965 29
0 5966 29
0 5967 28
0 5968 29
0 5969 29
0 5970 29
0 5971 30
0 5972 30
0 5973 30
0 5974 30
0 5975 29
0 5976 28
0 5977 29
0 5978 29
0 5979 29
0 5980 29
0 5981 30
0 5982 29
0 5983 28
0 5984 28
0 5985 28
0 5986 29
0 5987 29
0 5988 30
0 5989 28
0 5990 29
0 5991 29
0 5992 29
0 5993 30
0 5994 29
0 5995 30
0 5996 29
0 5997 28
0 5998 28
0 5999 28
0 6000 28
0 6001 30
0 6002 28
0 6003 30
0 6004 30
0 6005 30
0 6006 30
0 6007 30
0 6008 29
0 6009 29
0 6010 28
0 6011 28
0 6012 28
0 6013 29
0 6014 29
0 6015 29
0 6016 30
0 6017 28
0 6018 28
0 6019 28
0 6020 28
0 6021 29
0 6022 29
0 6023 30
0 6024 30
0 6025 30
0 6026 29
0 6027 30
0 6028 29
0 6029 28
0 6030 28
0 6031 28
0 6032 28
0 6033 29
0 6034 29
0 6035 28
0 6036 30
0 6037 28
0 6038 28
0 6039 28
0 6040 29
0 6041 31
0 6042 28
0 6043 30
0 6044 29
0 6045 29
0 6046 29
0 6047 29
0 6048 30
0 6049 29
0 6050 28
0 6051 28
0 6052 29
0 6053 30
0 6054 30
0 6055 30
0 6056 28
0 6057 28
0 6058 28
0 6059 28
0 6060 28
0 6061 30
0 6062 30
0 6063 28
0 6064 28
0 6065 28
0 6066 28
0 6067 29
0 6068 29
0 6069 30
0 6070 30
0 6071 30
0 6072 30
0 6073 30
0 6074 29
0 6075 29
0 6076 28
0 6077 29
0 6078 29
0 6079 29
0 6080 29
0 6081 30
0 6082 28
0 6083 29
0 6084 28
0 6085 29
0 6086 29
0 6087 30
0 6088 29
0 6089 30
0 6090 29
0 6091 28
0 6092 29
0 6093 28
0 6094 29
0 6095 30
0 6096 30
0 6097 28
0 6098 28
0 6099 28
0 6100 28
0 6101 30
0 6102 28
0 6103 30
0 6104 30
0 6105 30
0 6106 29
0 6107 29
0 6108 29
0 6109 28
0 6110 28
0 6111 28
0 6112 28
0 6113 29
0 6114 28
0 6115 28
0 6116 30
0 6117 28
0 6118 28
0 6119 28
0 6120 28
0 6121 29
0 6122 29
0 6123 30
0 6124 30
0 6125 30
0 6126 29
0 6127 29
0 6128 29
0 6129 28
0 6130 28
0 6131 28
0 6132 28
0 6133 29
0 6134 29
0 6135 29
0 6136 30
0 6137 28
0 6138 28
0 6139 28
0 6140 28
0 6141 30
0 6142 29
0 6143 29
0 6144 28
0 6145 29
0 6146 29
0 6147 29
0 6148 29
0 6149 29
0 6150 28
0 6151 29
0 6152 29
0 6153 30
0 6154 29
0 6155 30
0 6156 28
0 6157 28
0 6158 29
0 6159 29
0 6160 29
0 6161 30
0 6162 29
0 6163 29
0 6164 28
0 6165 28
0 6166 29
0 6167 29
0 6168 29
0 6169 30
0 6170 29
0 6171 30
0 6172 30
0 6173 30
0 6174 30
0 6175 30
0 6176 28
0 6177 30
0 6178 28
0 6179 28
0 6180 28
0 6181 30
0 6182 30
0 6183 29
0 6184 28
0 6185 29
0 6186 29
0 6187 30
0 6188 29
0 6189 28
0 6190 28
0 6191 28
0 6192 29
0 6193 29
0 6194 28
0 6195 29
0 6196 30
0 6197 28
0 6198 28
0 6199 28
0 6200 28
0 6201 29
0 6202 29
0 6203 30
0 6204 29
0 6205 29
0 6206 29
0 6207 28
0 6208 29
0 6209 28
0 6210 28
0 6211 28
0 6212 28
0 6213 28
0 6214 28
0 6215 29
0 6216 30
0 6217 28
0 6218 28
0 6219 28
0 6220 28
0 6221 29
0 6222 29
0 6223 30
0 6224 30
0 6225 29
0 6226 29
0 6227 29
0 6228 28
0 6229 28
0 6230 28
0 6231 28
0 6232 29
0 6233 28
0 6234 29
0 6235 28
0 6236 29
0 6237 28
0 6238 28
0 6239 28
0 6240 28
0 6241 30
0 6242 28
0 6243 30
0 6244 30
0 6245 30
0 6246 30
0 6247 29
0 6248 28
0 6249 28
0 6250 28
0 6251 29
0 6252 30
0 6253 30
0 6254 29
0 6255 30
0 6256 28
0 6257 29
0 6258 29
0 6259 28
0 6260 29
0 6261 30
0 6262 30
0 6263 28
0 6264 28
0 6265 28
0 6266 29
0 6267 29
0 6268 29
0 6269 30
0 6270 29
0 6271 30
0 6272 30
0 6273 30
0 6274 29
0 6275 30
0 6276 28
0 6277 28
0 6278 29
0 6279 28
0 6280 28
0 6281 31
0 6282 28
0 6283 29
0 6284 29
0 6285 30
0 6286 30
0 6287 30
0 6288 28
0 6289 29
0 6290 28
0 6291 28
0 6292 28
0 6293 29
0 6294 29
0 6295 29
0 6296 30
0 6297 28
0 6298 28
0 6299 28
0 6300 28
0 6301 29
0 6302 29
0 6303 30
0 6304 30
0 6305 30
0 6306 29
0 6307 28
0 6308 28
0 6309 28
0 6310 28
0 6311 28
0 6312 28
0 6313 29
0 6314 29
0 6315 29
0 6316 29
0 6317 28
0 6318 28
0 6319 28
0 6320 28
0 6321 29
0 6322 29
0 6323 30
0 6324 29
0 6325 29
0 6326 29
0 6327 29
0 6328 28
0 6329 28
0 6330 28
0 6331 28
0 6332 29
0 6333 29
0 6334 29
0 6335 29
0 6336 29
0 6337 29
0 6338 28
0 6339 28
0 6340 28
0 6341 29
0 6342 29
0 6343 30
0 6344 29
0 6345 30
0 6346 28
0 6347 29
0 6348 28
0 6349 29
0 6350 28
0 6351 30
0 6352 30
0 6353 30
0 6354 30
0 6355 30
0 6356 28
0 6357 29
0 6358 29
0 6359 28
0 6360 28
0 6361 30
0 6362 30
0 6363 29
0 6364 28
0 6365 29
0 6366 29
0 6367 29
0 6368 29
0 6369 30
0 6370 29
0 6371 29
0 6372 30
0 6373 29
0 6374 29
0 6375 30
0 6376 28
0 6377 29
0 6378 28
0 6379 28
0 6380 28
0 6381 29
0 6382 29
0 6383 30
0 6384 29
0 6385 29
0 6386 29
0 6387 29
0 6388 29
0 6389 29
0 6390 28
0 6391 28
0 6392 29
0 6393 29
0 6394 29
0 6395 29
0 6396 30
0 6397 28
0 6398 28
0 6399 28
0 6400 28
0 6401 29
0 6402 29
0 6403 27
0 6404 29
0 6405 28
0 6406 28
0 6407 28
0 6408 28
0 6409 28
0 6410 28
0 6411 28
0 6412 28
0 6413 29
0 6414 29
0 6415 29
0 6416 29
0 6417 28
0 6418 28
0 6419 28
0 6420 28
0 6421 29
0 6422 28
0 6423 30
0 6424 30
0 6425 30
0 6426 29
0 6427 29
0 6428 29
0 6429 28
0 6430 28
0 6431 28
0 6432 29
0 6433 28
0 6434 29
0 6435 28
0 6436 30
0 6437 28
0 6438 28
0 6439 28
0 6440 29
0 6441 31
0 6442 28
0 6443 29
0 6444 28
0 6445 29
0 6446 29
0 6447 30
0 6448 29
0 6449 29
0 6450 29
0 6451 30
0 6452 29
0 6453 30
0 6454 30
0 6455 29
0 6456 28
0 6457 29
0 6458 30
0 6459 28
0 6460 28
0 6461 29
0 6462 30
0 6463 28
0 6464 28
0 6465 28
0 6466 29
0 6467 29
0 6468 29
0 6469 29
0 6470 29
0 6471 30
0 6472 30
0 6473 30
0 6474 30
0 6475 30
0 6476 28
0 6477 29
0 6478 29
0 6479 29
0 6480 29
0 6481 31
0 6482 28
0 6483 30
0 6484 29
0 6485 29
0 6486 28
0 6487 30
0 6488 29
0 6489 28
0 6490 28
0 6491 28
0 6492 28
0 6493 29
0 6494 29
0 6495 29
0 6496 30
0 6497 28
0 6498 28
0 6499 28
0 6500 28
0 6501 29
0 6502 28
0 6503 30
0 6504 30
0 6505 29
0 6506 29
0 6507 28
0 6508 28
0 6509 28
0 6510 28
0 6511 28
0 6512 28
0 6513 29
0 6514 28
0 6515 29
0 6516 29
0 6517 28
0 6518 28
0 6519 28
0 6520 28
0 6521 29
0 6522 29
0 6523 30
0 6524 29
0 6525 30
0 6526 29
0 6527 29
0 6528 29
0 6529 29
0 6530 28
0 6531 28
0 6532 28
0 6533 29
0 6534 29
0 6535 30
0 6536 29
0 6537 28
0 6538 28
0 6539 28
0 6540 28
0 6541 30
0 6542 29
0 6543 30
0 6544 28
0 6545 28
0 6546 29
0 6547 29
0 6548 30
0 6549 30
0 6550 28
0 6551 30
0 6552 30
0 6553 30
0 6554 30
0 6555 29
0 6556 28
0 6557 29
0 6558 29
0 6559 29
0 6560 29
0 6561 30
0 6562 29
0 6563 29
0 6564 28
0 6565 29
0 6566 29
0 6567 29
0 6568 29
0 6569 29
0 6570 29
0 6571 29
0 6572 28
0 6573 30
0 6574 30
0 6575 30
0 6576 28
0 6577 29
0 6578 28
0 6579 28
0 6580 29
0 6581 30
0 6582 28
0 6583 30
0 6584 29
0 6585 30
0 6586 29
0 6587 30
0 6588 29
0 6589 28
0 6590 28
0 6591 28
0 6592 29
0 6593 28
0 6594 28
0 6595 28
0 6596 29
0 6597 28
0 6598 28
0 6599 28
0 6600 28
0 6601 30
0 6602 28
0 6603 30
0 6604 30
0 6605 30
0 6606 29
0 6607 28
0 6608 28
0 6609 28
0 6610 28
0 6611 28
0 6612 29
0 6613 28
0 6614 29
0 6615 28
0 6616 30
0 6617 28
0 6618 28
0 6619 28
0 6620 28
0 6621 30
0 6622 29
0 6623 30
0 6624 28
0 6625 29
0 6626 28
0 6627 30
0 6628 28
0 6629 28
0 6630 28
0 6631 29
0 6632 30
0 6633 29
0 6634 30
0 6635 30
0 6636 30
0 6637 28
0 6638 30
0 6639 28
0 6640 28
0 6641 28
0 6642 30
0 6643 29
0 6644 28
0 6645 28
0 6646 29
0 6647 28
0 6648 29
0 6649 29
0 6650 29
0 6651 30
0 6652 30
0 6653 30
0 6654 29
0 6655 29
0 6656 28
0 6657 29
0 6658 29
0 6659 29
0 6660 29
0 6661 30
0 6662 30
0 6663 28
0 6664 28
0 6665 28
0 6666 29
0 6667 29
0 6668 30
0 6669 29
0 6670 28
0 6671 29
0 6672 29
0 6673 30
0 6674 29
0 6675 30
0 6676 30
0 6677 29
0 6678 30
0 6679 28
0 6680 28
0 6681 30
0 6682 28
0 6683 29
0 6684 28
0 6685 29
0 6686 29
0 6687 29
0 6688 29
0 6689 28
0 6690 28
0 6691 28
0 6692 28
0 6693 29
0 6694 28
0 6695 30
0 6696 30
0 6697 28
0 6698 28
0 6699 28
0 6700 28
0 6701 29
0 6702 29
0 6703 30
0 6704 29
0 6705 29
0 6706 29
0 6707 29
0 6708 29
0 6709 28
0 6710 28
0 6711 28
0 6712 29
0 6713 29
0 6714 29
0 6715 28
0 6716 30
0 6717 28
0 6718 28
0 6719 28
0 6720 28
0 6721 30
0 6722 28
0 6723 30
0 6724 30
0 6725 30
0 6726 29
0 6727 30
0 6728 29
0 6729 28
0 6730 29
0 6731 28
0 6732 30
0 6733 30
0 6734 29
0 6735 30
0 6736 28
0 6737 29
0 6738 29
0 6739 29
0 6740 29
0 6741 30
0 6742 29
0 6743 28
0 6744 28
0 6745 28
0 6746 28
0 6747 28
0 6748 29
0 6749 29
0 6750 29
0 6751 30
0 6752 30
0 6753 29
0 6754 29
0 6755 29
0 6756 28
0 6757 29
0 6758 29
0 6759 30
0 6760 28
0 6761 28
0 6762 29
0 6763 28
0 6764 28
0 6765 28
0 6766 29
0 6767 29
0 6768 29
0 6769 30
0 6770 29
0 6771 30
0 6772 29
0 6773 30
0 6774 30
0 6775 30
0 6776 28
0 6777 29
0 6778 28
0 6779 28
0 6780 28
0 6781 30
0 6782 30
0 6783 28
0 6784 28
0 6785 29
0 6786 28
0 6787 29
0 6788 29
0 6789 29
0 6790 28
0 6791 29
0 6792 29
0 6793 28
0 6794 29
0 6795 29
0 6796 30
0 6797 28
0 6798 28
0 6799 28
0 6800 29
0 6801 30
0 6802 28
0 6803 30
0 6804 30
0 6805 30
0 6806 29
0 6807 30
0 6808 29
0 6809 28
0 6810 28
0 6811 28
0 6812 29
0 6813 29
0 6814 29
0 6815 30
0 6816 28
0 6817 28
0 6818 28
0 6819 28
0 6820 29
0 6821 30
0 6822 30
0 6823 28
0 6824 28
0 6825 29
0 6826 29
0 6827 29
0 6828 30
0 6829 29
0 6830 29
0 6831 30
0 6832 30
0 6833 30
0 6834 30
0 6835 30
0 6836 28
0 6837 29
0 6838 29
0 6839 29
0 6840 28
0 6841 28
0 6842 29
0 6843 28
0 6844 28
0 6845 28
0 6846 28
0 6847 28
0 6848 28
0 6849 29
0 6850 28
0 6851 29
0 6852 28
0 6853 29
0 6854 29
0 6855 28
0 6856 28
0 6857 29
0 6858 29
0 6859 29
0 6860 29
0 6861 28
0 6862 29
0 6863 28
0 6864 28
0 6865 28
0 6866 28
0 6867 29
0 6868 29
0 6869 29
0 6870 29
0 6871 30
0 6872 30
0 6873 30
0 6874 30
0 6875 30
0 6876 28
0 6877 29
0 6878 29
0 6879 29
0 6880 29
0 6881 30
0 6882 28
0 6883 30
0 6884 28
0 6885 30
0 6886 29
0 6887 29
0 6888 29
0 6889 29
0 6890 28
0 6891 29
0 6892 29
0 6893 28
0 6894 28
0 6895 30
0 6896 29
0 6897 28
0 6898 28
0 6899 28
0 6900 28
0 6901 30
0 6902 29
0 6903 30
0 6904 28
0 6905 29
0 6906 28
0 6907 30
0 6908 30
0 6909 28
0 6910 28
0 6911 28
0 6912 29
0 6913 29
0 6914 29
0 6915 27
0 6916 30
0 6917 29
0 6918 28
0 6919 29
0 6920 29
0 6921 30
0 6922 28
0 6923 30
0 6924 28
0 6925 28
0 6926 29
0 6927 29
0 6928 29
0 6929 29
0 6930 29
0 6931 30
0 6932 30
0 6933 30
0 6934 29
0 6935 28
0 6936 28
0 6937 29
0 6938 29
0 6939 30
0 6940 28
0 6941 28
0 6942 29
0 6943 28
0 6944 28
0 6945 28
0 6946 28
0 6947 28
0 6948 28
0 6949 29
0 6950 29
0 6951 29
0 6952 28
0 6953 28
0 6954 29
0 6955 28
0 6956 28
0 6957 29
0 6958 29
0 6959 29
0 6960 30
0 6961 28
0 6962 29
0 6963 28
0 6964 28
0 6965 28
0 6966 28
0 6967 28
0 6968 29
0 6969 29
0 6970 29
0 6971 30
0 6972 30
0 6973 30
0 6974 30
0 6975 30
0 6976 28
0 6977 29
0 6978 28
0 6979 28
0 6980 29
0 6981 30
0 6982 29
0 6983 29
0 6984 28
0 6985 28
0 6986 29
0 6987 29
0 6988 29
0 6989 30
0 6990 29
0 6991 29
0 6992 30
0 6993 30
0 6994 29
0 6995 30
0 6996 28
0 6997 28
0 6998 30
0 6999 28
0 7000 28
0 7001 29
0 7002 30
0 7003 29
0 7004 28
0 7005 28
0 7006 29
0 7007 29
0 7008 30
0 7009 29
0 7010 28
0 7011 29
0 7012 28
0 7013 30
0 7014 29
0 7015 30
0 7016 28
0 7017 29
0 7018 29
0 7019 29
0 7020 28
0 7021 30
0 7022 29
0 7023 28
0 7024 28
0 7025 28
0 7026 29
0 7027 29
0 7028 29
0 7029 30
0 7030 29
0 7031 30
0 7032 30
0 7033 29
0 7034 29
0 7035 29
0 7036 28
0 7037 29
0 7038 29
0 7039 30
0 7040 29
0 7041 28
0 7042 30
0 7043 28
0 7044 28
0 7045 28
0 7046 28
0 7047 28
0 7048 28
0 7049 29
0 7050 29
0 7051 29
0 7052 28
0 7053 28
0 7054 28
0 7055 28
0 7056 28
0 7057 28
0 7058 28
0 7059 30
0 7060 28
0 7061 28
0 7062 28
0 7063 28
0 7064 28
0 7065 28
0 7066 28
0 7067 28
0 7068 28
0 7069 29
0 7070 28
0 7071 30
0 7072 30
0 7073 30
0 7074 30
0 7075 29
0 7076 28
0 7077 28
0 7078 29
0 7079 28
0 7080 28
0 7081 29
0 7082 30
0 7083 28
0 7084 28
0 7085 29
0 7086 29
0 7087 29
0 7088 29
0 7089 30
0 7090 29
0 7091 28
0 7092 29
0 7093 30
0 7094 30
0 7095 30
0 7096 28
0 7097 29
0 7098 29
0 7099 29
0 7100 29
0 7101 30
0 7102 30
0 7103 28
0 7104 28
0 7105 28
0 7106 29
0 7107 29
0 7108 29
0 7109 29
0 7110 28
0 7111 29
0 7112 30
0 7113 30
0 7114 30
0 7115 29
0 7116 28
0 7117 29
0 7118 28
0 7119 29
0 7120 28
0 7121 28
0 7122 29
0 7123 28
0 7124 28
0 7125 28
0 7126 28
0 7127 28
0 7128 28
0 7129 29
0 7130 29
0 7131 29
0 7132 29
0 7133 28
0 7134 28
0 7135 28
0 7136 28
0 7137 28
0 7138 29
0 7139 30
0 7140 30
0 7141 28
0 7142 28
0 7143 28
0 7144 28
0 7145 28
0 7146 28
0 7147 28
0 7148 28
0 7149 28
0 7150 29
0 7151 29
0 7152 28
0 7153 28
0 7154 28
0 7155 28
0 7156 28
0 7157 28
0 7158 29
0 7159 29
0 7160 29
0 7161 28
0 7162 28
0 7163 28
0 7164 28
0 7165 28
0 7166 28
0 7167 28
0 7168 28
0 7169 29
0 7170 29
0 7171 29
0 7172 29
0 7173 30
0 7174 30
0 7175 28
0 7176 28
0 7177 29
0 7178 29
0 7179 29
0 7180 28
0 7181 28
0 7182 29
0 7183 28
0 7184 28
0 7185 28
0 7186 29
0 7187 29
0 7188 29
0 7189 29
0 7190 29
0 7191 30
0 7192 30
0 7193 30
0 7194 29
0 7195 29
0 7196 28
0 7197 29
0 7198 29
0 7199 29
0 7200 28
0 7201 28
0 7202 30
0 7203 29
0 7204 28
0 7205 28
0 7206 29
0 7207 29
0 7208 29
0 7209 30
0 7210 29
0 7211 30
0 7212 30
0 7213 30
0 7214 29
0 7215 28
0 7216 28
0 7217 29
0 7218 29
0 7219 30
0 7220 28
0 7221 28
0 7222 28
0 7223 28
0 7224 28
0 7225 28
0 7226 28
0 7227 28
0 7228 28
0 7229 28
0 7230 29
0 7231 28
0 7232 28
0 7233 28
0 7234 29
0 7235 28
0 7236 28
0 7237 28
0 7238 28
0 7239 29
0 7240 29
0 7241 28
0 7242 28
0 7243 28
0 7244 28
0 7245 28
0 7246 28
0 7247 28
0 7248 28
0 7249 28
0 7250 29
0 7251 29
0 7252 28
0 7253 28
0 7254 28
0 7255 28
0 7256 28
0 7257 28
0 7258 29
0 7259 29
0 7260 30
0 7261 28
0 7262 28
0 7263 28
0 7264 28
0 7265 28
0 7266 28
0 7267 29
0 7268 28
0 7269 29
0 7270 29
0 7271 29
0 7272 28
0 7273 28
0 7274 29
0 7275 28
0 7276 28
0 7277 28
0 7278 29
0 7279 30
0 7280 29
0 7281 30
0 7282 29
0 7283 29
0 7284 28
0 7285 28
0 7286 28
0 7287 28
0 7288 28
0 7289 29
0 7290 28
0 7291 30
0 7292 30
0 7293 30
0 7294 29
0 7295 28
0 7296 28
0 7297 29
0 7298 29
0 7299 28
0 7300 28
0 7301 29
0 7302 29
0 7303 28
0 7304 28
0 7305 28
0 7306 28
0 7307 28
0 7308 28
0 7309 29
0 7310 29
0 7311 29
0 7312 28
0 7313 28
0 7314 29
0 7315 28
0 7316 28
0 7317 29
0 7318 29
0 7319 29
0 7320 30
0 7321 28
0 7322 28
0 7323 28
0 7324 28
0 7325 28
0 7326 28
0 7327 28
0 7328 28
0 7329 28
0 7330 29
0 7331 28
0 7332 28
0 7333 28
0 7334 28
0 7335 28
0 7336 28
0 7337 28
0 7338 29
0 7339 28
0 7340 29
0 7341 28
0 7342 28
0 7343 28
0 7344 27
0 7345 28
0 7346 28
0 7347 28
0 7348 28
0 7349 28
0 7350 28
0 7351 28
0 7352 28
0 7353 28
0 7354 28
0 7355 28
0 7356 28
0 7357 28
0 7358 29
0 7359 30
0 7360 30
0 7361 28
0 7362 28
0 7363 28
0 7364 28
0 7365 28
0 7366 28
0 7367 28
0 7368 28
0 7369 28
0 7370 29
0 7371 29
0 7372 29
0 7373 28
0 7374 28
0 7375 29
0 7376 28
0 7377 28
0 7378 28
0 7379 29
0 7380 28
0 7381 28
0 7382 28
0 7383 28
0 7384 28
0 7385 28
0 7386 28
0 7387 29
0 7388 28
0 7389 29
0 7390 29
0 7391 29
0 7392 28
0 7393 28
0 7394 29
0 7395 29
0 7396 28
0 7397 29
0 7398 29
0 7399 29
0 7400 29
0 7401 28
0 7402 28
0 7403 28
0 7404 28
0 7405 28
0 7406 28
0 7407 28
0 7408 28
0 7409 28
0 7410 29
0 7411 29
0 7412 28
0 7413 28
0 7414 28
0 7415 28
0 7416 28
0 7417 28
0 7418 28
0 7419 28
0 7420 29
0 7421 28
0 7422 28
0 7423 28
0 7424 28
0 7425 28
0 7426 28
0 7427 28
0 7428 28
0 7429 28
0 7430 28
0 7431 28
0 7432 28
0 7433 28
0 7434 28
0 7435 28
0 7436 28
0 7437 28
0 7438 29
0 7439 28
0 7440 29
0 7441 28
0 7442 28
0 7443 27
0 7444 27
0 7445 27
0 7446 27
0 7447 28
0 7448 28
0 7449 28
0 7450 28
0 7451 28
0 7452 28
0 7453 28
0 7454 28
0 7455 28
0 7456 28
0 7457 28
0 7458 28
0 7459 29
0 7460 29
0 7461 28
0 7462 28
0 7463 28
0 7464 28
0 7465 28
0 7466 28
0 7467 28
0 7468 28
0 7469 28
0 7470 29
0 7471 29
0 7472 28
0 7473 28
0 7474 28
0 7475 28
0 7476 28
0 7477 28
0 7478 29
0 7479 30
0 7480 29
0 7481 28
0 7482 28
0 7483 28
0 7484 28
0 7485 28
0 7486 28
0 7487 28
0 7488 28
0 7489 28
0 7490 28
0 7491 29
0 7492 29
0 7493 28
0 7494 28
0 7495 28
0 7496 28
0 7497 28
0 7498 29
0 7499 29
0 7500 30
0 7501 28
0 7502 28
0 7503 28
0 7504 28
0 7505 28
0 7506 28
0 7507 28
0 7508 28
0 7509 28
0 7510 29
0 7511 28
0 7512 28
0 7513 28
0 7514 28
0 7515 28
0 7516 28
0 7517 28
0 7518 29
0 7519 28
0 7520 29
0 7521 28
0 7522 28
0 7523 28
0 7524 28
0 7525 28
0 7526 27
0 7527 28
0 7528 28
0 7529 28
0 7530 28
0 7531 28
0 7532 28
0 7533 28
0 7534 28
0 7535 28
0 7536 27
0 7537 28
0 7538 29
0 7539 28
0 7540 28
0 7541 28
0 7542 28
0 7543 27
0 7544 27
0 7545 27
0 7546 27
0 7547 28
0 7548 28
0 7549 28
0 7550 28
0 7551 28
0 7552 28
0 7553 28
0 7554 28
0 7555 28
0 7556 28
0 7557 28
0 7558 29
0 7559 28
0 7560 29
0 7561 28
0 7562 28
0 7563 28
0 7564 28
0 7565 28
0 7566 28
0 7567 28
0 7568 28
0 7569 28
0 7570 29
0 7571 28
0 7572 28
0 7573 28
0 7574 28
0 7575 28
0 7576 28
0 7577 28
0 7578 29
0 7579 31
0 7580 30
0 7581 28
0 7582 28
0 7583 28
0 7584 28
0 7585 28
0 7586 28
0 7587 28
0 7588 28
0 7589 28
0 7590 29
0 7591 29
0 7592 28
0 7593 28
0 7594 28
0 7595 28
0 7596 28
0 7597 28
0 7598 28
0 7599 29
0 7600 29
0 7601 28
0 7602 28
0 7603 28
0 7604 28
0 7605 28
0 7606 28
0 7607 28
0 7608 28
0 7609 28
0 7610 28
0 7611 28
0 7612 28
0 7613 28
0 7614 28
0 7615 28
0 7616 28
0 7617 28
0 7618 29
0 7619 28
0 7620 29
0 7621 28
0 7622 28
0 7623 27
0 7624 27
0 7625 27
0 7626 27
0 7627 27
0 7628 28
0 7629 28
0 7630 28
0 7631 28
0 7632 28
0 7633 28
0 7634 28
0 7635 28
0 7636 27
0 7637 28
0 7638 29
0 7639 28
0 7640 28
0 7641 28
0 7642 28
0 7643 27
0 7644 27
0 7645 27
0 7646 27
0 7647 27
0 7648 28
0 7649 28
0 7650 28
0 7651 28
0 7652 28
0 7653 28
0 7654 28
0 7655 28
0 7656 27
0 7657 27
0 7658 29
0 7659 28
0 7660 30
0 7661 28
0 7662 28
0 7663 28
0 7664 28
0 7665 28
0 7666 28
0 7667 28
0 7668 28
0 7669 28
0 7670 28
0 7671 28
0 7672 28
0 7673 28
0 7674 28
0 7675 28
0 7676 28
0 7677 28
0 7678 29
0 7679 30
0 7680 30
0 7681 28
0 7682 28
0 7683 28
0 7684 28
0 7685 28
0 7686 28
0 7687 28
0 7688 28
0 7689 28
0 7690 29
0 7691 28
0 7692 28
0 7693 28
0 7694 28
0 7695 28
0 7696 28
0 7697 28
0 7698 29
0 7699 29
0 7700 30
0 7701 28
0 7702 28
0 7703 28
0 7704 28
0 7705 28
0 7706 28
0 7707 28
0 7708 28
0 7709 28
0 7710 28
0 7711 28
0 7712 28
0 7713 28
0 7714 28
0 7715 28
0 7716 28
0 7717 28
0 7718 28
0 7719 28
0 7720 29
0 7721 28
0 7722 28
0 7723 27
0 7724 27
0 7725 27
0 7726 27
0 7727 27
0 7728 27
0 7729 28
0 7730 28
0 7731 28
0 7732 28
0 7733 28
0 7734 28
0 7735 28
0 7736 27
0 7737 28
0 7738 28
0 7739 28
0 7740 28
0 7741 28
0 7742 28
0 7743 27
0 7744 27
0 7745 27
0 7746 27
0 7747 28
0 7748 28
0 7749 28
0 7750 28
0 7751 28
0 7752 28
0 7753 28
0 7754 28
0 7755 28
0 7756 28
0 7757 28
0 7758 28
0 7759 28
0 7760 29
0 7761 28
0 7762 28
0 7763 27
0 7764 27
0 7765 28
0 7766 28
0 7767 28
0 7768 28
0 7769 28
0 7770 28
0 7771 28
0 7772 28
0 7773 28
0 7774 28
0 7775 28
0 7776 28
0 7777 28
0 7778 28
0 7779 29
0 7780 28
0 7781 28
0 7782 28
0 7783 28
0 7784 28
0 7785 28
0 7786 28
0 7787 28
0 7788 28
0 7789 28
0 7790 28
0 7791 28
0 7792 28
0 7793 28
0 7794 28
0 7795 28
0 7796 28
0 7797 28
0 7798 29
0 7799 28
0 7800 29
0 7801 28
0 7802 28
0 7803 28
0 7804 28
0 7805 27
0 7806 27
0 7807 28
0 7808 28
0 7809 28
0 7810 28
0 7811 28
0 7812 28
0 7813 28
0 7814 28
0 7815 28
0 7816 28
0 7817 28
0 7818 28
0 7819 28
0 7820 28
0 7821 28
0 7822 28
0 7823 28
0 7824 27
0 7825 27
0 7826 27
0 7827 27
0 7828 28
0 7829 28
0 7830 28
0 7831 28
0 7832 28
0 7833 28
0 7834 27
0 7835 27
0 7836 27
0 7837 28
0 7838 28
0 7839 28
0 7840 28
0 7841 28
0 7842 28
0 7843 27
0 7844 27
0 7845 27
0 7846 27
0 7847 27
0 7848 28
0 7849 28
0 7850 28
0 7851 28
0 7852 28
0 7853 28
0 7854 28
0 7855 28
0 7856 28
0 7857 28
0 7858 29
0 7859 28
0 7860 28
0 7861 28
0 7862 28
0 7863 27
0 7864 27
0 7865 27
0 7866 27
0 7867 28
0 7868 28
0 7869 28
0 7870 28
0 7871 28
0 7872 28
0 7873 28
0 7874 28
0 7875 28
0 7876 28
0 7877 27
0 7878 29
0 7879 28
0 7880 29
0 7881 28
0 7882 28
0 7883 28
0 7884 28
0 7885 28
0 7886 28
0 7887 28
0 7888 28
0 7889 28
0 7890 28
0 7891 28
0 7892 28
0 7893 28
0 7894 28
0 7895 28
0 7896 28
0 7897 27
0 7898 29
0 7899 28
0 7900 28
0 7901 28
0 7902 28
0 7903 27
0 7904 27
0 7905 27
0 7906 27
0 7907 27
0 7908 28
0 7909 28
0 7910 28
0 7911 28
0 7912 28
0 7913 28
0 7914 28
0 7915 28
0 7916 27
0 7917 28
0 7918 28
0 7919 28
0 7920 28
0 7921 28
0 7922 28
0 7923 27
0 7924 27
0 7925 27
0 7926 27
0 7927 27
0 7928 27
0 7929 27
0 7930 27
0 7931 28
0 7932 28
0 7933 28
0 7934 27
0 7935 27
0 7936 27
0 7937 28
0 7938 28
0 7939 28
0 7940 28
0 7941 28
0 7942 28
0 7943 27
0 7944 27
0 7945 27
0 7946 27
0 7947 27
0 7948 28
0 7949 28
0 7950 28
0 7951 28
0 7952 28
0 7953 28
0 7954 28
0 7955 28
0 7956 28
0 7957 28
0 7958 29
0 7959 28
0 7960 28
0 7961 28
0 7962 28
0 7963 28
0 7964 27
0 7965 28
0 7966 27
0 7967 28
0 7968 28
0 7969 28
0 7970 28
0 7971 28
0 7972 28
0 7973 28
0 7974 28
0 7975 28
0 7976 28
0 7977 27
0 7978 29
0 7979 28
0 7980 29
0 7981 28
0 7982 28
0 7983 28
0 7984 28
0 7985 28
0 7986 28
0 7987 28
0 7988 28
0 7989 28
0 7990 28
0 7991 28
0 7992 28
0 7993 28
0 7994 28
0 7995 28
0 7996 28
0 7997 28
0 7998 28
0 7999 28
0 8000 28
0 8001 28
0 8002 28
0 8003 27
0 8004 27
0 8005 27
0 8006 27
0 8007 27
0 8008 27
0 8009 28
0 8010 28
0 8011 28
0 8012 28
0 8013 28
0 8014 27
0 8015 27
0 8016 27
0 8017 28
0 8018 27
0 8019 28
0 8020 28
0 8021 27
0 8022 28
0 8023 27
0 8024 27
0 8025 27
0 8026 27
0 8027 27
0 8028 27
0 8029 27
0 8030 28
0 8031 28
0 8032 28
0 8033 27
0 8034 27
0 8035 27
0 8036 27
0 8037 27
0 8038 27
0 8039 28
0 8040 28
0 8041 27
0 8042 28
0 8043 27
0 8044 27
0 8045 27
0 8046 27
0 8047 27
0 8048 27
0 8049 28
0 8050 28
0 8051 28
0 8052 28
0 8053 28
0 8054 28
0 8055 28
0 8056 27
0 8057 28
0 8058 29
0 8059 28
0 8060 28
0 8061 28
0 8062 28
0 8063 27
0 8064 27
0 8065 27
0 8066 27
0 8067 28
0 8068 28
0 8069 28
0 8070 28
0 8071 28
0 8072 28
0 8073 28
0 8074 28
0 8075 28
0 8076 28
0 8077 28
0 8078 28
0 8079 28
0 8080 29
0 8081 28
0 8082 28
0 8083 27
0 8084 27
0 8085 28
0 8086 27
0 8087 28
0 8088 28
0 8089 28
0 8090 28
0 8091 28
0 8092 28
0 8093 28
0 8094 28
0 8095 28
0 8096 27
0 8097 28
0 8098 29
0 8099 28
0 8100 28
0 8101 28
0 8102 28
0 8103 27
0 8104 27
0 8105 27
0 8106 27
0 8107 27
0 8108 27
0 8109 28
0 8110 28
0 8111 28
0 8112 28
0 8113 28
0 8114 27
0 8115 27
0 8116 27
0 8117 28
0 8118 27
0 8119 28
0 8120 28
0 8121 27
0 8122 28
0 8123 27
0 8124 27
0 8125 27
0 8126 27
0 8127 27
0 8128 27
0 8129 27
0 8130 27
0 8131 28
0 8132 28
0 8133 28
0 8134 27
0 8135 27
0 8136 27
0 8137 27
0 8138 27
0 8139 28
0 8140 28
0 8141 27
0 8142 28
0 8143 27
0 8144 27
0 8145 27
0 8146 27
0 8147 27
0 8148 27
0 8149 28
0 8150 28
0 8151 28
0 8152 28
0 8153 28
0 8154 28
0 8155 28
0 8156 27
0 8157 28
0 8158 28
0 8159 28
0 8160 28
0 8161 28
0 8162 28
0 8163 27
0 8164 27
0 8165 27
0 8166 27
0 8167 27
0 8168 28
0 8169 28
0 8170 28
0 8171 28
0 8172 28
0 8173 28
0 8174 28
0 8175 28
0 8176 28
0 8177 28
0 8178 28
0 8179 28
0 8180 29
0 8181 28
0 8182 28
0 8183 28
0 8184 27
0 8185 27
0 8186 27
0 8187 27
0 8188 28
0 8189 28
0 8190 28
0 8191 28
0 8192 28
0 8193 28
0 8194 28
0 8195 28
0 8196 28
0 8197 28
0 8198 28
0 8199 28
0 8200 28
0 8201 27
0 8202 28
0 8203 27
0 8204 27
0 8205 27
0 8206 27
0 8207 27
0 8208 27
0 8209 27
0 8210 28
0 8211 28
0 8212 28
0 8213 28
0 8214 27
0 8215 27
0 8216 27
0 8217 27
0 8218 27
0 8219 28
0 8220 28
0 8221 27
0 8222 27
0 8223 27
0 8224 27
0 8225 27
0 8226 27
0 8227 27
0 8228 27
0 8229 27
0 8230 27
0 8231 27
0 8232 27
0 8233 27
0 8234 27
0 8235 27
0 8236 27
0 8237 27
0 8238 27
0 8239 28
0 8240 28
0 8241 27
0 8242 28
0 8243 27
0 8244 27
0 8245 27
0 8246 27
0 8247 27
0 8248 27
0 8249 27
0 8250 28
0 8251 28
0 8252 28
0 8253 28
0 8254 28
0 8255 27
0 8256 27
0 8257 28
0 8258 29
0 8259 28
0 8260 28
0 8261 28
0 8262 28
0 8263 27
0 8264 27
0 8265 27
0 8266 27
0 8267 28
0 8268 28
0 8269 28
0 8270 28
0 8271 28
0 8272 28
0 8273 28
0 8274 28
0 8275 28
0 8276 27
0 8277 28
0 8278 28
0 8279 28
0 8280 28
0 8281 28
0 8282 28
0 8283 27
0 8284 27
0 8285 27
0 8286 27
0 8287 27
0 8288 28
0 8289 28
0 8290 28
0 8291 28
0 8292 28
0 8293 28
0 8294 28
0 8295 28
0 8296 27
0 8297 28
0 8298 28
0 8299 28
0 8300 28
0 8301 28
0 8302 28
0 8303 27
0 8304 27
0 8305 27
0 8306 27
0 8307 27
0 8308 27
0 8309 28
0 8310 28
0 8311 28
0 8312 28
0 8313 27
0 8314 27
0 8315 27
0 8316 27
0 8317 27
0 8318 27
0 8319 27
0 8320 28
0 8321 27
0 8322 27
0 8323 27
0 8324 27
0 8325 27
0 8326 27
0 8327 27
0 8328 27
0 8329 27
0 8330 27
0 8331 27
0 8332 27
0 8333 28
0 8334 27
0 8335 27
0 8336 27
0 8337 27
0 8338 27
0 8339 28
0 8340 28
0 8341 27
0 8342 28
0 8343 27
0 8344 27
0 8345 27
0 8346 27
0 8347 27
0 8348 27
0 8349 28
0 8350 28
0 8351 28
0 8352 28
0 8353 28
0 8354 28
0 8355 28
0 8356 27
0 8357 28
0 8358 28
0 8359 28
0 8360 28
0 8361 28
0 8362 28
0 8363 27
0 8364 27
0 8365 27
0 8366 27
0 8367 27
0 8368 27
0 8369 28
0 8370 28
0 8371 28
0 8372 28
0 8373 28
0 8374 28
0 8375 27
0 8376 27
0 8377 28
0 8378 28
0 8379 28
0 8380 28
0 8381 28
0 8382 28
0 8383 27
0 8384 27
0 8385 27
0 8386 27
0 8387 27
0 8388 28
0 8389 28
0 8390 28
0 8391 28
0 8392 28
0 8393 28
0 8394 27
0 8395 27
0 8396 27
0 8397 28
0 8398 27
0 8399 28
0 8400 28
0 8401 27
0 8402 28
0 8403 27
0 8404 27
0 8405 27
0 8406 27
0 8407 27
0 8408 27
0 8409 27
0 8410 27
0 8411 27
0 8412 27
0 8413 27
0 8414 27
0 8415 27
0 8416 27
0 8417 27
0 8418 27
0 8419 28
0 8420 28
0 8421 27
0 8422 27
0 8423 27
0 8424 27
0 8425 27
0 8426 27
0 8427 27
0 8428 27
0 8429 27
0 8430 27
0 8431 27
0 8432 27
0 8433 27
0 8434 27
0 8435 27
0 8436 27
0 8437 28
0 8438 27
0 8439 28
0 8440 28
0 8441 27
0 8442 28
0 8443 27
0 8444 27
0 8445 27
0 8446 27
0 8447 27
0 8448 27
0 8449 27
0 8450 28
0 8451 28
0 8452 28
0 8453 28
0 8454 28
0 8455 28
0 8456 27
0 8457 28
0 8458 28
0 8459 28
0 8460 28
0 8461 28
0 8462 28
0 8463 27
0 8464 27
0 8465 27
0 8466 27
0 8467 27
0 8468 28
0 8469 28
0 8470 28
0 8471 28
0 8472 28
0 8473 28
0 8474 28
0 8475 27
0 8476 27
0 8477 28
0 8478 28
0 8479 28
0 8480 28
0 8481 28
0 8482 28
0 8483 27
0 8484 27
0 8485 27
0 8486 27
0 8487 27
0 8488 27
0 8489 27
0 8490 28
0 8491 28
0 8492 28
0 8493 28
0 8494 27
0 8495 27
0 8496 27
0 8497 27
0 8498 27
0 8499 28
0 8500 28
0 8501 27
0 8502 27
0 8503 27
0 8504 27
0 8505 27
0 8506 27
0 8507 27
0 8508 27
0 8509 27
0 8510 27
0 8511 27
0 8512 27
0 8513 27
0 8514 27
0 8515 27
0 8516 27
0 8517 27
0 8518 27
0 8519 27
0 8520 28
0 8521 27
0 8522 27
0 8523 27
0 8524 27
0 8525 27
0 8526 27
0 8527 27
0 8528 27
0 8529 27
0 8530 27
0 8531 27
0 8532 27
0 8533 27
0 8534 27
0 8535 27
0 8536 27
0 8537 27
0 8538 27
0 8539 28
0 8540 28
0 8541 27
0 8542 28
0 8543 27
0 8544 27
0 8545 27
0 8546 27
0 8547 27
0 8548 27
0 8549 27
0 8550 28
0 8551 28
0 8552 28
0 8553 28
0 8554 28
0 8555 28
0 8556 27
0 8557 28
0 8558 28
0 8559 28
0 8560 28
0 8561 28
0 8562 28
0 8563 27
0 8564 27
0 8565 27
0 8566 27
0 8567 27
0 8568 28
0 8569 28
0 8570 28
0 8571 28
0 8572 28
0 8573 28
0 8574 28
0 8575 28
0 8576 27
0 8577 28
0 8578 29
0 8579 28
0 8580 28
0 8581 28
0 8582 28
0 8583 27
0 8584 27
0 8585 27
0 8586 27
0 8587 27
0 8588 27
0 8589 28
0 8590 28
0 8591 28
0 8592 28
0 8593 28
0 8594 27
0 8595 27
0 8596 27
0 8597 28
0 8598 27
0 8599 28
0 8600 28
0 8601 27
0 8602 28
0 8603 27
0 8604 27
0 8605 27
0 8606 27
0 8607 27
0 8608 27
0 8609 27
0 8610 27
0 8611 27
0 8612 27
0 8613 27
0 8614 27
0 8615 27
0 8616 27
0 8617 27
0 8618 27
0 8619 27
0 8620 28
0 8621 27
0 8622 27
0 8623 27
0 8624 27
0 8625 27
0 8626 27
0 8627 27
0 8628 27
0 8629 27
0 8630 27
0 8631 27
0 8632 27
0 8633 27
0 8634 27
0 8635 27
0 8636 27
0 8637 27
0 8638 27
0 8639 28
0 8640 28
0 8641 27
0 8642 28
0 8643 27
0 8644 27
0 8645 27
0 8646 27
0 8647 27
0 8648 27
0 8649 27
0 8650 28
0 8651 28
0 8652 28
0 8653 28
0 8654 28
0 8655 27
0 8656 27
0 8657 28
0 8658 28
0 8659 28
0 8660 28
0 8661 28
0 8662 28
0 8663 27
0 8664 27
0 8665 27
0 8666 27
0 8667 27
0 8668 27
0 8669 28
0 8670 28
0 8671 28
0 8672 28
0 8673 28
0 8674 28
0 8675 27
0 8676 27
0 8677 28
0 8678 28
0 8679 28
0 8680 28
0 8681 27
0 8682 28
0 8683 27
0 8684 27
0 8685 27
0 8686 27
0 8687 27
0 8688 27
0 8689 27
0 8690 27
0 8691 27
0 8692 28
0 8693 27
0 8694 27
0 8695 27
0 8696 27
0 8697 27
0 8698 27
0 8699 28
0 8700 28
0 8701 27
0 8702 27
0 8703 27
0 8704 27
0 8705 27
0 8706 27
0 8707 27
0 8708 27
0 8709 27
0 8710 27
0 8711 27
0 8712 27
0 8713 27
0 8714 27
0 8715 27
0 8716 27
0 8717 27
0 8718 27
0 8719 27
0 8720 28
0 8721 27
0 8722 27
0 8723 27
0 8724 27
0 8725 27
0 8726 27
0 8727 27
0 8728 27
0 8729 27
0 8730 27
0 8731 27
0 8732 27
0 8733 27
0 8734 27
0 8735 27
0 8736 27
0 8737 27
0 8738 27
0 8739 28
0 8740 28
0 8741 27
0 8742 28
0 8743 27
0 8744 27
0 8745 27
0 8746 27
0 8747 27
0 8748 27
0 8749 27
0 8750 28
0 8751 28
0 8752 28
0 8753 27
0 8754 28
0 8755 27
0 8756 27
0 8757 27
0 8758 28
0 8759 28
0 8760 28
0 8761 27
0 8762 28
0 8763 27
0 8764 27
0 8765 27
0 8766 27
0 8767 27
0 8768 27
0 8769 28
0 8770 28
0 8771 28
0 8772 28
0 8773 28
0 8774 28
0 8775 28
0 8776 27
0 8777 28
0 8778 28
0 8779 28
0 8780 28
0 8781 27
0 8782 28
0 8783 27
0 8784 27
0 8785 27
0 8786 27
0 8787 27
0 8788 27
0 8789 27
0 8790 27
0 8791 27
0 8792 27
0 8793 27
0 8794 27
0 8795 27
0 8796 27
0 8797 27
0 8798 27
0 8799 28
0 8800 28
0 8801 27
0 8802 27
0 8803 27
0 8804 27
0 8805 27
0 8806 27
0 8807 27
0 8808 27
0 8809 27
0 8810 27
0 8811 27
0 8812 27
0 8813 27
0 8814 27
0 8815 27
0 8816 27
0 8817 27
0 8818 27
0 8819 27
0 8820 28
0 8821 27
0 8822 27
0 8823 27
0 8824 27
0 8825 27
0 8826 27
0 8827 27
0 8828 27
0 8829 27
0 8830 27
0 8831 27
0 8832 27
0 8833 27
0 8834 27
0 8835 27
0 8836 27
0 8837 28
0 8838 27
0 8839 28
0 8840 28
0 8841 27
0 8842 28
0 8843 27
0 8844 27
0 8845 27
0 8846 27
0 8847 27
0 8848 27
0 8849 27
0 8850 28
0 8851 28
0 8852 28
0 8853 28
0 8854 27
0 8855 27
0 8856 27
0 8857 28
0 8858 28
0 8859 28
0 8860 28
0 8861 27
0 8862 28
0 8863 27
0 8864 27
0 8865 27
0 8866 27
0 8867 27
0 8868 27
0 8869 28
0 8870 28
0 8871 28
0 8872 28
0 8873 28
0 8874 28
0 8875 27
0 8876 27
0 8877 28
0 8878 28
0 8879 28
0 8880 28
0 8881 27
0 8882 28
0 8883 27
0 8884 27
0 8885 27
0 8886 27
0 8887 27
0 8888 27
0 8889 27
0 8890 27
0 8891 27
0 8892 27
0 8893 27
0 8894 27
0 8895 27
0 8896 27
0 8897 27
0 8898 27
0 8899 27
0 8900 28
0 8901 27
0 8902 27
0 8903 27
0 8904 27
0 8905 27
0 8906 27
0 8907 27
0 8908 27
0 8909 27
0 8910 27
0 8911 27
0 8912 27
0 8913 27
0 8914 27
0 8915 27
0 8916 27
0 8917 27
0 8918 27
0 8919 27
0 8920 28
0 8921 27
0 8922 27
0 8923 27
0 8924 27
0 8925 27
0 8926 27
0 8927 27
0 8928 27
0 8929 27
0 8930 27
0 8931 27
0 8932 27
0 8933 27
0 8934 27
0 8935 27
0 8936 27
0 8937 27
0 8938 27
0 8939 28
0 8940 28
0 8941 27
0 8942 27
0 8943 27
0 8944 27
0 8945 27
0 8946 27
0 8947 27
0 8948 27
0 8949 28
0 8950 28
0 8951 28
0 8952 28
0 8953 27
0 8954 27
0 8955 27
0 8956 27
0 8957 28
0 8958 28
0 8959 28
0 8960 28
0 8961 28
0 8962 28
0 8963 27
0 8964 27
0 8965 27
0 8966 27
0 8967 27
0 8968 27
0 8969 27
0 8970 28
0 8971 28
0 8972 28
0 8973 28
0 8974 27
0 8975 27
0 8976 27
0 8977 28
0 8978 27
0 8979 28
0 8980 28
0 8981 27
0 8982 28
0 8983 27
0 8984 27
0 8985 27
0 8986 27
0 8987 27
0 8988 27
0 8989 27
0 8990 27
0 8991 27
0 8992 27
0 8993 27
0 8994 27
0 8995 27
0 8996 27
0 8997 27
0 8998 27
0 8999 27
0 9000 28
0 9001 27
0 9002 27
0 9003 27
0 9004 27
0 9005 27
0 9006 27
0 9007 27
0 9008 27
0 9009 27
0 9010 27
0 9011 27
0 9012 27
0 9013 27
0 9014 27
0 9015 27
0 9016 27
0 9017 27
0 9018 27
0 9019 27
0 9020 28
0 9021 27
0 9022 27
0 9023 27
0 9024 27
0 9025 27
0 9026 27
0 9027 27
0 9028 27
0 9029 27
0 9030 27
0 9031 27
0 9032 27
0 9033 27
0 9034 27
0 9035 27
0 9036 27
0 9037 28
0 9038 27
0 9039 28
0 9040 28
0 9041 27
0 9042 28
0 9043 27
0 9044 27
0 9045 27
0 9046 27
0 9047 27
0 9048 27
0 9049 27
0 9050 28
0 9051 28
0 9052 28
0 9053 28
0 9054 28
0 9055 27
0 9056 27
0 9057 28
0 9058 27
0 9059 28
0 9060 28
0 9061 28
0 9062 28
0 9063 27
0 9064 27
0 9065 27
0 9066 27
0 9067 27
0 9068 27
0 9069 27
0 9070 28
0 9071 28
0 9072 28
0 9073 28
0 9074 27
0 9075 27
0 9076 27
0 9077 28
0 9078 27
0 9079 28
0 9080 28
0 9081 27
0 9082 28
0 9083 27
0 9084 27
0 9085 27
0 9086 27
0 9087 27
0 9088 27
0 9089 27
0 9090 27
0 9091 27
0 9092 28
0 9093 27
0 9094 27
0 9095 27
0 9096 27
0 9097 27
0 9098 27
0 9099 27
0 9100 28
0 9101 27
0 9102 27
0 9103 27
0 9104 27
0 9105 27
0 9106 27
0 9107 27
0 9108 27
0 9109 27
0 9110 27
0 9111 27
0 9112 27
0 9113 27
0 9114 27
0 9115 27
0 9116 27
0 9117 27
0 9118 27
0 9119 28
0 9120 28
0 9121 27
0 9122 27
0 9123 27
0 9124 27
0 9125 27
0 9126 27
0 9127 27
0 9128 27
0 9129 27
0 9130 27
0 9131 27
0 9132 28
0 9133 27
0 9134 27
0 9135 27
0 9136 27
0 9137 27
0 9138 27
0 9139 28
0 9140 28
0 9141 27
0 9142 28
0 9143 27
0 9144 27
0 9145 27
0 9146 27
0 9147 27
0 9148 27
0 9149 27
0 9150 28
0 9151 28
0 9152 28
0 9153 28
0 9154 28
0 9155 27
0 9156 27
0 9157 27
0 9158 28
0 9159 28
0 9160 28
0 9161 27
0 9162 28
0 9163 27
0 9164 27
0 9165 27
0 9166 27
0 9167 27
0 9168 27
0 9169 27
0 9170 28
0 9171 28
0 9172 28
0 9173 27
0 9174 27
0 9175 27
0 9176 27
0 9177 27
0 9178 27
0 9179 28
0 9180 28
0 9181 27
0 9182 27
0 9183 27
0 9184 27
0 9185 27
0 9186 27
0 9187 27
0 9188 27
0 9189 27
0 9190 27
0 9191 27
0 9192 27
0 9193 27
0 9194 27
0 9195 27
0 9196 27
0 9197 27
0 9198 27
0 9199 27
0 9200 28
0 9201 27
0 9202 27
0 9203 28
0 9204 27
0 9205 27
0 9206 27
0 9207 27
0 9208 27
0 9209 27
0 9210 27
0 9211 27
0 9212 27
0 9213 27
0 9214 27
0 9215 27
0 9216 27
0 9217 27
0 9218 27
0 9219 27
0 9220 28
0 9221 27
0 9222 27
0 9223 27
0 9224 27
0 9225 27
0 9226 27
0 9227 27
0 9228 27
0 9229 27
0 9230 27
0 9231 27
0 9232 27
0 9233 27
0 9234 27
0 9235 27
0 9236 27
0 9237 28
0 9238 27
0 9239 28
0 9240 28
0 9241 27
0 9242 28
0 9243 27
0 9244 27
0 9245 27
0 9246 27
0 9247 27
0 9248 27
0 9249 27
0 9250 28
0 9251 28
0 9252 28
0 9253 28
0 9254 28
0 9255 27
0 9256 27
0 9257 28
0 9258 28
0 9259 28
0 9260 28
0 9261 28
0 9262 28
0 9263 27
0 9264 27
0 9265 27
0 9266 27
0 9267 27
0 9268 27
0 9269 27
0 9270 27
0 9271 28
0 9272 28
0 9273 27
0 9274 27
0 9275 27
0 9276 27
0 9277 28
0 9278 27
0 9279 28
0 9280 28
0 9281 27
0 9282 27
0 9283 27
0 9284 27
0 9285 27
0 9286 27
0 9287 27
0 9288 27
0 9289 27
0 9290 27
0 9291 27
0 9292 27
0 9293 27
0 9294 27
0 9295 27
0 9296 27
0 9297 27
0 9298 27
0 9299 27
0 9300 28
0 9301 27
0 9302 27
0 9303 28
0 9304 27
0 9305 27
0 9306 27
0 9307 27
0 9308 27
0 9309 27
0 9310 27
0 9311 27
0 9312 27
0 9313 27
0 9314 27
0 9315 27
0 9316 27
0 9317 27
0 9318 27
0 9319 27
0 9320 28
0 9321 27
0 9322 27
0 9323 27
0 9324 27
0 9325 27
0 9326 27
0 9327 27
0 9328 27
0 9329 27
0 9330 27
0 9331 27
0 9332 28
0 9333 28
0 9334 27
0 9335 27
0 9336 27
0 9337 28
0 9338 27
0 9339 28
0 9340 28
0 9341 27
0 9342 28
0 9343 27
0 9344 27
0 9345 27
0 9346 27
0 9347 27
0 9348 27
0 9349 28
0 9350 28
0 9351 28
0 9352 28
0 9353 28
0 9354 27
0 9355 27
0 9356 27
0 9357 28
0 9358 27
0 9359 28
0 9360 28
0 9361 27
0 9362 28
0 9363 27
0 9364 27
0 9365 27
0 9366 27
0 9367 27
0 9368 27
0 9369 27
0 9370 27
0 9371 28
0 9372 27
0 9373 27
0 9374 27
0 9375 27
0 9376 27
0 9377 27
0 9378 27
0 9379 28
0 9380 28
0 9381 27
0 9382 27
0 9383 27
0 9384 27
0 9385 27
0 9386 27
0 9387 27
0 9388 27
0 9389 27
0 9390 27
0 9391 27
0 9392 27
0 9393 27
0 9394 27
0 9395 27
0 9396 27
0 9397 27
0 9398 27
0 9399 27
0 9400 28
0 9401 27
0 9402 27
0 9403 27
0 9404 27
0 9405 27
0 9406 27
0 9407 27
0 9408 27
0 9409 27
0 9410 27
0 9411 27
0 9412 27
0 9413 27
0 9414 27
0 9415 27
0 9416 27
0 9417 27
0 9418 27
0 9419 27
0 9420 28
0 9421 27
0 9422 27
0 9423 27
0 9424 27
0 9425 27
0 9426 27
0 9427 27
0 9428 27
0 9429 27
0 9430 28
0 9431 28
0 9432 28
0 9433 27
0 9434 27
0 9435 27
0 9436 27
0 9437 28
0 9438 28
0 9439 28
0 9440 28
0 9441 28
0 9442 28
0 9443 27
0 9444 27
0 9445 27
0 9446 27
0 9447 27
0 9448 27
0 9449 27
0 9450 28
0 9451 28
0 9452 28
0 9453 28
0 9454 27
0 9455 27
0 9456 27
0 9457 28
0 9458 27
0 9459 28
0 9460 28
0 9461 27
0 9462 28
0 9463 27
0 9464 27
0 9465 27
0 9466 27
0 9467 27
0 9468 27
0 9469 27
0 9470 27
0 9471 28
0 9472 28
0 9473 27
0 9474 27
0 9475 27
0 9476 27
0 9477 28
0 9478 27
0 9479 28
0 9480 28
0 9481 27
0 9482 27
0 9483 27
0 9484 27
0 9485 27
0 9486 27
0 9487 27
0 9488 27
0 9489 27
0 9490 27
0 9491 27
0 9492 27
0 9493 27
0 9494 27
0 9495 27
0 9496 27
0 9497 27
0 9498 27
0 9499 27
0 9500 28
0 9501 27
0 9502 27
0 9503 28
0 9504 27
0 9505 27
0 9506 27
0 9507 27
0 9508 27
0 9509 27
0 9510 27
0 9511 27
0 9512 27
0 9513 27
0 9514 27
0 9515 27
0 9516 27
0 9517 27
0 9518 27
0 9519 28
0 9520 28
0 9521 27
0 9522 27
0 9523 27
0 9524 27
0 9525 27
0 9526 27
0 9527 27
0 9528 27
0 9529 27
0 9530 27
0 9531 28
0 9532 28
0 9533 28
0 9534 27
0 9535 27
0 9536 27
0 9537 28
0 9538 28
0 9539 28
0 9540 28
0 9541 28
0 9542 28
0 9543 27
0 9544 27
0 9545 27
0 9546 27
0 9547 27
0 9548 27
0 9549 28
0 9550 28
0 9551 28
0 9552 28
0 9553 28
0 9554 28
0 9555 27
0 9556 27
0 9557 28
0 9558 27
0 9559 28
0 9560 28
0 9561 27
0 9562 28
0 9563 27
0 9564 27
0 9565 27
0 9566 27
0 9567 27
0 9568 27
0 9569 27
0 9570 27
0 9571 28
0 9572 28
0 9573 28
0 9574 27
0 9575 27
0 9576 27
0 9577 27
0 9578 27
0 9579 27
0 9580 28
0 9581 27
0 9582 27
0 9583 27
0 9584 27
0 9585 27
0 9586 27
0 9587 27
0 9588 27
0 9589 27
0 9590 27
0 9591 27
0 9592 27
0 9593 27
0 9594 27
0 9595 27
0 9596 27
0 9597 27
0 9598 27
0 9599 27
0 9600 28
0 9601 27
0 9602 27
0 9603 27
0 9604 27
0 9605 27
0 9606 27
0 9607 27
0 9608 27
0 9609 27
0 9610 27
0 9611 27
0 9612 27
0 9613 27
0 9614 27
0 9615 27
0 9616 27
0 9617 27
0 9618 27
0 9619 27
0 9620 28
0 9621 27
0 9622 27
0 9623 27
0 9624 27
0 9625 27
0 9626 27
0 9627 27
0 9628 27
0 9629 27
0 9630 27
0 9631 28
0 9632 27
0 9633 27
0 9634 27
0 9635 27
0 9636 27
0 9637 28
0 9638 27
0 9639 28
0 9640 28
0 9641 27
0 9642 28
0 9643 27
0 9644 27
0 9645 27
0 9646 27
0 9647 27
0 9648 27
0 9649 27
0 9650 27
0 9651 28
0 9652 28
0 9653 28
0 9654 27
0 9655 27
0 9656 27
0 9657 28
0 9658 27
0 9659 28
0 9660 28
0 9661 27
0 9662 28
0 9663 27
0 9664 27
0 9665 27
0 9666 27
0 9667 27
0 9668 27
0 9669 27
0 9670 27
0 9671 27
0 9672 27
0 9673 27
0 9674 27
0 9675 27
0 9676 27
0 9677 27
0 9678 27
0 9679 28
0 9680 28
0 9681 27
0 9682 27
0 9683 27
0 9684 27
0 9685 27
0 9686 27
0 9687 27
0 9688 27
0 9689 27
0 9690 27
0 9691 27
0 9692 27
0 9693 27
0 9694 27
0 9695 27
0 9696 27
0 9697 27
0 9698 27
0 9699 28
0 9700 28
0 9701 27
0 9702 27
0 9703 27
0 9704 27
0 9705 27
0 9706 27
0 9707 27
0 9708 27
0 9709 27
0 9710 27
0 9711 27
0 9712 27
0 9713 27
0 9714 27
0 9715 27
0 9716 27
0 9717 27
0 9718 27
0 9719 27
0 9720 28
0 9721 27
0 9722 27
0 9723 27
0 9724 27
0 9725 27
0 9726 27
0 9727 27
0 9728 27
0 9729 27
0 9730 28
0 9731 28
0 9732 28
0 9733 28
0 9734 28
0 9735 27
0 9736 27
0 9737 28
0 9738 28
0 9739 28
0 9740 28
0 9741 28
0 9742 28
0 9743 27
0 9744 27
0 9745 27
0 9746 27
0 9747 27
0 9748 27
0 9749 28
0 9750 28
0 9751 28
0 9752 28
0 9753 28
0 9754 28
0 9755 27
0 9756 27
0 9757 28
0 9758 28
0 9759 28
0 9760 28
0 9761 27
0 9762 28
0 9763 27
0 9764 27
0 9765 27
0 9766 27
0 9767 27
0 9768 27
0 9769 27
0 9770 27
0 9771 27
0 9772 28
0 9773 27
0 9774 27
0 9775 27
0 9776 27
0 9777 27
0 9778 27
0 9779 27
0 9780 28
0 9781 27
0 9782 27
0 9783 27
0 9784 27
0 9785 27
0 9786 27
0 9787 27
0 9788 27
0 9789 27
0 9790 27
0 9791 27
0 9792 27
0 9793 27
0 9794 27
0 9795 27
0 9796 27
0 9797 27
0 9798 27
0 9799 28
0 9800 28
0 9801 27
0 9802 27
0 9803 27
0 9804 27
0 9805 27
0 9806 27
0 9807 27
0 9808 27
0 9809 27
0 9810 27
0 9811 27
0 9812 27
0 9813 27
0 9814 27
0 9815 27
0 9816 27
0 9817 27
0 9818 27
0 9819 28
0 9820 28
0 9821 27
0 9822 27
0 9823 27
0 9824 27
0 9825 27
0 9826 27
0 9827 27
0 9828 27
0 9829 28
0 9830 28
0 9831 28
0 9832 28
0 9833 28
0 9834 27
0 9835 27
0 9836 27
0 9837 28
0 9838 27
0 9839 28
0 9840 28
0 9841 27
0 9842 28
0 9843 27
0 9844 27
0 9845 27
0 9846 27
0 9847 27
0 9848 27
0 9849 28
0 9850 28
0 9851 28
0 9852 28
0 9853 28
0 9854 27
0 9855 27
0 9856 27
0 9857 28
0 9858 28
0 9859 28
0 9860 28
0 9861 28
0 9862 28
0 9863 27
0 9864 27
0 9865 27
0 9866 27
0 9867 27
0 9868 27
0 9869 27
0 9870 27
0 9871 27
0 9872 27
0 9873 27
0 9874 27
0 9875 27
0 9876 27
0 9877 27
0 9878 27
0 9879 27
0 9880 28
0 9881 27
0 9882 27
0 9883 27
0 9884 27
0 9885 27
0 9886 27
0 9887 27
0 9888 27
0 9889 27
0 9890 27
0 9891 27
0 9892 27
0 9893 27
0 9894 27
0 9895 27
0 9896 27
0 9897 27
0 9898 27
0 9899 27
0 9900 28
0 9901 27
0 9902 27
0 9903 27
0 9904 27
0 9905 27
0 9906 27
0 9907 27
0 9908 27
0 9909 27
0 9910 27
0 9911 27
0 9912 27
0 9913 27
0 9914 27
0 9915 27
0 9916 27
0 9917 28
0 9918 27
0 9919 28
0 9920 28
0 9921 27
0 9922 28
0 9923 27
0 9924 27
0 9925 27
0 9926 27
0 9927 27
0 9928 27
0 9929 27
0 9930 28
0 9931 28
0 9932 28
0 9933 28
0 9934 27
0 9935 27
0 9936 27
0 9937 28
0 9938 28
0 9939 28
0 9940 28
0 9941 28
0 9942 28
0 9943 27
0 9944 27
0 9945 27
0 9946 27
0 9947 27
0 9948 27
0 9949 27
0 9950 28
0 9951 28
0 9952 28
0 9953 28
0 9954 28
0 9955 27
0 9956 27
0 9957 28
0 9958 27
0 9959 28
0 9960 28
0 9961 27
0 9962 28
0 9963 27
0 9964 27
0 9965 27
0 9966 27
0 9967 27
0 9968 27
0 9969 27
0 9970 27
0 9971 27
0 9972 27
0 9973 27
0 9974 27
0 9975 27
0 9976 27
0 9977 27
0 9978 27
0 9979 27
0 9980 28
0 9981 27
0 9982 27
0 9983 27
0 9984 27
0 9985 27
0 9986 27
0 9987 27
0 9988 27
0 9989 27
0 9990 27
0 9991 27
0 9992 27
0 9993 27
0 9994 27
0 9995 27
0 9996 27
0 9997 27
0 9998 27
0 9999 28
