0 0 26
0 1 27
0 2 27
0 3 27
0 4 27
0 5 27
0 6 27
0 7 27
0 8 27
0 9 27
0 10 27
0 11 27
0 12 27
0 13 27
0 14 27
0 15 27
0 16 27
0 17 28
0 18 27
0 19 26
0 20 26
0 21 26
0 22 26
0 23 26
0 24 26
0 25 27
0 26 27
0 27 27
0 28 28
0 29 27
0 30 27
0 31 27
0 32 26
0 33 26
0 34 26
0 35 27
0 36 27
0 37 27
0 38 27
0 39 26
0 40 26
0 41 26
0 42 26
0 43 26
0 44 27
0 45 26
0 46 27
0 47 27
0 48 27
0 49 27
0 50 27
0 51 27
0 52 26
0 53 27
0 54 27
0 55 27
0 56 27
0 57 26
0 58 27
0 59 27
0 60 26
0 61 27
0 62 26
0 63 27
0 64 27
0 65 27
0 66 27
0 67 27
0 68 27
0 69 27
0 70 27
0 71 27
0 72 27
0 73 27
0 74 27
0 75 27
0 76 27
0 77 27
0 78 28
0 79 27
0 80 27
0 81 27
0 82 27
0 83 27
0 84 27
0 85 27
0 86 27
0 87 27
0 88 27
0 89 27
0 90 27
0 91 26
0 92 27
0 93 27
0 94 27
0 95 27
0 96 27
0 97 27
0 98 27
0 99 26
0 100 27
0 101 27
0 102 27
0 103 27
0 104 27
0 105 27
0 106 27
0 107 27
0 108 27
0 109 27
0 110 27
0 111 27
0 112 26
0 113 27
0 114 27
0 115 27
0 116 27
0 117 28
0 118 27
0 119 26
0 120 26
0 121 26
0 122 26
0 123 26
0 124 27
0 125 27
0 126 27
0 127 27
0 128 27
0 129 27
0 130 27
0 131 27
0 132 27
0 133 27
0 134 26
0 135 27
0 136 27
0 137 26
0 138 27
0 139 26
0 140 26
0 141 26
0 142 26
0 143 26
0 144 27
0 145 27
0 146 27
0 147 27
0 148 28
0 149 27
0 150 27
0 151 27
0 152 26
0 153 27
0 154 27
0 155 27
0 156 27
0 157 27
0 158 27
0 159 27
0 160 26
0 161 27
0 162 26
0 163 27
0 164 27
0 165 27
0 166 27
0 167 27
0 168 27
0 169 27
0 170 27
0 171 27
0 172 27
0 173 27
0 174 27
0 175 27
0 176 27
0 177 27
0 178 28
0 179 26
0 180 27
0 181 27
0 182 27
0 183 27
0 184 27
0 185 27
0 186 27
0 187 27
0 188 27
0 189 27
0 190 27
0 191 27
0 192 27
0 193 27
0 194 27
0 195 27
0 196 27
0 197 27
0 198 28
0 199 27
0 200 27
0 201 27
0 202 27
0 203 27
0 204 27
0 205 27
0 206 27
0 207 27
0 208 27
0 209 27
0 210 27
0 211 27
0 212 27
0 213 27
0 214 27
0 215 27
0 216 27
0 217 27
0 218 27
0 219 26
0 220 26
0 221 26
0 222 26
0 223 27
0 224 27
0 225 27
0 226 27
0 227 27
0 228 28
0 229 27
0 230 27
0 231 26
0 232 26
0 233 27
0 234 26
0 235 27
0 236 27
0 237 26
0 238 27
0 239 26
0 240 26
0 241 26
0 242 26
0 243 26
0 244 27
0 245 27
0 246 27
0 247 27
0 248 27
0 249 27
0 250 28
0 251 27
0 252 27
0 253 27
0 254 27
0 255 27
0 256 27
0 257 27
0 258 27
0 259 26
0 260 28
0 261 27
0 262 27
0 263 27
0 264 27
0 265 27
0 266 27
0 267 27
0 268 27
0 269 27
0 270 27
0 271 27
0 272 28
0 273 27
0 274 27
0 275 27
0 276 27
0 277 27
0 278 27
0 279 27
0 280 27
0 281 27
0 282 27
0 283 27
0 284 27
0 285 27
0 286 27
0 287 27
0 288 27
0 289 27
0 290 27
0 291 27
0 292 28
0 293 27
0 294 27
0 295 27
0 296 27
0 297 27
0 298 28
0 299 27
0 300 27
0 301 27
0 302 27
0 303 27
0 304 28
0 305 27
0 306 27
0 307 27
0 308 27
0 309 27
0 310 28
0 311 27
0 312 27
0 313 27
0 314 27
0 315 27
0 316 27
0 317 28
0 318 27
0 319 26
0 320 26
0 321 26
0 322 26
0 323 27
0 324 27
0 325 27
0 326 27
0 327 27
0 328 28
0 329 27
0 330 27
0 331 27
0 332 26
0 333 26
0 334 27
0 335 27
0 336 27
0 337 27
0 338 27
0 339 27
0 340 26
0 341 26
0 342 26
0 343 26
0 344 27
0 345 27
0 346 27
0 347 27
0 348 27
0 349 27
0 350 28
0 351 27
0 352 27
0 353 27
0 354 27
0 355 27
0 356 27
0 357 27
0 358 27
0 359 27
0 360 27
0 361 27
0 362 27
0 363 27
0 364 27
0 365 27
0 366 27
0 367 27
0 368 27
0 369 27
0 370 27
0 371 27
0 372 27
0 373 27
0 374 27
0 375 27
0 376 27
0 377 27
0 378 28
0 379 26
0 380 28
0 381 27
0 382 27
0 383 27
0 384 27
0 385 27
0 386 27
0 387 27
0 388 27
0 389 27
0 390 27
0 391 27
0 392 27
0 393 27
0 394 27
0 395 27
0 396 27
0 397 27
0 398 28
0 399 27
0 400 27
0 401 27
0 402 27
0 403 27
0 404 27
0 405 27
0 406 27
0 407 27
0 408 27
0 409 27
0 410 26
0 411 27
0 412 27
0 413 27
0 414 27
0 415 27
0 416 27
0 417 26
0 418 27
0 419 27
0 420 26
0 421 26
0 422 26
0 423 26
0 424 27
0 425 27
0 426 27
0 427 27
0 428 27
0 429 27
0 430 27
0 431 27
0 432 26
0 433 27
0 434 27
0 435 27
0 436 27
0 437 27
0 438 27
0 439 26
0 440 26
0 441 26
0 442 26
0 443 27
0 444 27
0 445 27
0 446 27
0 447 27
0 448 27
0 449 27
0 450 27
0 451 27
0 452 28
0 453 27
0 454 27
0 455 27
0 456 27
0 457 27
0 458 27
0 459 27
0 460 28
0 461 27
0 462 27
0 463 27
0 464 27
0 465 27
0 466 27
0 467 27
0 468 27
0 469 27
0 470 27
0 471 27
0 472 27
0 473 27
0 474 27
0 475 27
0 476 27
0 477 27
0 478 28
0 479 27
0 480 27
0 481 27
0 482 27
0 483 27
0 484 27
0 485 27
0 486 27
0 487 27
0 488 27
0 489 27
0 490 27
0 491 27
0 492 27
0 493 27
0 494 27
0 495 27
0 496 27
0 497 27
0 498 28
0 499 26
0 500 27
0 501 27
0 502 27
0 503 27
0 504 27
0 505 27
0 506 27
0 507 27
0 508 27
0 509 27
0 510 27
0 511 27
0 512 26
0 513 27
0 514 27
0 515 27
0 516 27
0 517 27
0 518 27
0 519 27
0 520 26
0 521 26
0 522 26
0 523 26
0 524 27
0 525 26
0 526 27
0 527 27
0 528 27
0 529 27
0 530 28
0 531 27
0 532 26
0 533 27
0 534 27
0 535 27
0 536 26
0 537 28
0 538 27
0 539 26
0 540 26
0 541 26
0 542 26
0 543 27
0 544 27
0 545 27
0 546 27
0 547 27
0 548 27
0 549 27
0 550 27
0 551 26
0 552 27
0 553 27
0 554 27
0 555 27
0 556 27
0 557 27
0 558 28
0 559 27
0 560 27
0 561 27
0 562 27
0 563 27
0 564 27
0 565 27
0 566 27
0 567 27
0 568 27
0 569 27
0 570 27
0 571 27
0 572 28
0 573 27
0 574 27
0 575 27
0 576 27
0 577 27
0 578 27
0 579 27
0 580 28
0 581 27
0 582 27
0 583 27
0 584 27
0 585 27
0 586 27
0 587 27
0 588 27
0 589 27
0 590 27
0 591 27
0 592 27
0 593 27
0 594 27
0 595 27
0 596 27
0 597 27
0 598 28
0 599 27
0 600 27
0 601 27
0 602 27
0 603 27
0 604 27
0 605 27
0 606 27
0 607 27
0 608 27
0 609 27
0 610 27
0 611 27
0 612 27
0 613 27
0 614 27
0 615 27
0 616 27
0 617 27
0 618 27
0 619 26
0 620 26
0 621 26
0 622 26
0 623 26
0 624 27
0 625 27
0 626 27
0 627 27
0 628 28
0 629 27
0 630 27
0 631 27
0 632 26
0 633 27
0 634 27
0 635 27
0 636 27
0 637 28
0 638 27
0 639 26
0 640 26
0 641 27
0 642 27
0 643 27
0 644 27
0 645 27
0 646 27
0 647 27
0 648 27
0 649 27
0 650 27
0 651 27
0 652 27
0 653 27
0 654 27
0 655 27
0 656 27
0 657 27
0 658 27
0 659 27
0 660 28
0 661 27
0 662 27
0 663 27
0 664 27
0 665 27
0 666 27
0 667 27
0 668 27
0 669 27
0 670 27
0 671 27
0 672 28
0 673 27
0 674 27
0 675 27
0 676 27
0 677 27
0 678 27
0 679 27
0 680 27
0 681 27
0 682 27
0 683 27
0 684 27
0 685 27
0 686 27
0 687 27
0 688 27
0 689 27
0 690 27
0 691 27
0 692 27
0 693 27
0 694 27
0 695 27
0 696 27
0 697 27
0 698 28
0 699 27
0 700 26
0 701 27
0 702 27
0 703 26
0 704 27
0 705 27
0 706 27
0 707 27
0 708 27
0 709 27
0 710 27
0 711 27
0 712 26
0 713 27
0 714 27
0 715 27
0 716 27
0 717 28
0 718 27
0 719 26
0 720 26
0 721 26
0 722 26
0 723 26
0 724 27
0 725 26
0 726 27
0 727 27
0 728 28
0 729 27
0 730 28
0 731 27
0 732 27
0 733 27
0 734 27
0 735 27
0 736 27
0 737 27
0 738 28
0 739 27
0 740 27
0 741 27
0 742 27
0 743 26
0 744 27
0 745 27
0 746 27
0 747 27
0 748 27
0 749 27
0 750 27
0 751 27
0 752 27
0 753 27
0 754 27
0 755 27
0 756 27
0 757 27
0 758 28
0 759 27
0 760 27
0 761 26
0 762 27
0 763 27
0 764 27
0 765 27
0 766 27
0 767 27
0 768 27
0 769 27
0 770 27
0 771 27
0 772 27
0 773 27
0 774 27
0 775 27
0 776 27
0 777 27
0 778 27
0 779 26
0 780 28
0 781 27
0 782 27
0 783 27
0 784 27
0 785 27
0 786 27
0 787 27
0 788 27
0 789 27
0 790 27
0 791 27
0 792 27
0 793 27
0 794 27
0 795 27
0 796 27
0 797 27
0 798 27
0 799 27
0 800 26
0 801 27
0 802 27
0 803 27
0 804 27
0 805 27
0 806 27
0 807 27
0 808 28
0 809 27
0 810 27
0 811 27
0 812 27
0 813 27
0 814 27
0 815 27
0 816 26
0 817 28
0 818 27
0 819 26
0 820 26
0 821 26
0 822 26
0 823 27
0 824 27
0 825 27
0 826 27
0 827 27
0 828 27
0 829 27
0 830 27
0 831 27
0 832 27
0 833 27
0 834 27
0 835 27
0 836 27
0 837 27
0 838 28
0 839 27
0 840 27
0 841 27
0 842 27
0 843 27
0 844 27
0 845 27
0 846 27
0 847 27
0 848 27
0 849 27
0 850 27
0 851 27
0 852 27
0 853 27
0 854 27
0 855 27
0 856 27
0 857 27
0 858 27
0 859 26
0 860 27
0 861 27
0 862 27
0 863 27
0 864 27
0 865 27
0 866 27
0 867 27
0 868 27
0 869 27
0 870 27
0 871 27
0 872 28
0 873 27
0 874 27
0 875 27
0 876 27
0 877 27
0 878 27
0 879 27
0 880 28
0 881 27
0 882 27
0 883 27
0 884 27
0 885 27
0 886 27
0 887 27
0 888 27
0 889 27
0 890 27
0 891 27
0 892 27
0 893 27
0 894 27
0 895 27
0 896 27
0 897 27
0 898 28
0 899 27
0 900 27
0 901 27
0 902 27
0 903 27
0 904 27
0 905 27
0 906 27
0 907 27
0 908 27
0 909 27
0 910 27
0 911 27
0 912 26
0 913 27
0 914 27
0 915 27
0 916 27
0 917 27
0 918 27
0 919 27
0 920 26
0 921 26
0 922 26
0 923 27
0 924 27
0 925 27
0 926 27
0 927 27
0 928 27
0 929 27
0 930 27
0 931 27
0 932 27
0 933 27
0 934 27
0 935 27
0 936 27
0 937 27
0 938 27
0 939 27
0 940 27
0 941 27
0 942 27
0 943 27
0 944 27
0 945 27
0 946 27
0 947 27
0 948 27
0 949 27
0 950 27
0 951 27
0 952 27
0 953 27
0 954 27
0 955 27
0 956 27
0 957 27
0 958 27
0 959 26
0 960 28
0 961 27
0 962 27
0 963 27
0 964 27
0 965 27
0 966 27
0 967 27
0 968 27
0 969 27
0 970 27
0 971 27
0 972 27
0 973 27
0 974 27
0 975 27
0 976 27
0 977 27
0 978 27
0 979 27
0 980 28
0 981 27
0 982 27
0 983 27
0 984 27
0 985 27
0 986 27
0 987 27
0 988 27
0 989 27
0 990 27
0 991 28
0 992 27
0 993 27
0 994 27
0 995 27
0 996 27
0 997 27
0 998 27
0 999 27
0 1000 26
0 1001 26
0 1002 26
0 1003 27
0 1004 27
0 1005 27
0 1006 27
0 1007 27
0 1008 27
0 1009 27
0 1010 28
0 1011 27
0 1012 27
0 1013 27
0 1014 27
0 1015 27
0 1016 27
0 1017 27
0 1018 27
0 1019 26
0 1020 26
0 1021 26
0 1022 26
0 1023 27
0 1024 27
0 1025 27
0 1026 27
0 1027 27
0 1028 27
0 1029 27
0 1030 27
0 1031 27
0 1032 27
0 1033 27
0 1034 27
0 1035 27
0 1036 27
0 1037 27
0 1038 27
0 1039 27
0 1040 27
0 1041 27
0 1042 27
0 1043 27
0 1044 27
0 1045 27
0 1046 27
0 1047 27
0 1048 27
0 1049 27
0 1050 27
0 1051 27
0 1052 28
0 1053 27
0 1054 27
0 1055 27
0 1056 27
0 1057 27
0 1058 27
0 1059 27
0 1060 28
0 1061 27
0 1062 27
0 1063 27
0 1064 27
0 1065 27
0 1066 27
0 1067 27
0 1068 27
0 1069 27
0 1070 27
0 1071 27
0 1072 27
0 1073 27
0 1074 27
0 1075 27
0 1076 27
0 1077 27
0 1078 28
0 1079 27
0 1080 27
0 1081 27
0 1082 28
0 1083 27
0 1084 27
0 1085 27
0 1086 27
0 1087 27
0 1088 27
0 1089 27
0 1090 27
0 1091 27
0 1092 27
0 1093 27
0 1094 27
0 1095 27
0 1096 27
0 1097 27
0 1098 28
0 1099 27
0 1100 26
0 1101 26
0 1102 26
0 1103 27
0 1104 27
0 1105 27
0 1106 27
0 1107 27
0 1108 27
0 1109 27
0 1110 28
0 1111 27
0 1112 26
0 1113 27
0 1114 27
0 1115 27
0 1116 27
0 1117 28
0 1118 27
0 1119 26
0 1120 26
0 1121 26
0 1122 27
0 1123 27
0 1124 27
0 1125 27
0 1126 27
0 1127 27
0 1128 27
0 1129 28
0 1130 27
0 1131 27
0 1132 27
0 1133 27
0 1134 27
0 1135 27
0 1136 27
0 1137 27
0 1138 28
0 1139 27
0 1140 27
0 1141 27
0 1142 27
0 1143 26
0 1144 27
0 1145 27
0 1146 27
0 1147 27
0 1148 27
0 1149 27
0 1150 27
0 1151 27
0 1152 27
0 1153 27
0 1154 27
0 1155 27
0 1156 27
0 1157 27
0 1158 27
0 1159 27
0 1160 27
0 1161 27
0 1162 27
0 1163 27
0 1164 27
0 1165 27
0 1166 27
0 1167 27
0 1168 27
0 1169 27
0 1170 27
0 1171 27
0 1172 28
0 1173 27
0 1174 27
0 1175 27
0 1176 27
0 1177 27
0 1178 27
0 1179 26
0 1180 27
0 1181 27
0 1182 27
0 1183 27
0 1184 27
0 1185 27
0 1186 27
0 1187 27
0 1188 27
0 1189 27
0 1190 27
0 1191 27
0 1192 27
0 1193 27
0 1194 27
0 1195 27
0 1196 27
0 1197 27
0 1198 27
0 1199 27
0 1200 26
0 1201 26
0 1202 26
0 1203 27
0 1204 27
0 1205 27
0 1206 27
0 1207 27
0 1208 27
0 1209 27
0 1210 27
0 1211 27
0 1212 26
0 1213 27
0 1214 27
0 1215 27
0 1216 26
0 1217 28
0 1218 27
0 1219 27
0 1220 26
0 1221 27
0 1222 26
0 1223 27
0 1224 27
0 1225 27
0 1226 27
0 1227 27
0 1228 27
0 1229 27
0 1230 27
0 1231 27
0 1232 27
0 1233 27
0 1234 27
0 1235 27
0 1236 27
0 1237 27
0 1238 28
0 1239 27
0 1240 27
0 1241 27
0 1242 27
0 1243 27
0 1244 27
0 1245 27
0 1246 27
0 1247 27
0 1248 27
0 1249 27
0 1250 27
0 1251 27
0 1252 27
0 1253 27
0 1254 27
0 1255 27
0 1256 27
0 1257 27
0 1258 28
0 1259 26
0 1260 28
0 1261 26
0 1262 27
0 1263 27
0 1264 27
0 1265 27
0 1266 27
0 1267 27
0 1268 27
0 1269 27
0 1270 27
0 1271 27
0 1272 27
0 1273 27
0 1274 27
0 1275 27
0 1276 27
0 1277 27
0 1278 28
0 1279 27
0 1280 27
0 1281 27
0 1282 27
0 1283 27
0 1284 27
0 1285 27
0 1286 27
0 1287 27
0 1288 27
0 1289 27
0 1290 27
0 1291 27
0 1292 27
0 1293 27
0 1294 27
0 1295 27
0 1296 27
0 1297 27
0 1298 27
0 1299 27
0 1300 26
0 1301 26
0 1302 26
0 1303 27
0 1304 27
0 1305 26
0 1306 27
0 1307 27
0 1308 28
0 1309 27
0 1310 27
0 1311 27
0 1312 26
0 1313 27
0 1314 27
0 1315 27
0 1316 27
0 1317 27
0 1318 27
0 1319 27
0 1320 26
0 1321 26
0 1322 26
0 1323 27
0 1324 28
0 1325 27
0 1326 27
0 1327 27
0 1328 27
0 1329 27
0 1330 27
0 1331 27
0 1332 27
0 1333 27
0 1334 27
0 1335 27
0 1336 27
0 1337 27
0 1338 28
0 1339 27
0 1340 27
0 1341 27
0 1342 27
0 1343 27
0 1344 27
0 1345 27
0 1346 27
0 1347 27
0 1348 27
0 1349 27
0 1350 27
0 1351 27
0 1352 28
0 1353 27
0 1354 27
0 1355 27
0 1356 27
0 1357 27
0 1358 27
0 1359 26
0 1360 27
0 1361 27
0 1362 27
0 1363 27
0 1364 27
0 1365 27
0 1366 27
0 1367 27
0 1368 27
0 1369 27
0 1370 27
0 1371 27
0 1372 28
0 1373 27
0 1374 27
0 1375 27
0 1376 27
0 1377 27
0 1378 27
0 1379 26
0 1380 27
0 1381 27
0 1382 27
0 1383 26
0 1384 27
0 1385 27
0 1386 27
0 1387 27
0 1388 27
0 1389 27
0 1390 27
0 1391 27
0 1392 26
0 1393 27
0 1394 27
0 1395 27
0 1396 27
0 1397 28
0 1398 27
0 1399 26
0 1400 26
0 1401 26
0 1402 26
0 1403 26
0 1404 27
0 1405 27
0 1406 27
0 1407 27
0 1408 27
0 1409 27
0 1410 27
0 1411 27
0 1412 27
0 1413 27
0 1414 27
0 1415 27
0 1416 27
0 1417 27
0 1418 27
0 1419 27
0 1420 26
0 1421 27
0 1422 27
0 1423 27
0 1424 27
0 1425 27
0 1426 27
0 1427 27
0 1428 27
0 1429 27
0 1430 27
0 1431 27
0 1432 27
0 1433 27
0 1434 27
0 1435 27
0 1436 27
0 1437 27
0 1438 27
0 1439 27
0 1440 27
0 1441 27
0 1442 27
0 1443 27
0 1444 27
0 1445 27
0 1446 27
0 1447 27
0 1448 27
0 1449 27
0 1450 27
0 1451 27
0 1452 27
0 1453 27
0 1454 27
0 1455 27
0 1456 27
0 1457 27
0 1458 27
0 1459 27
0 1460 28
0 1461 27
0 1462 27
0 1463 27
0 1464 27
0 1465 27
0 1466 27
0 1467 27
0 1468 27
0 1469 27
0 1470 27
0 1471 27
0 1472 27
0 1473 27
0 1474 27
0 1475 27
0 1476 27
0 1477 27
0 1478 28
0 1479 27
0 1480 27
0 1481 27
0 1482 27
0 1483 27
0 1484 27
0 1485 27
0 1486 27
0 1487 27
0 1488 27
0 1489 27
0 1490 27
0 1491 27
0 1492 27
0 1493 27
0 1494 27
0 1495 27
0 1496 28
0 1497 26
0 1498 27
0 1499 26
0 1500 26
0 1501 26
0 1502 26
0 1503 26
0 1504 27
0 1505 26
0 1506 27
0 1507 27
0 1508 27
0 1509 27
0 1510 27
0 1511 27
0 1512 26
0 1513 27
0 1514 27
0 1515 27
0 1516 27
0 1517 27
0 1518 27
0 1519 26
0 1520 26
0 1521 26
0 1522 26
0 1523 27
0 1524 27
0 1525 27
0 1526 27
0 1527 27
0 1528 27
0 1529 27
0 1530 27
0 1531 27
0 1532 27
0 1533 27
0 1534 27
0 1535 27
0 1536 27
0 1537 27
0 1538 27
0 1539 27
0 1540 27
0 1541 26
0 1542 27
0 1543 27
0 1544 27
0 1545 27
0 1546 27
0 1547 27
0 1548 27
0 1549 27
0 1550 27
0 1551 27
0 1552 28
0 1553 27
0 1554 27
0 1555 27
0 1556 27
0 1557 27
0 1558 27
0 1559 27
0 1560 27
0 1561 27
0 1562 27
0 1563 27
0 1564 27
0 1565 27
0 1566 27
0 1567 27
0 1568 27
0 1569 27
0 1570 27
0 1571 27
0 1572 28
0 1573 27
0 1574 27
0 1575 27
0 1576 27
0 1577 27
0 1578 27
0 1579 27
0 1580 27
0 1581 27
0 1582 27
0 1583 27
0 1584 27
0 1585 27
0 1586 27
0 1587 27
0 1588 27
0 1589 27
0 1590 27
0 1591 27
0 1592 26
0 1593 27
0 1594 27
0 1595 27
0 1596 27
0 1597 28
0 1598 27
0 1599 26
0 1600 26
0 1601 26
0 1602 26
0 1603 27
0 1604 27
0 1605 27
0 1606 27
0 1607 27
0 1608 28
0 1609 27
0 1610 27
0 1611 27
0 1612 27
0 1613 27
0 1614 27
0 1615 27
0 1616 27
0 1617 27
0 1618 27
0 1619 27
0 1620 26
0 1621 26
0 1622 27
0 1623 27
0 1624 27
0 1625 27
0 1626 27
0 1627 27
0 1628 27
0 1629 27
0 1630 27
0 1631 27
0 1632 27
0 1633 27
0 1634 27
0 1635 27
0 1636 27
0 1637 27
0 1638 27
0 1639 27
0 1640 27
0 1641 27
0 1642 27
0 1643 27
0 1644 27
0 1645 27
0 1646 27
0 1647 27
0 1648 27
0 1649 27
0 1650 27
0 1651 27
0 1652 27
0 1653 27
0 1654 27
0 1655 27
0 1656 27
0 1657 27
0 1658 28
0 1659 27
0 1660 28
0 1661 27
0 1662 27
0 1663 27
0 1664 27
0 1665 27
0 1666 27
0 1667 27
0 1668 27
0 1669 27
0 1670 27
0 1671 27
0 1672 27
0 1673 27
0 1674 27
0 1675 27
0 1676 27
0 1677 27
0 1678 28
0 1679 27
0 1680 26
0 1681 27
0 1682 27
0 1683 27
0 1684 27
0 1685 27
0 1686 27
0 1687 27
0 1688 27
0 1689 27
0 1690 27
0 1691 27
0 1692 27
0 1693 27
0 1694 27
0 1695 27
0 1696 28
0 1697 27
0 1698 27
0 1699 27
0 1700 26
0 1701 26
0 1702 26
0 1703 26
0 1704 27
0 1705 27
0 1706 27
0 1707 27
0 1708 27
0 1709 27
0 1710 27
0 1711 27
0 1712 26
0 1713 27
0 1714 27
0 1715 27
0 1716 27
0 1717 28
0 1718 27
0 1719 26
0 1720 27
0 1721 26
0 1722 27
0 1723 26
0 1724 27
0 1725 27
0 1726 27
0 1727 27
0 1728 27
0 1729 27
0 1730 27
0 1731 27
0 1732 28
0 1733 27
0 1734 27
0 1735 27
0 1736 27
0 1737 27
0 1738 27
0 1739 26
0 1740 27
0 1741 27
0 1742 27
0 1743 27
0 1744 27
0 1745 27
0 1746 27
0 1747 27
0 1748 27
0 1749 27
0 1750 27
0 1751 27
0 1752 28
0 1753 27
0 1754 27
0 1755 27
0 1756 27
0 1757 27
0 1758 27
0 1759 26
0 1760 27
0 1761 27
0 1762 27
0 1763 27
0 1764 27
0 1765 27
0 1766 27
0 1767 27
0 1768 27
0 1769 27
0 1770 27
0 1771 27
0 1772 27
0 1773 27
0 1774 27
0 1775 27
0 1776 27
0 1777 27
0 1778 28
0 1779 27
0 1780 27
0 1781 27
0 1782 27
0 1783 27
0 1784 27
0 1785 26
0 1786 27
0 1787 27
0 1788 27
0 1789 27
0 1790 27
0 1791 27
0 1792 26
0 1793 27
0 1794 27
0 1795 27
0 1796 27
0 1797 27
0 1798 27
0 1799 26
0 1800 26
0 1801 26
0 1802 26
0 1803 27
0 1804 28
0 1805 27
0 1806 27
0 1807 27
0 1808 27
0 1809 27
0 1810 27
0 1811 26
0 1812 27
0 1813 27
0 1814 27
0 1815 27
0 1816 27
0 1817 27
0 1818 28
0 1819 27
0 1820 26
0 1821 27
0 1822 27
0 1823 26
0 1824 27
0 1825 27
0 1826 27
0 1827 27
0 1828 27
0 1829 27
0 1830 27
0 1831 27
0 1832 27
0 1833 27
0 1834 27
0 1835 27
0 1836 27
0 1837 27
0 1838 27
0 1839 26
0 1840 27
0 1841 26
0 1842 27
0 1843 27
0 1844 27
0 1845 27
0 1846 27
0 1847 27
0 1848 27
0 1849 27
0 1850 27
0 1851 27
0 1852 28
0 1853 27
0 1854 27
0 1855 27
0 1856 27
0 1857 27
0 1858 27
0 1859 26
0 1860 28
0 1861 27
0 1862 27
0 1863 27
0 1864 27
0 1865 27
0 1866 27
0 1867 27
0 1868 27
0 1869 27
0 1870 27
0 1871 27
0 1872 27
0 1873 27
0 1874 27
0 1875 27
0 1876 27
0 1877 27
0 1878 28
0 1879 27
0 1880 26
0 1881 26
0 1882 26
0 1883 27
0 1884 27
0 1885 27
0 1886 27
0 1887 27
0 1888 27
0 1889 27
0 1890 27
0 1891 27
0 1892 27
0 1893 27
0 1894 27
0 1895 27
0 1896 27
0 1897 27
0 1898 27
0 1899 26
0 1900 26
0 1901 26
0 1902 26
0 1903 27
0 1904 27
0 1905 27
0 1906 27
0 1907 27
0 1908 27
0 1909 27
0 1910 27
0 1911 27
0 1912 26
0 1913 27
0 1914 27
0 1915 27
0 1916 27
0 1917 27
0 1918 27
0 1919 27
0 1920 27
0 1921 27
0 1922 27
0 1923 27
0 1924 27
0 1925 27
0 1926 27
0 1927 27
0 1928 27
0 1929 27
0 1930 27
0 1931 27
0 1932 27
0 1933 27
0 1934 27
0 1935 27
0 1936 27
0 1937 27
0 1938 27
0 1939 27
0 1940 28
0 1941 27
0 1942 27
0 1943 27
0 1944 27
0 1945 27
0 1946 27
0 1947 27
0 1948 27
0 1949 27
0 1950 27
0 1951 27
0 1952 27
0 1953 27
0 1954 27
0 1955 27
0 1956 27
0 1957 27
0 1958 27
0 1959 26
0 1960 27
0 1961 27
0 1962 27
0 1963 27
0 1964 27
0 1965 27
0 1966 27
0 1967 27
0 1968 27
0 1969 27
0 1970 27
0 1971 27
0 1972 27
0 1973 27
0 1974 27
0 1975 27
0 1976 27
0 1977 27
0 1978 27
0 1979 27
0 1980 27
0 1981 26
0 1982 26
0 1983 27
0 1984 27
0 1985 27
0 1986 27
0 1987 27
0 1988 27
0 1989 27
0 1990 28
0 1991 27
0 1992 26
0 1993 26
0 1994 27
0 1995 27
0 1996 28
0 1997 27
0 1998 27
0 1999 26
0 2000 26
0 2001 26
0 2002 26
0 2003 27
0 2004 27
0 2005 27
0 2006 27
0 2007 27
0 2008 27
0 2009 27
0 2010 27
0 2011 27
0 2012 27
0 2013 27
0 2014 27
0 2015 27
0 2016 27
0 2017 27
0 2018 28
0 2019 27
0 2020 27
0 2021 27
0 2022 27
0 2023 27
0 2024 27
0 2025 27
0 2026 27
0 2027 27
0 2028 27
0 2029 27
0 2030 27
0 2031 27
0 2032 28
0 2033 27
0 2034 27
0 2035 27
0 2036 27
0 2037 27
0 2038 27
0 2039 27
0 2040 28
0 2041 27
0 2042 27
0 2043 27
0 2044 27
0 2045 27
0 2046 27
0 2047 27
0 2048 27
0 2049 27
0 2050 27
0 2051 27
0 2052 27
0 2053 27
0 2054 27
0 2055 27
0 2056 27
0 2057 27
0 2058 27
0 2059 26
0 2060 27
0 2061 27
0 2062 27
0 2063 27
0 2064 27
0 2065 27
0 2066 27
0 2067 27
0 2068 27
0 2069 27
0 2070 27
0 2071 27
0 2072 27
0 2073 27
0 2074 27
0 2075 27
0 2076 27
0 2077 27
0 2078 27
0 2079 26
0 2080 26
0 2081 26
0 2082 27
0 2083 27
0 2084 27
0 2085 27
0 2086 27
0 2087 27
0 2088 27
0 2089 27
0 2090 27
0 2091 27
0 2092 26
0 2093 27
0 2094 27
0 2095 27
0 2096 27
0 2097 28
0 2098 27
0 2099 26
0 2100 26
0 2101 26
0 2102 26
0 2103 27
0 2104 27
0 2105 27
0 2106 27
0 2107 27
0 2108 27
0 2109 27
0 2110 27
0 2111 27
0 2112 27
0 2113 27
0 2114 27
0 2115 27
0 2116 27
0 2117 27
0 2118 28
0 2119 27
0 2120 27
0 2121 27
0 2122 27
0 2123 27
0 2124 27
0 2125 27
0 2126 27
0 2127 27
0 2128 27
0 2129 27
0 2130 27
0 2131 27
0 2132 28
0 2133 27
0 2134 27
0 2135 27
0 2136 27
0 2137 27
0 2138 27
0 2139 27
0 2140 28
0 2141 27
0 2142 27
0 2143 27
0 2144 27
0 2145 27
0 2146 27
0 2147 27
0 2148 27
0 2149 27
0 2150 27
0 2151 27
0 2152 27
0 2153 27
0 2154 27
0 2155 27
0 2156 27
0 2157 27
0 2158 27
0 2159 27
0 2160 27
0 2161 27
0 2162 27
0 2163 27
0 2164 27
0 2165 27
0 2166 27
0 2167 27
0 2168 27
0 2169 27
0 2170 27
0 2171 27
0 2172 27
0 2173 27
0 2174 27
0 2175 27
0 2176 27
0 2177 27
0 2178 28
0 2179 27
0 2180 27
0 2181 27
0 2182 27
0 2183 27
0 2184 27
0 2185 26
0 2186 27
0 2187 27
0 2188 27
0 2189 27
0 2190 27
0 2191 27
0 2192 26
0 2193 27
0 2194 27
0 2195 27
0 2196 27
0 2197 28
0 2198 27
0 2199 26
0 2200 26
0 2201 26
0 2202 26
0 2203 27
0 2204 27
0 2205 27
0 2206 27
0 2207 27
0 2208 27
0 2209 27
0 2210 27
0 2211 27
0 2212 27
0 2213 27
0 2214 27
0 2215 27
0 2216 27
0 2217 27
0 2218 28
0 2219 27
0 2220 27
0 2221 27
0 2222 28
0 2223 27
0 2224 27
0 2225 27
0 2226 27
0 2227 27
0 2228 27
0 2229 27
0 2230 27
0 2231 27
0 2232 27
0 2233 27
0 2234 27
0 2235 27
0 2236 27
0 2237 27
0 2238 27
0 2239 27
0 2240 27
0 2241 27
0 2242 27
0 2243 27
0 2244 27
0 2245 27
0 2246 27
0 2247 27
0 2248 27
0 2249 27
0 2250 27
0 2251 27
0 2252 27
0 2253 27
0 2254 27
0 2255 27
0 2256 27
0 2257 27
0 2258 28
0 2259 27
0 2260 28
0 2261 27
0 2262 26
0 2263 27
0 2264 27
0 2265 27
0 2266 27
0 2267 27
0 2268 27
0 2269 27
0 2270 27
0 2271 27
0 2272 27
0 2273 27
0 2274 27
0 2275 27
0 2276 27
0 2277 27
0 2278 27
0 2279 27
0 2280 26
0 2281 26
0 2282 26
0 2283 27
0 2284 27
0 2285 27
0 2286 27
0 2287 27
0 2288 28
0 2289 27
0 2290 27
0 2291 27
0 2292 27
0 2293 27
0 2294 27
0 2295 27
0 2296 27
0 2297 28
0 2298 27
0 2299 26
0 2300 26
0 2301 26
0 2302 26
0 2303 27
0 2304 27
0 2305 27
0 2306 27
0 2307 27
0 2308 27
0 2309 27
0 2310 27
0 2311 27
0 2312 27
0 2313 27
0 2314 27
0 2315 27
0 2316 27
0 2317 27
0 2318 28
0 2319 27
0 2320 27
0 2321 27
0 2322 27
0 2323 27
0 2324 27
0 2325 27
0 2326 27
0 2327 27
0 2328 27
0 2329 27
0 2330 27
0 2331 27
0 2332 28
0 2333 27
0 2334 27
0 2335 27
0 2336 27
0 2337 27
0 2338 27
0 2339 27
0 2340 28
0 2341 27
0 2342 27
0 2343 27
0 2344 27
0 2345 27
0 2346 27
0 2347 27
0 2348 27
0 2349 27
0 2350 27
0 2351 27
0 2352 27
0 2353 27
0 2354 27
0 2355 27
0 2356 27
0 2357 27
0 2358 28
0 2359 27
0 2360 27
0 2361 27
0 2362 27
0 2363 27
0 2364 27
0 2365 27
0 2366 27
0 2367 27
0 2368 27
0 2369 27
0 2370 27
0 2371 27
0 2372 27
0 2373 27
0 2374 27
0 2375 27
0 2376 27
0 2377 27
0 2378 27
0 2379 26
0 2380 26
0 2381 26
0 2382 26
0 2383 26
0 2384 27
0 2385 26
0 2386 27
0 2387 27
0 2388 28
0 2389 27
0 2390 27
0 2391 27
0 2392 26
0 2393 27
0 2394 27
0 2395 27
0 2396 27
0 2397 27
0 2398 27
0 2399 26
0 2400 26
0 2401 26
0 2402 26
0 2403 26
0 2404 27
0 2405 27
0 2406 27
0 2407 27
0 2408 27
0 2409 27
0 2410 27
0 2411 27
0 2412 27
0 2413 27
0 2414 27
0 2415 27
0 2416 27
0 2417 27
0 2418 28
0 2419 26
0 2420 27
0 2421 27
0 2422 27
0 2423 27
0 2424 27
0 2425 27
0 2426 27
0 2427 27
0 2428 27
0 2429 27
0 2430 27
0 2431 27
0 2432 28
0 2433 27
0 2434 27
0 2435 26
0 2436 27
0 2437 27
0 2438 27
0 2439 27
0 2440 28
0 2441 27
0 2442 27
0 2443 27
0 2444 27
0 2445 27
0 2446 27
0 2447 27
0 2448 27
0 2449 27
0 2450 27
0 2451 27
0 2452 27
0 2453 27
0 2454 27
0 2455 27
0 2456 27
0 2457 27
0 2458 28
0 2459 27
0 2460 27
0 2461 27
0 2462 27
0 2463 27
0 2464 27
0 2465 27
0 2466 27
0 2467 27
0 2468 27
0 2469 27
0 2470 28
0 2471 27
0 2472 26
0 2473 27
0 2474 27
0 2475 27
0 2476 27
0 2477 28
0 2478 27
0 2479 26
0 2480 26
0 2481 26
0 2482 26
0 2483 27
0 2484 27
0 2485 27
0 2486 27
0 2487 27
0 2488 28
0 2489 27
0 2490 27
0 2491 27
0 2492 26
0 2493 27
0 2494 27
0 2495 27
0 2496 27
0 2497 27
0 2498 27
0 2499 27
0 2500 27
0 2501 27
0 2502 27
0 2503 27
0 2504 27
0 2505 27
0 2506 27
0 2507 27
0 2508 27
0 2509 27
0 2510 27
0 2511 28
0 2512 27
0 2513 27
0 2514 27
0 2515 27
0 2516 27
0 2517 27
0 2518 27
0 2519 27
0 2520 27
0 2521 27
0 2522 27
0 2523 27
0 2524 27
0 2525 27
0 2526 27
0 2527 27
0 2528 27
0 2529 27
0 2530 27
0 2531 27
0 2532 28
0 2533 27
0 2534 27
0 2535 27
0 2536 27
0 2537 27
0 2538 27
0 2539 26
0 2540 28
0 2541 27
0 2542 27
0 2543 27
0 2544 27
0 2545 27
0 2546 27
0 2547 27
0 2548 27
0 2549 27
0 2550 27
0 2551 27
0 2552 27
0 2553 27
0 2554 27
0 2555 27
0 2556 27
0 2557 27
0 2558 27
0 2559 27
0 2560 27
0 2561 27
0 2562 27
0 2563 27
0 2564 27
0 2565 27
0 2566 27
0 2567 27
0 2568 27
0 2569 28
0 2570 27
0 2571 27
0 2572 27
0 2573 27
0 2574 27
0 2575 27
0 2576 27
0 2577 27
0 2578 27
0 2579 27
0 2580 26
0 2581 26
0 2582 26
0 2583 26
0 2584 26
0 2585 27
0 2586 27
0 2587 27
0 2588 27
0 2589 27
0 2590 27
0 2591 27
0 2592 26
0 2593 27
0 2594 27
0 2595 27
0 2596 27
0 2597 27
0 2598 27
0 2599 26
0 2600 26
0 2601 26
0 2602 26
0 2603 27
0 2604 27
0 2605 27
0 2606 27
0 2607 27
0 2608 27
0 2609 27
0 2610 27
0 2611 27
0 2612 27
0 2613 27
0 2614 27
0 2615 27
0 2616 27
0 2617 27
0 2618 28
0 2619 27
0 2620 27
0 2621 27
0 2622 27
0 2623 27
0 2624 27
0 2625 27
0 2626 27
0 2627 27
0 2628 27
0 2629 27
0 2630 27
0 2631 27
0 2632 27
0 2633 27
0 2634 27
0 2635 27
0 2636 27
0 2637 27
0 2638 28
0 2639 27
0 2640 27
0 2641 27
0 2642 27
0 2643 27
0 2644 27
0 2645 27
0 2646 27
0 2647 27
0 2648 27
0 2649 27
0 2650 27
0 2651 27
0 2652 27
0 2653 27
0 2654 27
0 2655 27
0 2656 27
0 2657 27
0 2658 27
0 2659 27
0 2660 27
0 2661 27
0 2662 26
0 2663 27
0 2664 26
0 2665 27
0 2666 27
0 2667 27
0 2668 27
0 2669 27
0 2670 27
0 2671 27
0 2672 26
0 2673 26
0 2674 27
0 2675 27
0 2676 27
0 2677 28
0 2678 27
0 2679 26
0 2680 26
0 2681 26
0 2682 26
0 2683 26
0 2684 27
0 2685 27
0 2686 27
0 2687 27
0 2688 28
0 2689 27
0 2690 27
0 2691 26
0 2692 27
0 2693 27
0 2694 27
0 2695 27
0 2696 27
0 2697 27
0 2698 27
0 2699 27
0 2700 27
0 2701 27
0 2702 27
0 2703 26
0 2704 27
0 2705 27
0 2706 27
0 2707 27
0 2708 27
0 2709 27
0 2710 27
0 2711 27
0 2712 27
0 2713 27
0 2714 27
0 2715 27
0 2716 27
0 2717 27
0 2718 27
0 2719 26
0 2720 27
0 2721 27
0 2722 27
0 2723 27
0 2724 27
0 2725 27
0 2726 27
0 2727 27
0 2728 27
0 2729 27
0 2730 27
0 2731 27
0 2732 27
0 2733 27
0 2734 27
0 2735 27
0 2736 27
0 2737 27
0 2738 28
0 2739 26
0 2740 28
0 2741 27
0 2742 27
0 2743 26
0 2744 27
0 2745 27
0 2746 27
0 2747 27
0 2748 27
0 2749 27
0 2750 27
0 2751 27
0 2752 27
0 2753 27
0 2754 27
0 2755 27
0 2756 27
0 2757 27
0 2758 28
0 2759 27
0 2760 27
0 2761 27
0 2762 27
0 2763 27
0 2764 27
0 2765 27
0 2766 27
0 2767 27
0 2768 27
0 2769 27
0 2770 27
0 2771 27
0 2772 27
0 2773 27
0 2774 27
0 2775 27
0 2776 27
0 2777 28
0 2778 27
0 2779 26
0 2780 26
0 2781 26
0 2782 26
0 2783 26
0 2784 27
0 2785 27
0 2786 27
0 2787 27
0 2788 27
0 2789 28
0 2790 28
0 2791 27
0 2792 26
0 2793 27
0 2794 27
0 2795 27
0 2796 27
0 2797 28
0 2798 27
0 2799 26
0 2800 26
0 2801 27
0 2802 27
0 2803 27
0 2804 27
0 2805 27
0 2806 27
0 2807 27
0 2808 27
0 2809 27
0 2810 27
0 2811 27
0 2812 27
0 2813 27
0 2814 27
0 2815 27
0 2816 27
0 2817 27
0 2818 27
0 2819 27
0 2820 28
0 2821 27
0 2822 27
0 2823 27
0 2824 27
0 2825 27
0 2826 27
0 2827 27
0 2828 27
0 2829 27
0 2830 27
0 2831 27
0 2832 27
0 2833 27
0 2834 27
0 2835 27
0 2836 27
0 2837 27
0 2838 27
0 2839 27
0 2840 27
0 2841 27
0 2842 27
0 2843 27
0 2844 27
0 2845 27
0 2846 27
0 2847 27
0 2848 27
0 2849 27
0 2850 27
0 2851 27
0 2852 27
0 2853 27
0 2854 27
0 2855 27
0 2856 27
0 2857 27
0 2858 27
0 2859 27
0 2860 26
0 2861 26
0 2862 26
0 2863 27
0 2864 27
0 2865 27
0 2866 27
0 2867 27
0 2868 27
0 2869 27
0 2870 27
0 2871 27
0 2872 26
0 2873 27
0 2874 27
0 2875 27
0 2876 27
0 2877 28
0 2878 27
0 2879 26
0 2880 26
0 2881 26
0 2882 26
0 2883 26
0 2884 27
0 2885 27
0 2886 27
0 2887 27
0 2888 27
0 2889 27
0 2890 28
0 2891 27
0 2892 27
0 2893 27
0 2894 27
0 2895 27
0 2896 27
0 2897 27
0 2898 28
0 2899 27
0 2900 27
0 2901 27
0 2902 27
0 2903 26
0 2904 27
0 2905 27
0 2906 27
0 2907 27
0 2908 27
0 2909 27
0 2910 27
0 2911 27
0 2912 27
0 2913 27
0 2914 27
0 2915 27
0 2916 27
0 2917 27
0 2918 28
0 2919 27
0 2920 27
0 2921 27
0 2922 27
0 2923 27
0 2924 27
0 2925 27
0 2926 27
0 2927 27
0 2928 27
0 2929 27
0 2930 27
0 2931 27
0 2932 28
0 2933 27
0 2934 27
0 2935 27
0 2936 27
0 2937 27
0 2938 28
0 2939 27
0 2940 27
0 2941 27
0 2942 27
0 2943 27
0 2944 27
0 2945 27
0 2946 27
0 2947 27
0 2948 27
0 2949 27
0 2950 27
0 2951 27
0 2952 27
0 2953 27
0 2954 27
0 2955 27
0 2956 27
0 2957 27
0 2958 27
0 2959 27
0 2960 26
0 2961 26
0 2962 26
0 2963 27
0 2964 27
0 2965 27
0 2966 27
0 2967 27
0 2968 27
0 2969 27
0 2970 27
0 2971 27
0 2972 26
0 2973 27
0 2974 27
0 2975 27
0 2976 26
0 2977 28
0 2978 27
0 2979 26
0 2980 26
0 2981 26
0 2982 26
0 2983 27
0 2984 27
0 2985 27
0 2986 27
0 2987 27
0 2988 28
0 2989 27
0 2990 27
0 2991 27
0 2992 26
0 2993 27
0 2994 27
0 2995 27
0 2996 27
0 2997 27
0 2998 27
0 2999 27
0 3000 26
0 3001 27
0 3002 27
0 3003 27
0 3004 27
0 3005 27
0 3006 27
0 3007 27
0 3008 27
0 3009 27
0 3010 27
0 3011 27
0 3012 27
0 3013 27
0 3014 27
0 3015 27
0 3016 27
0 3017 27
0 3018 28
0 3019 26
0 3020 27
0 3021 27
0 3022 27
0 3023 27
0 3024 27
0 3025 27
0 3026 27
0 3027 27
0 3028 27
0 3029 27
0 3030 27
0 3031 27
0 3032 27
0 3033 27
0 3034 27
0 3035 27
0 3036 27
0 3037 27
0 3038 28
0 3039 27
0 3040 27
0 3041 27
0 3042 27
0 3043 27
0 3044 27
0 3045 27
0 3046 27
0 3047 27
0 3048 27
0 3049 27
0 3050 27
0 3051 27
0 3052 27
0 3053 27
0 3054 27
0 3055 27
0 3056 26
0 3057 28
0 3058 27
0 3059 26
0 3060 26
0 3061 26
0 3062 26
0 3063 26
0 3064 27
0 3065 26
0 3066 27
0 3067 27
0 3068 27
0 3069 27
0 3070 27
0 3071 27
0 3072 26
0 3073 26
0 3074 27
0 3075 27
0 3076 27
0 3077 27
0 3078 27
0 3079 27
0 3080 26
0 3081 26
0 3082 26
0 3083 26
0 3084 27
0 3085 26
0 3086 27
0 3087 27
0 3088 27
0 3089 27
0 3090 27
0 3091 27
0 3092 27
0 3093 27
0 3094 27
0 3095 27
0 3096 27
0 3097 27
0 3098 27
0 3099 27
0 3100 27
0 3101 27
0 3102 27
0 3103 27
0 3104 27
0 3105 27
0 3106 27
0 3107 27
0 3108 27
0 3109 27
0 3110 27
0 3111 27
0 3112 27
0 3113 27
0 3114 27
0 3115 27
0 3116 27
0 3117 27
0 3118 27
0 3119 27
0 3120 27
0 3121 27
0 3122 27
0 3123 27
0 3124 27
0 3125 27
0 3126 27
0 3127 27
0 3128 27
0 3129 27
0 3130 27
0 3131 27
0 3132 27
0 3133 27
0 3134 27
0 3135 27
0 3136 27
0 3137 27
0 3138 27
0 3139 26
0 3140 27
0 3141 27
0 3142 27
0 3143 27
0 3144 26
0 3145 27
0 3146 27
0 3147 27
0 3148 27
0 3149 27
0 3150 27
0 3151 27
0 3152 27
0 3153 27
0 3154 27
0 3155 27
0 3156 27
0 3157 28
0 3158 27
0 3159 26
0 3160 26
0 3161 26
0 3162 26
0 3163 27
0 3164 27
0 3165 27
0 3166 27
0 3167 27
0 3168 27
0 3169 27
0 3170 27
0 3171 27
0 3172 26
0 3173 27
0 3174 26
0 3175 27
0 3176 28
0 3177 27
0 3178 27
0 3179 26
0 3180 26
0 3181 26
0 3182 26
0 3183 27
0 3184 27
0 3185 27
0 3186 27
0 3187 27
0 3188 27
0 3189 27
0 3190 27
0 3191 27
0 3192 27
0 3193 27
0 3194 27
0 3195 27
0 3196 27
0 3197 27
0 3198 27
0 3199 27
0 3200 27
0 3201 27
0 3202 27
0 3203 27
0 3204 27
0 3205 27
0 3206 27
0 3207 27
0 3208 27
0 3209 27
0 3210 27
0 3211 27
0 3212 27
0 3213 27
0 3214 27
0 3215 27
0 3216 27
0 3217 27
0 3218 27
0 3219 26
0 3220 27
0 3221 27
0 3222 27
0 3223 27
0 3224 27
0 3225 27
0 3226 27
0 3227 27
0 3228 27
0 3229 27
0 3230 27
0 3231 27
0 3232 27
0 3233 27
0 3234 27
0 3235 27
0 3236 27
0 3237 27
0 3238 27
0 3239 27
0 3240 27
0 3241 27
0 3242 27
0 3243 27
0 3244 27
0 3245 27
0 3246 27
0 3247 27
0 3248 27
0 3249 27
0 3250 27
0 3251 27
0 3252 27
0 3253 27
0 3254 27
0 3255 27
0 3256 28
0 3257 27
0 3258 27
0 3259 27
0 3260 26
0 3261 26
0 3262 26
0 3263 26
0 3264 27
0 3265 27
0 3266 27
0 3267 27
0 3268 28
0 3269 27
0 3270 27
0 3271 27
0 3272 26
0 3273 27
0 3274 27
0 3275 27
0 3276 27
0 3277 28
0 3278 27
0 3279 26
0 3280 26
0 3281 26
0 3282 26
0 3283 27
0 3284 27
0 3285 27
0 3286 27
0 3287 27
0 3288 27
0 3289 27
0 3290 27
0 3291 27
0 3292 27
0 3293 27
0 3294 27
0 3295 27
0 3296 27
0 3297 27
0 3298 27
0 3299 26
0 3300 27
0 3301 27
0 3302 27
0 3303 27
0 3304 27
0 3305 27
0 3306 27
0 3307 27
0 3308 27
0 3309 27
0 3310 27
0 3311 27
0 3312 27
0 3313 27
0 3314 27
0 3315 27
0 3316 27
0 3317 27
0 3318 27
0 3319 27
0 3320 27
0 3321 27
0 3322 27
0 3323 27
0 3324 27
0 3325 27
0 3326 27
0 3327 27
0 3328 27
0 3329 27
0 3330 27
0 3331 27
0 3332 27
0 3333 27
0 3334 27
0 3335 27
0 3336 27
0 3337 27
0 3338 27
0 3339 27
0 3340 27
0 3341 27
0 3342 27
0 3343 26
0 3344 27
0 3345 27
0 3346 27
0 3347 27
0 3348 27
0 3349 27
0 3350 27
0 3351 27
0 3352 26
0 3353 27
0 3354 27
0 3355 27
0 3356 27
0 3357 27
0 3358 27
0 3359 26
0 3360 26
0 3361 26
0 3362 26
0 3363 27
0 3364 27
0 3365 27
0 3366 27
0 3367 27
0 3368 28
0 3369 27
0 3370 27
0 3371 27
0 3372 26
0 3373 27
0 3374 27
0 3375 27
0 3376 27
0 3377 28
0 3378 27
0 3379 26
0 3380 26
0 3381 26
0 3382 26
0 3383 27
0 3384 27
0 3385 27
0 3386 27
0 3387 27
0 3388 27
0 3389 27
0 3390 27
0 3391 26
0 3392 27
0 3393 27
0 3394 27
0 3395 27
0 3396 27
0 3397 27
0 3398 28
0 3399 27
0 3400 27
0 3401 27
0 3402 27
0 3403 27
0 3404 27
0 3405 27
0 3406 27
0 3407 27
0 3408 27
0 3409 27
0 3410 27
0 3411 27
0 3412 28
0 3413 27
0 3414 27
0 3415 27
0 3416 27
0 3417 27
0 3418 28
0 3419 27
0 3420 27
0 3421 27
0 3422 27
0 3423 27
0 3424 27
0 3425 27
0 3426 27
0 3427 27
0 3428 27
0 3429 27
0 3430 27
0 3431 27
0 3432 27
0 3433 27
0 3434 27
0 3435 27
0 3436 27
0 3437 27
0 3438 28
0 3439 27
0 3440 26
0 3441 26
0 3442 27
0 3443 27
0 3444 27
0 3445 27
0 3446 27
0 3447 27
0 3448 27
0 3449 27
0 3450 27
0 3451 27
0 3452 26
0 3453 27
0 3454 27
0 3455 27
0 3456 27
0 3457 28
0 3458 27
0 3459 27
0 3460 27
0 3461 27
0 3462 26
0 3463 26
0 3464 27
0 3465 27
0 3466 27
0 3467 27
0 3468 28
0 3469 27
0 3470 27
0 3471 27
0 3472 26
0 3473 27
0 3474 27
0 3475 27
0 3476 27
0 3477 27
0 3478 27
0 3479 26
0 3480 26
0 3481 26
0 3482 26
0 3483 27
0 3484 27
0 3485 27
0 3486 27
0 3487 27
0 3488 27
0 3489 27
0 3490 27
0 3491 27
0 3492 27
0 3493 27
0 3494 27
0 3495 27
0 3496 27
0 3497 27
0 3498 28
0 3499 27
0 3500 27
0 3501 27
0 3502 27
0 3503 27
0 3504 27
0 3505 27
0 3506 27
0 3507 27
0 3508 27
0 3509 27
0 3510 27
0 3511 27
0 3512 27
0 3513 27
0 3514 27
0 3515 27
0 3516 27
0 3517 27
0 3518 27
0 3519 27
0 3520 27
0 3521 27
0 3522 27
0 3523 27
0 3524 27
0 3525 27
0 3526 27
0 3527 27
0 3528 27
0 3529 27
0 3530 27
0 3531 27
0 3532 27
0 3533 27
0 3534 27
0 3535 27
0 3536 27
0 3537 27
0 3538 28
0 3539 27
0 3540 27
0 3541 27
0 3542 27
0 3543 27
0 3544 27
0 3545 27
0 3546 27
0 3547 27
0 3548 27
0 3549 28
0 3550 27
0 3551 27
0 3552 27
0 3553 27
0 3554 27
0 3555 27
0 3556 27
0 3557 28
0 3558 27
0 3559 26
0 3560 26
0 3561 26
0 3562 26
0 3563 26
0 3564 27
0 3565 27
0 3566 27
0 3567 27
0 3568 27
0 3569 27
0 3570 28
0 3571 27
0 3572 26
0 3573 27
0 3574 27
0 3575 27
0 3576 27
0 3577 27
0 3578 27
0 3579 27
0 3580 26
0 3581 27
0 3582 26
0 3583 27
0 3584 27
0 3585 27
0 3586 27
0 3587 27
0 3588 27
0 3589 27
0 3590 27
0 3591 27
0 3592 27
0 3593 27
0 3594 27
0 3595 27
0 3596 27
0 3597 27
0 3598 28
0 3599 27
0 3600 27
0 3601 27
0 3602 27
0 3603 27
0 3604 27
0 3605 27
0 3606 27
0 3607 27
0 3608 27
0 3609 27
0 3610 27
0 3611 27
0 3612 28
0 3613 27
0 3614 27
0 3615 27
0 3616 27
0 3617 27
0 3618 27
0 3619 26
0 3620 27
0 3621 27
0 3622 27
0 3623 26
0 3624 27
0 3625 27
0 3626 27
0 3627 27
0 3628 27
0 3629 27
0 3630 27
0 3631 28
0 3632 27
0 3633 27
0 3634 27
0 3635 27
0 3636 27
0 3637 27
0 3638 27
0 3639 27
0 3640 26
0 3641 26
0 3642 26
0 3643 27
0 3644 28
0 3645 27
0 3646 27
0 3647 27
0 3648 27
0 3649 27
0 3650 27
0 3651 27
0 3652 27
0 3653 27
0 3654 27
0 3655 27
0 3656 28
0 3657 26
0 3658 27
0 3659 26
0 3660 26
0 3661 26
0 3662 26
0 3663 26
0 3664 27
0 3665 26
0 3666 27
0 3667 27
0 3668 27
0 3669 27
0 3670 27
0 3671 27
0 3672 26
0 3673 27
0 3674 27
0 3675 27
0 3676 27
0 3677 27
0 3678 27
0 3679 26
0 3680 26
0 3681 26
0 3682 27
0 3683 27
0 3684 27
0 3685 27
0 3686 27
0 3687 27
0 3688 27
0 3689 27
0 3690 27
0 3691 26
0 3692 27
0 3693 27
0 3694 27
0 3695 27
0 3696 27
0 3697 27
0 3698 27
0 3699 27
0 3700 28
0 3701 27
0 3702 27
0 3703 27
0 3704 27
0 3705 27
0 3706 27
0 3707 27
0 3708 27
0 3709 27
0 3710 27
0 3711 27
0 3712 27
0 3713 27
0 3714 27
0 3715 27
0 3716 27
0 3717 27
0 3718 27
0 3719 27
0 3720 27
0 3721 27
0 3722 27
0 3723 27
0 3724 27
0 3725 27
0 3726 27
0 3727 27
0 3728 27
0 3729 27
0 3730 27
0 3731 28
0 3732 27
0 3733 27
0 3734 27
0 3735 27
0 3736 27
0 3737 27
0 3738 27
0 3739 26
0 3740 26
0 3741 26
0 3742 26
0 3743 27
0 3744 27
0 3745 27
0 3746 27
0 3747 27
0 3748 28
0 3749 27
0 3750 27
0 3751 27
0 3752 26
0 3753 26
0 3754 27
0 3755 27
0 3756 27
0 3757 28
0 3758 27
0 3759 26
0 3760 26
0 3761 26
0 3762 26
0 3763 26
0 3764 27
0 3765 27
0 3766 27
0 3767 27
0 3768 28
0 3769 27
0 3770 27
0 3771 27
0 3772 26
0 3773 27
0 3774 27
0 3775 27
0 3776 26
0 3777 28
0 3778 27
0 3779 27
0 3780 27
0 3781 27
0 3782 26
0 3783 27
0 3784 27
0 3785 27
0 3786 27
0 3787 27
0 3788 27
0 3789 27
0 3790 27
0 3791 27
0 3792 27
0 3793 27
0 3794 27
0 3795 27
0 3796 27
0 3797 27
0 3798 28
0 3799 26
0 3800 27
0 3801 27
0 3802 27
0 3803 27
0 3804 27
0 3805 27
0 3806 27
0 3807 27
0 3808 27
0 3809 27
0 3810 27
0 3811 27
0 3812 28
0 3813 27
0 3814 27
0 3815 27
0 3816 27
0 3817 27
0 3818 27
0 3819 27
0 3820 27
0 3821 27
0 3822 27
0 3823 26
0 3824 27
0 3825 27
0 3826 27
0 3827 27
0 3828 27
0 3829 27
0 3830 27
0 3831 27
0 3832 27
0 3833 27
0 3834 27
0 3835 27
0 3836 27
0 3837 27
0 3838 27
0 3839 27
0 3840 26
0 3841 26
0 3842 26
0 3843 27
0 3844 27
0 3845 27
0 3846 27
0 3847 27
0 3848 27
0 3849 27
0 3850 27
0 3851 27
0 3852 26
0 3853 27
0 3854 27
0 3855 27
0 3856 28
0 3857 27
0 3858 27
0 3859 26
0 3860 26
0 3861 26
0 3862 26
0 3863 26
0 3864 27
0 3865 26
0 3866 27
0 3867 27
0 3868 28
0 3869 27
0 3870 27
0 3871 27
0 3872 26
0 3873 27
0 3874 27
0 3875 27
0 3876 27
0 3877 28
0 3878 27
0 3879 26
0 3880 26
0 3881 26
0 3882 27
0 3883 27
0 3884 27
0 3885 27
0 3886 27
0 3887 27
0 3888 27
0 3889 27
0 3890 27
0 3891 27
0 3892 27
0 3893 27
0 3894 27
0 3895 27
0 3896 27
0 3897 27
0 3898 28
0 3899 27
0 3900 27
0 3901 27
0 3902 27
0 3903 27
0 3904 27
0 3905 27
0 3906 27
0 3907 27
0 3908 27
0 3909 27
0 3910 27
0 3911 27
0 3912 28
0 3913 27
0 3914 27
0 3915 27
0 3916 27
0 3917 27
0 3918 28
0 3919 26
0 3920 27
0 3921 27
0 3922 27
0 3923 27
0 3924 27
0 3925 27
0 3926 27
0 3927 27
0 3928 27
0 3929 27
0 3930 27
0 3931 27
0 3932 27
0 3933 27
0 3934 27
0 3935 27
0 3936 27
0 3937 27
0 3938 27
0 3939 27
0 3940 26
0 3941 26
0 3942 26
0 3943 26
0 3944 26
0 3945 27
0 3946 27
0 3947 27
0 3948 28
0 3949 27
0 3950 27
0 3951 27
0 3952 26
0 3953 27
0 3954 26
0 3955 27
0 3956 26
0 3957 27
0 3958 27
0 3959 26
0 3960 26
0 3961 26
0 3962 26
0 3963 26
0 3964 27
0 3965 27
0 3966 27
0 3967 27
0 3968 28
0 3969 27
0 3970 27
0 3971 27
0 3972 27
0 3973 27
0 3974 27
0 3975 27
0 3976 27
0 3977 27
0 3978 28
0 3979 27
0 3980 26
0 3981 27
0 3982 27
0 3983 26
0 3984 27
0 3985 27
0 3986 27
0 3987 27
0 3988 27
0 3989 27
0 3990 27
0 3991 27
0 3992 27
0 3993 27
0 3994 27
0 3995 27
0 3996 27
0 3997 27
0 3998 28
0 3999 27
0 4000 27
0 4001 27
0 4002 27
0 4003 27
0 4004 27
0 4005 27
0 4006 27
0 4007 27
0 4008 27
0 4009 27
0 4010 27
0 4011 27
0 4012 27
0 4013 27
0 4014 27
0 4015 27
0 4016 27
0 4017 27
0 4018 28
0 4019 27
0 4020 27
0 4021 27
0 4022 27
0 4023 27
0 4024 27
0 4025 27
0 4026 27
0 4027 27
0 4028 27
0 4029 27
0 4030 27
0 4031 27
0 4032 26
0 4033 27
0 4034 27
0 4035 27
0 4036 27
0 4037 27
0 4038 27
0 4039 27
0 4040 26
0 4041 26
0 4042 26
0 4043 27
0 4044 27
0 4045 26
0 4046 27
0 4047 27
0 4048 28
0 4049 27
0 4050 27
0 4051 27
0 4052 26
0 4053 26
0 4054 27
0 4055 27
0 4056 28
0 4057 26
0 4058 27
0 4059 27
0 4060 26
0 4061 26
0 4062 26
0 4063 26
0 4064 27
0 4065 26
0 4066 27
0 4067 27
0 4068 27
0 4069 27
0 4070 27
0 4071 27
0 4072 27
0 4073 27
0 4074 27
0 4075 27
0 4076 27
0 4077 27
0 4078 27
0 4079 27
0 4080 27
0 4081 27
0 4082 27
0 4083 27
0 4084 27
0 4085 27
0 4086 27
0 4087 27
0 4088 27
0 4089 27
0 4090 27
0 4091 27
0 4092 27
0 4093 27
0 4094 27
0 4095 27
0 4096 27
0 4097 27
0 4098 27
0 4099 27
0 4100 28
0 4101 26
0 4102 27
0 4103 27
0 4104 27
0 4105 27
0 4106 27
0 4107 27
0 4108 27
0 4109 27
0 4110 27
0 4111 27
0 4112 27
0 4113 27
0 4114 27
0 4115 27
0 4116 27
0 4117 27
0 4118 28
0 4119 27
0 4120 27
0 4121 27
0 4122 27
0 4123 27
0 4124 28
0 4125 27
0 4126 27
0 4127 27
0 4128 27
0 4129 28
0 4130 27
0 4131 27
0 4132 27
0 4133 27
0 4134 27
0 4135 27
0 4136 26
0 4137 28
0 4138 27
0 4139 26
0 4140 26
0 4141 26
0 4142 26
0 4143 26
0 4144 27
0 4145 27
0 4146 27
0 4147 27
0 4148 28
0 4149 27
0 4150 27
0 4151 27
0 4152 26
0 4153 26
0 4154 26
0 4155 27
0 4156 27
0 4157 27
0 4158 27
0 4159 26
0 4160 26
0 4161 26
0 4162 26
0 4163 27
0 4164 28
0 4165 27
0 4166 27
0 4167 27
0 4168 27
0 4169 28
0 4170 27
0 4171 27
0 4172 27
0 4173 27
0 4174 27
0 4175 27
0 4176 27
0 4177 27
0 4178 28
0 4179 27
0 4180 27
0 4181 27
0 4182 27
0 4183 27
0 4184 27
0 4185 27
0 4186 27
0 4187 27
0 4188 27
0 4189 27
0 4190 27
0 4191 27
0 4192 27
0 4193 27
0 4194 27
0 4195 27
0 4196 27
0 4197 27
0 4198 27
0 4199 27
0 4200 27
0 4201 27
0 4202 27
0 4203 27
0 4204 27
0 4205 27
0 4206 27
0 4207 27
0 4208 27
0 4209 27
0 4210 27
0 4211 27
0 4212 28
0 4213 27
0 4214 27
0 4215 27
0 4216 27
0 4217 27
0 4218 28
0 4219 27
0 4220 26
0 4221 27
0 4222 26
0 4223 27
0 4224 27
0 4225 27
0 4226 27
0 4227 27
0 4228 27
0 4229 27
0 4230 28
0 4231 27
0 4232 27
0 4233 27
0 4234 27
0 4235 27
0 4236 27
0 4237 28
0 4238 27
0 4239 26
0 4240 26
0 4241 26
0 4242 26
0 4243 27
0 4244 27
0 4245 28
0 4246 27
0 4247 27
0 4248 27
0 4249 27
0 4250 27
0 4251 27
0 4252 26
0 4253 26
0 4254 26
0 4255 27
0 4256 27
0 4257 27
0 4258 27
0 4259 26
0 4260 26
0 4261 26
0 4262 26
0 4263 27
0 4264 27
0 4265 27
0 4266 27
0 4267 27
0 4268 27
0 4269 27
0 4270 27
0 4271 27
0 4272 27
0 4273 27
0 4274 27
0 4275 27
0 4276 27
0 4277 27
0 4278 27
0 4279 27
0 4280 27
0 4281 27
0 4282 27
0 4283 27
0 4284 27
0 4285 27
0 4286 27
0 4287 27
0 4288 27
0 4289 27
0 4290 27
0 4291 27
0 4292 28
0 4293 27
0 4294 27
0 4295 27
0 4296 27
0 4297 27
0 4298 27
0 4299 26
0 4300 27
0 4301 27
0 4302 27
0 4303 27
0 4304 27
0 4305 27
0 4306 27
0 4307 27
0 4308 27
0 4309 27
0 4310 27
0 4311 27
0 4312 27
0 4313 27
0 4314 27
0 4315 27
0 4316 27
0 4317 27
0 4318 27
0 4319 27
0 4320 26
0 4321 27
0 4322 26
0 4323 27
0 4324 27
0 4325 27
0 4326 27
0 4327 27
0 4328 27
0 4329 27
0 4330 28
0 4331 27
0 4332 27
0 4333 27
0 4334 27
0 4335 27
0 4336 27
0 4337 27
0 4338 27
0 4339 26
0 4340 26
0 4341 26
0 4342 26
0 4343 26
0 4344 27
0 4345 27
0 4346 27
0 4347 27
0 4348 27
0 4349 27
0 4350 27
0 4351 27
0 4352 26
0 4353 27
0 4354 27
0 4355 27
0 4356 27
0 4357 27
0 4358 27
0 4359 26
0 4360 26
0 4361 26
0 4362 26
0 4363 27
0 4364 27
0 4365 27
0 4366 27
0 4367 27
0 4368 27
0 4369 27
0 4370 27
0 4371 27
0 4372 27
0 4373 27
0 4374 27
0 4375 27
0 4376 27
0 4377 27
0 4378 28
0 4379 27
0 4380 27
0 4381 27
0 4382 26
0 4383 27
0 4384 27
0 4385 27
0 4386 27
0 4387 27
0 4388 27
0 4389 27
0 4390 27
0 4391 27
0 4392 27
0 4393 27
0 4394 27
0 4395 27
0 4396 27
0 4397 27
0 4398 28
0 4399 27
0 4400 27
0 4401 27
0 4402 27
0 4403 27
0 4404 27
0 4405 27
0 4406 27
0 4407 27
0 4408 27
0 4409 27
0 4410 27
0 4411 27
0 4412 27
0 4413 27
0 4414 27
0 4415 27
0 4416 27
0 4417 27
0 4418 27
0 4419 27
0 4420 27
0 4421 27
0 4422 27
0 4423 27
0 4424 27
0 4425 27
0 4426 27
0 4427 27
0 4428 27
0 4429 27
0 4430 27
0 4431 27
0 4432 26
0 4433 27
0 4434 27
0 4435 27
0 4436 27
0 4437 28
0 4438 27
0 4439 26
0 4440 26
0 4441 26
0 4442 26
0 4443 26
0 4444 27
0 4445 27
0 4446 27
0 4447 27
0 4448 27
0 4449 27
0 4450 27
0 4451 27
0 4452 27
0 4453 27
0 4454 27
0 4455 27
0 4456 26
0 4457 28
0 4458 27
0 4459 26
0 4460 26
0 4461 26
0 4462 26
0 4463 27
0 4464 26
0 4465 27
0 4466 27
0 4467 27
0 4468 27
0 4469 27
0 4470 27
0 4471 26
0 4472 27
0 4473 27
0 4474 27
0 4475 27
0 4476 27
0 4477 27
0 4478 27
0 4479 27
0 4480 27
0 4481 27
0 4482 27
0 4483 27
0 4484 27
0 4485 27
0 4486 27
0 4487 27
0 4488 27
0 4489 27
0 4490 27
0 4491 27
0 4492 28
0 4493 27
0 4494 27
0 4495 27
0 4496 27
0 4497 27
0 4498 27
0 4499 26
0 4500 27
0 4501 27
0 4502 27
0 4503 27
0 4504 27
0 4505 27
0 4506 27
0 4507 27
0 4508 27
0 4509 27
0 4510 27
0 4511 27
0 4512 27
0 4513 27
0 4514 27
0 4515 27
0 4516 27
0 4517 27
0 4518 27
0 4519 27
0 4520 26
0 4521 26
0 4522 27
0 4523 27
0 4524 27
0 4525 27
0 4526 27
0 4527 27
0 4528 27
0 4529 27
0 4530 28
0 4531 27
0 4532 27
0 4533 27
0 4534 27
0 4535 27
0 4536 27
0 4537 28
0 4538 27
0 4539 26
0 4540 26
0 4541 26
0 4542 26
0 4543 26
0 4544 26
0 4545 26
0 4546 27
0 4547 27
0 4548 27
0 4549 28
0 4550 27
0 4551 27
0 4552 26
0 4553 27
0 4554 27
0 4555 27
0 4556 27
0 4557 27
0 4558 27
0 4559 27
0 4560 26
0 4561 26
0 4562 27
0 4563 26
0 4564 27
0 4565 27
0 4566 27
0 4567 27
0 4568 27
0 4569 27
0 4570 27
0 4571 27
0 4572 27
0 4573 27
0 4574 27
0 4575 27
0 4576 27
0 4577 27
0 4578 27
0 4579 27
0 4580 28
0 4581 26
0 4582 27
0 4583 27
0 4584 27
0 4585 27
0 4586 27
0 4587 27
0 4588 27
0 4589 27
0 4590 27
0 4591 27
0 4592 27
0 4593 27
0 4594 27
0 4595 27
0 4596 27
0 4597 27
0 4598 28
0 4599 27
0 4600 27
0 4601 27
0 4602 27
0 4603 27
0 4604 27
0 4605 27
0 4606 27
0 4607 27
0 4608 27
0 4609 27
0 4610 27
0 4611 27
0 4612 28
0 4613 27
0 4614 27
0 4615 27
0 4616 27
0 4617 27
0 4618 28
0 4619 27
0 4620 27
0 4621 27
0 4622 26
0 4623 27
0 4624 27
0 4625 27
0 4626 27
0 4627 27
0 4628 27
0 4629 27
0 4630 27
0 4631 27
0 4632 26
0 4633 27
0 4634 27
0 4635 27
0 4636 27
0 4637 28
0 4638 27
0 4639 26
0 4640 26
0 4641 26
0 4642 26
0 4643 27
0 4644 27
0 4645 27
0 4646 27
0 4647 27
0 4648 28
0 4649 27
0 4650 27
0 4651 27
0 4652 26
0 4653 27
0 4654 27
0 4655 27
0 4656 27
0 4657 27
0 4658 27
0 4659 27
0 4660 26
0 4661 27
0 4662 27
0 4663 27
0 4664 27
0 4665 27
0 4666 27
0 4667 27
0 4668 27
0 4669 27
0 4670 27
0 4671 26
0 4672 27
0 4673 27
0 4674 27
0 4675 27
0 4676 27
0 4677 27
0 4678 28
0 4679 26
0 4680 27
0 4681 27
0 4682 27
0 4683 27
0 4684 27
0 4685 27
0 4686 27
0 4687 27
0 4688 27
0 4689 27
0 4690 27
0 4691 27
0 4692 28
0 4693 27
0 4694 27
0 4695 27
0 4696 27
0 4697 27
0 4698 28
0 4699 27
0 4700 27
0 4701 27
0 4702 26
0 4703 27
0 4704 27
0 4705 27
0 4706 27
0 4707 27
0 4708 27
0 4709 27
0 4710 27
0 4711 27
0 4712 27
0 4713 27
0 4714 27
0 4715 27
0 4716 27
0 4717 27
0 4718 27
0 4719 27
0 4720 26
0 4721 26
0 4722 26
0 4723 27
0 4724 28
0 4725 27
0 4726 27
0 4727 27
0 4728 27
0 4729 27
0 4730 27
0 4731 27
0 4732 26
0 4733 26
0 4734 27
0 4735 27
0 4736 28
0 4737 26
0 4738 28
0 4739 27
0 4740 26
0 4741 27
0 4742 26
0 4743 27
0 4744 27
0 4745 27
0 4746 27
0 4747 27
0 4748 27
0 4749 26
0 4750 27
0 4751 27
0 4752 26
0 4753 27
0 4754 27
0 4755 27
0 4756 27
0 4757 27
0 4758 27
0 4759 27
0 4760 26
0 4761 26
0 4762 26
0 4763 27
0 4764 27
0 4765 27
0 4766 27
0 4767 27
0 4768 27
0 4769 27
0 4770 27
0 4771 27
0 4772 27
0 4773 27
0 4774 27
0 4775 27
0 4776 27
0 4777 27
0 4778 26
0 4779 26
0 4780 27
0 4781 27
0 4782 27
0 4783 27
0 4784 27
0 4785 27
0 4786 27
0 4787 27
0 4788 27
0 4789 27
0 4790 27
0 4791 27
0 4792 27
0 4793 27
0 4794 27
0 4795 27
0 4796 27
0 4797 27
0 4798 28
0 4799 27
0 4800 27
0 4801 27
0 4802 27
0 4803 27
0 4804 27
0 4805 27
0 4806 27
0 4807 27
0 4808 27
0 4809 27
0 4810 27
0 4811 27
0 4812 27
0 4813 27
0 4814 27
0 4815 27
0 4816 27
0 4817 28
0 4818 27
0 4819 26
0 4820 26
0 4821 27
0 4822 26
0 4823 27
0 4824 27
0 4825 27
0 4826 27
0 4827 27
0 4828 28
0 4829 27
0 4830 27
0 4831 27
0 4832 26
0 4833 26
0 4834 27
0 4835 27
0 4836 27
0 4837 27
0 4838 27
0 4839 26
0 4840 26
0 4841 26
0 4842 26
0 4843 26
0 4844 27
0 4845 27
0 4846 27
0 4847 27
0 4848 27
0 4849 27
0 4850 27
0 4851 27
0 4852 27
0 4853 27
0 4854 27
0 4855 27
0 4856 27
0 4857 27
0 4858 27
0 4859 26
0 4860 27
0 4861 27
0 4862 27
0 4863 26
0 4864 27
0 4865 27
0 4866 27
0 4867 27
0 4868 27
0 4869 27
0 4870 27
0 4871 27
0 4872 27
0 4873 27
0 4874 27
0 4875 27
0 4876 27
0 4877 27
0 4878 27
0 4879 26
0 4880 28
0 4881 27
0 4882 27
0 4883 27
0 4884 27
0 4885 27
0 4886 27
0 4887 27
0 4888 27
0 4889 27
0 4890 27
0 4891 27
0 4892 27
0 4893 27
0 4894 27
0 4895 27
0 4896 27
0 4897 27
0 4898 28
0 4899 26
0 4900 27
0 4901 27
0 4902 26
0 4903 27
0 4904 27
0 4905 27
0 4906 27
0 4907 27
0 4908 27
0 4909 27
0 4910 27
0 4911 28
0 4912 27
0 4913 27
0 4914 27
0 4915 27
0 4916 27
0 4917 27
0 4918 27
0 4919 27
0 4920 26
0 4921 26
0 4922 26
0 4923 26
0 4924 27
0 4925 26
0 4926 27
0 4927 27
0 4928 27
0 4929 27
0 4930 27
0 4931 27
0 4932 26
0 4933 27
0 4934 26
0 4935 27
0 4936 27
0 4937 28
0 4938 27
0 4939 26
0 4940 26
0 4941 26
0 4942 26
0 4943 26
0 4944 26
0 4945 26
0 4946 27
0 4947 27
0 4948 27
0 4949 27
0 4950 27
0 4951 27
0 4952 26
0 4953 27
0 4954 27
0 4955 27
0 4956 27
0 4957 28
0 4958 27
0 4959 27
0 4960 27
0 4961 26
0 4962 26
0 4963 27
0 4964 27
0 4965 27
0 4966 27
0 4967 27
0 4968 27
0 4969 27
0 4970 27
0 4971 27
0 4972 27
0 4973 27
0 4974 27
0 4975 27
0 4976 27
0 4977 27
0 4978 28
0 4979 26
0 4980 27
0 4981 27
0 4982 27
0 4983 27
0 4984 27
0 4985 27
0 4986 27
0 4987 27
0 4988 27
0 4989 27
0 4990 27
0 4991 27
0 4992 27
0 4993 27
0 4994 27
0 4995 27
0 4996 27
0 4997 27
0 4998 28
0 4999 27
0 5000 27
0 5001 27
0 5002 26
0 5003 26
0 5004 27
0 5005 27
0 5006 27
0 5007 25
0 5008 27
0 5009 28
0 5010 29
0 5011 29
0 5012 28
0 5013 28
0 5014 29
0 5015 27
0 5016 28
0 5017 27
0 5018 28
0 5019 27
0 5020 28
0 5021 28
0 5022 28
0 5023 28
0 5024 28
0 5025 28
0 5026 28
0 5027 28
0 5028 28
0 5029 29
0 5030 29
0 5031 28
0 5032 28
0 5033 29
0 5034 29
0 5035 28
0 5036 28
0 5037 28
0 5038 28
0 5039 29
0 5040 29
0 5041 29
0 5042 29
0 5043 29
0 5044 28
0 5045 29
0 5046 29
0 5047 29
0 5048 29
0 5049 29
0 5050 29
0 5051 29
0 5052 29
0 5053 29
0 5054 29
0 5055 28
0 5056 28
0 5057 29
0 5058 29
0 5059 29
0 5060 28
0 5061 28
0 5062 28
0 5063 28
0 5064 29
0 5065 29
0 5066 29
0 5067 29
0 5068 29
0 5069 29
0 5070 29
0 5071 29
0 5072 28
0 5073 29
0 5074 29
0 5075 28
0 5076 28
0 5077 29
0 5078 29
0 5079 29
0 5080 28
0 5081 29
0 5082 29
0 5083 29
0 5084 29
0 5085 29
0 5086 29
0 5087 29
0 5088 29
0 5089 29
0 5090 29
0 5091 29
0 5092 29
0 5093 28
0 5094 27
0 5095 28
0 5096 28
0 5097 29
0 5098 28
0 5099 29
0 5100 29
0 5101 29
0 5102 29
0 5103 29
0 5104 29
0 5105 29
0 5106 29
0 5107 29
0 5108 29
0 5109 29
0 5110 29
0 5111 29
0 5112 29
0 5113 29
0 5114 29
0 5115 28
0 5116 28
0 5117 29
0 5118 29
0 5119 28
0 5120 28
0 5121 28
0 5122 29
0 5123 29
0 5124 29
0 5125 29
0 5126 29
0 5127 29
0 5128 29
0 5129 29
0 5130 29
0 5131 29
0 5132 29
0 5133 29
0 5134 29
0 5135 28
0 5136 28
0 5137 29
0 5138 28
0 5139 29
0 5140 29
0 5141 29
0 5142 29
0 5143 29
0 5144 29
0 5145 29
0 5146 28
0 5147 28
0 5148 28
0 5149 28
0 5150 28
0 5151 29
0 5152 29
0 5153 28
0 5154 28
0 5155 29
0 5156 29
0 5157 28
0 5158 28
0 5159 29
0 5160 29
0 5161 29
0 5162 28
0 5163 27
0 5164 28
0 5165 28
0 5166 29
0 5167 29
0 5168 29
0 5169 28
0 5170 29
0 5171 28
0 5172 28
0 5173 29
0 5174 29
0 5175 30
0 5176 30
0 5177 29
0 5178 29
0 5179 28
0 5180 28
0 5181 28
0 5182 28
0 5183 28
0 5184 28
0 5185 29
0 5186 30
0 5187 30
0 5188 30
0 5189 29
0 5190 29
0 5191 29
0 5192 28
0 5193 29
0 5194 30
0 5195 30
0 5196 29
0 5197 29
0 5198 29
0 5199 29
0 5200 28
0 5201 28
0 5202 28
0 5203 28
0 5204 29
0 5205 29
0 5206 30
0 5207 30
0 5208 29
0 5209 29
0 5210 30
0 5211 29
0 5212 29
0 5213 29
0 5214 30
0 5215 30
0 5216 30
0 5217 29
0 5218 29
0 5219 28
0 5220 28
0 5221 28
0 5222 28
0 5223 29
0 5224 29
0 5225 30
0 5226 30
0 5227 30
0 5228 30
0 5229 30
0 5230 30
0 5231 29
0 5232 28
0 5233 29
0 5234 29
0 5235 30
0 5236 29
0 5237 30
0 5238 30
0 5239 29
0 5240 29
0 5241 29
0 5242 30
0 5243 30
0 5244 30
0 5245 30
0 5246 29
0 5247 30
0 5248 30
0 5249 29
0 5250 29
0 5251 30
0 5252 30
0 5253 29
0 5254 29
0 5255 29
0 5256 29
0 5257 30
0 5258 29
0 5259 30
0 5260 30
0 5261 30
0 5262 29
0 5263 29
0 5264 29
0 5265 29
0 5266 29
0 5267 29
0 5268 29
0 5269 29
0 5270 29
0 5271 29
0 5272 30
0 5273 29
0 5274 30
0 5275 29
0 5276 29
0 5277 30
0 5278 29
0 5279 30
0 5280 29
0 5281 29
0 5282 29
0 5283 29
0 5284 29
0 5285 29
0 5286 29
0 5287 29
0 5288 29
0 5289 29
0 5290 29
0 5291 29
0 5292 29
0 5293 29
0 5294 29
0 5295 29
0 5296 30
0 5297 30
0 5298 29
0 5299 30
0 5300 29
0 5301 29
0 5302 29
0 5303 29
0 5304 29
0 5305 29
0 5306 29
0 5307 29
0 5308 29
0 5309 29
0 5310 29
0 5311 29
0 5312 30
0 5313 29
0 5314 30
0 5315 29
0 5316 29
0 5317 30
0 5318 29
0 5319 29
0 5320 29
0 5321 29
0 5322 29
0 5323 29
0 5324 29
0 5325 29
0 5326 29
0 5327 29
0 5328 29
0 5329 29
0 5330 29
0 5331 29
0 5332 29
0 5333 29
0 5334 29
0 5335 29
0 5336 30
0 5337 30
0 5338 29
0 5339 29
0 5340 29
0 5341 29
0 5342 29
0 5343 29
0 5344 29
0 5345 29
0 5346 30
0 5347 30
0 5348 29
0 5349 29
0 5350 29
0 5351 29
0 5352 29
0 5353 30
0 5354 30
0 5355 29
0 5356 30
0 5357 29
0 5358 29
0 5359 29
0 5360 29
0 5361 29
0 5362 30
0 5363 30
0 5364 30
0 5365 30
0 5366 30
0 5367 30
0 5368 30
0 5369 30
0 5370 30
0 5371 30
0 5372 29
0 5373 29
0 5374 29
0 5375 29
0 5376 31
0 5377 29
0 5378 30
0 5379 30
0 5380 29
0 5381 30
0 5382 30
0 5383 30
0 5384 30
0 5385 29
0 5386 29
0 5387 29
0 5388 29
0 5389 30
0 5390 30
0 5391 30
0 5392 29
0 5393 29
0 5394 29
0 5395 30
0 5396 30
0 5397 30
0 5398 30
0 5399 30
0 5400 29
0 5401 30
0 5402 30
0 5403 30
0 5404 30
0 5405 30
0 5406 29
0 5407 30
0 5408 30
0 5409 30
0 5410 30
0 5411 30
0 5412 29
0 5413 29
0 5414 29
0 5415 29
0 5416 31
0 5417 29
0 5418 29
0 5419 30
0 5420 29
0 5421 29
0 5422 30
0 5423 30
0 5424 30
0 5425 30
0 5426 29
0 5427 29
0 5428 29
0 5429 30
0 5430 30
0 5431 30
0 5432 29
0 5433 29
0 5434 29
0 5435 29
0 5436 29
0 5437 29
0 5438 30
0 5439 30
0 5440 30
0 5441 30
0 5442 29
0 5443 29
0 5444 29
0 5445 30
0 5446 29
0 5447 29
0 5448 29
0 5449 29
0 5450 29
0 5451 30
0 5452 30
0 5453 29
0 5454 29
0 5455 30
0 5456 29
0 5457 30
0 5458 29
0 5459 30
0 5460 29
0 5461 30
0 5462 29
0 5463 29
0 5464 29
0 5465 29
0 5466 29
0 5467 29
0 5468 29
0 5469 29
0 5470 29
0 5471 29
0 5472 30
0 5473 30
0 5474 30
0 5475 30
0 5476 29
0 5477 30
0 5478 29
0 5479 30
0 5480 29
0 5481 30
0 5482 29
0 5483 29
0 5484 29
0 5485 29
0 5486 30
0 5487 29
0 5488 29
0 5489 29
0 5490 29
0 5491 29
0 5492 29
0 5493 29
0 5494 29
0 5495 30
0 5496 30
0 5497 29
0 5498 29
0 5499 30
0 5500 29
0 5501 30
0 5502 29
0 5503 29
0 5504 29
0 5505 29
0 5506 30
0 5507 30
0 5508 30
0 5509 29
0 5510 29
0 5511 29
0 5512 29
0 5513 29
0 5514 29
0 5515 30
0 5516 30
0 5517 29
0 5518 29
0 5519 29
0 5520 29
0 5521 29
0 5522 28
0 5523 29
0 5524 29
0 5525 29
0 5526 30
0 5527 29
0 5528 29
0 5529 29
0 5530 29
0 5531 29
0 5532 29
0 5533 30
0 5534 30
0 5535 30
0 5536 29
0 5537 30
0 5538 29
0 5539 29
0 5540 29
0 5541 29
0 5542 29
0 5543 29
0 5544 30
0 5545 30
0 5546 30
0 5547 30
0 5548 30
0 5549 30
0 5550 30
0 5551 30
0 5552 30
0 5553 29
0 5554 29
0 5555 28
0 5556 28
0 5557 28
0 5558 29
0 5559 29
0 5560 30
0 5561 29
0 5562 30
0 5563 30
0 5564 29
0 5565 29
0 5566 29
0 5567 29
0 5568 29
0 5569 29
0 5570 29
0 5571 29
0 5572 29
0 5573 28
0 5574 29
0 5575 27
0 5576 28
0 5577 28
0 5578 29
0 5579 29
0 5580 30
0 5581 30
0 5582 30
0 5583 30
0 5584 29
0 5585 29
0 5586 29
0 5587 28
0 5588 28
0 5589 29
0 5590 29
0 5591 29
0 5592 30
0 5593 29
0 5594 29
0 5595 28
0 5596 28
0 5597 28
0 5598 29
0 5599 28
0 5600 30
0 5601 30
0 5602 30
0 5603 29
0 5604 29
0 5605 29
0 5606 29
0 5607 29
0 5608 29
0 5609 29
0 5610 29
0 5611 29
0 5612 30
0 5613 28
0 5614 29
0 5615 28
0 5616 28
0 5617 29
0 5618 29
0 5619 29
0 5620 30
0 5621 29
0 5622 30
0 5623 30
0 5624 29
0 5625 29
0 5626 29
0 5627 29
0 5628 29
0 5629 29
0 5630 29
0 5631 29
0 5632 30
0 5633 28
0 5634 28
0 5635 28
0 5636 28
0 5637 28
0 5638 28
0 5639 28
0 5640 29
0 5641 29
0 5642 29
0 5643 29
0 5644 28
0 5645 28
0 5646 27
0 5647 28
0 5648 28
0 5649 28
0 5650 28
0 5651 28
0 5652 28
0 5653 28
0 5654 28
0 5655 28
0 5656 28
0 5657 28
0 5658 28
0 5659 28
0 5660 29
0 5661 28
0 5662 28
0 5663 28
0 5664 28
0 5665 28
0 5666 28
0 5667 28
0 5668 28
0 5669 28
0 5670 27
0 5671 28
0 5672 28
0 5673 28
0 5674 28
0 5675 28
0 5676 28
0 5677 29
0 5678 28
0 5679 28
0 5680 28
0 5681 28
0 5682 28
0 5683 28
0 5684 28
0 5685 27
0 5686 27
0 5687 27
0 5688 27
0 5689 28
0 5690 27
0 5691 28
0 5692 28
0 5693 28
0 5694 27
0 5695 28
0 5696 28
0 5697 28
0 5698 28
0 5699 28
0 5700 28
0 5701 28
0 5702 28
0 5703 28
0 5704 28
0 5705 28
0 5706 27
0 5707 27
0 5708 27
0 5709 28
0 5710 28
0 5711 28
0 5712 28
0 5713 28
0 5714 28
0 5715 28
0 5716 28
0 5717 28
0 5718 28
0 5719 28
0 5720 29
0 5721 29
0 5722 28
0 5723 28
0 5724 28
0 5725 28
0 5726 27
0 5727 28
0 5728 28
0 5729 28
0 5730 28
0 5731 28
0 5732 28
0 5733 28
0 5734 28
0 5735 28
0 5736 28
0 5737 28
0 5738 28
0 5739 28
0 5740 28
0 5741 28
0 5742 28
0 5743 28
0 5744 27
0 5745 28
0 5746 28
0 5747 28
0 5748 28
0 5749 28
0 5750 28
0 5751 28
0 5752 27
0 5753 28
0 5754 28
0 5755 28
0 5756 28
0 5757 28
0 5758 28
0 5759 28
0 5760 27
0 5761 28
0 5762 28
0 5763 28
0 5764 28
0 5765 28
0 5766 28
0 5767 28
0 5768 28
0 5769 28
0 5770 28
0 5771 28
0 5772 28
0 5773 28
0 5774 28
0 5775 28
0 5776 28
0 5777 28
0 5778 28
0 5779 28
0 5780 28
0 5781 28
0 5782 28
0 5783 28
0 5784 28
0 5785 28
0 5786 28
0 5787 28
0 5788 28
0 5789 28
0 5790 28
0 5791 28
0 5792 27
0 5793 28
0 5794 28
0 5795 29
0 5796 28
0 5797 28
0 5798 28
0 5799 28
0 5800 27
0 5801 28
0 5802 27
0 5803 28
0 5804 28
0 5805 28
0 5806 28
0 5807 28
0 5808 28
0 5809 28
0 5810 28
0 5811 28
0 5812 27
0 5813 28
0 5814 28
0 5815 28
0 5816 28
0 5817 28
0 5818 28
0 5819 28
0 5820 28
0 5821 28
0 5822 28
0 5823 27
0 5824 28
0 5825 28
0 5826 28
0 5827 28
0 5828 28
0 5829 28
0 5830 28
0 5831 28
0 5832 28
0 5833 28
0 5834 28
0 5835 29
0 5836 28
0 5837 28
0 5838 28
0 5839 28
0 5840 28
0 5841 28
0 5842 28
0 5843 28
0 5844 28
0 5845 28
0 5846 28
0 5847 28
0 5848 28
0 5849 28
0 5850 28
0 5851 28
0 5852 28
0 5853 28
0 5854 28
0 5855 28
0 5856 26
0 5857 28
0 5858 27
0 5859 28
0 5860 28
0 5861 28
0 5862 28
0 5863 28
0 5864 28
0 5865 28
0 5866 28
0 5867 28
0 5868 28
0 5869 28
0 5870 28
0 5871 28
0 5872 28
0 5873 28
0 5874 28
0 5875 28
0 5876 26
0 5877 28
0 5878 28
0 5879 28
0 5880 28
0 5881 28
0 5882 28
0 5883 28
0 5884 28
0 5885 28
0 5886 28
0 5887 28
0 5888 28
0 5889 28
0 5890 28
0 5891 28
0 5892 28
0 5893 28
0 5894 28
0 5895 28
0 5896 28
0 5897 28
0 5898 28
0 5899 28
0 5900 28
0 5901 28
0 5902 28
0 5903 28
0 5904 28
0 5905 28
0 5906 28
0 5907 28
0 5908 28
0 5909 28
0 5910 28
0 5911 28
0 5912 28
0 5913 28
0 5914 28
0 5915 28
0 5916 28
0 5917 28
0 5918 28
0 5919 28
0 5920 28
0 5921 28
0 5922 28
0 5923 28
0 5924 28
0 5925 28
0 5926 28
0 5927 28
0 5928 28
0 5929 28
0 5930 28
0 5931 28
0 5932 28
0 5933 28
0 5934 28
0 5935 28
0 5936 28
0 5937 28
0 5938 28
0 5939 28
0 5940 28
0 5941 28
0 5942 28
0 5943 28
0 5944 28
0 5945 28
0 5946 28
0 5947 28
0 5948 28
0 5949 28
0 5950 28
0 5951 28
0 5952 28
0 5953 27
0 5954 28
0 5955 26
0 5956 27
0 5957 28
0 5958 27
0 5959 28
0 5960 28
0 5961 28
0 5962 28
0 5963 28
0 5964 28
0 5965 28
0 5966 27
0 5967 28
0 5968 27
0 5969 28
0 5970 28
0 5971 28
0 5972 28
0 5973 27
0 5974 28
0 5975 26
0 5976 26
0 5977 29
0 5978 27
0 5979 28
0 5980 28
0 5981 28
0 5982 28
0 5983 28
0 5984 28
0 5985 28
0 5986 28
0 5987 28
0 5988 28
0 5989 28
0 5990 28
0 5991 28
0 5992 28
0 5993 28
0 5994 28
0 5995 27
0 5996 26
0 5997 27
0 5998 27
0 5999 28
0 6000 28
0 6001 28
0 6002 28
0 6003 28
0 6004 28
0 6005 28
0 6006 28
0 6007 28
0 6008 28
0 6009 28
0 6010 28
0 6011 28
0 6012 28
0 6013 28
0 6014 28
0 6015 28
0 6016 26
0 6017 28
0 6018 27
0 6019 28
0 6020 28
0 6021 28
0 6022 28
0 6023 28
0 6024 28
0 6025 28
0 6026 27
0 6027 28
0 6028 28
0 6029 28
0 6030 28
0 6031 28
0 6032 28
0 6033 28
0 6034 28
0 6035 26
0 6036 27
0 6037 27
0 6038 27
0 6039 28
0 6040 28
0 6041 28
0 6042 28
0 6043 28
0 6044 27
0 6045 28
0 6046 27
0 6047 27
0 6048 27
0 6049 26
0 6050 27
0 6051 26
0 6052 28
0 6053 26
0 6054 27
0 6055 26
0 6056 27
0 6057 28
0 6058 26
0 6059 27
0 6060 28
0 6061 28
0 6062 28
0 6063 28
0 6064 28
0 6065 27
0 6066 27
0 6067 27
0 6068 27
0 6069 26
0 6070 27
0 6071 28
0 6072 28
0 6073 26
0 6074 28
0 6075 26
0 6076 27
0 6077 27
0 6078 27
0 6079 28
0 6080 28
0 6081 28
0 6082 28
0 6083 28
0 6084 28
0 6085 28
0 6086 28
0 6087 28
0 6088 28
0 6089 28
0 6090 28
0 6091 28
0 6092 28
0 6093 27
0 6094 28
0 6095 26
0 6096 26
0 6097 27
0 6098 27
0 6099 28
0 6100 28
0 6101 28
0 6102 28
0 6103 28
0 6104 28
0 6105 28
0 6106 28
0 6107 28
0 6108 28
0 6109 28
0 6110 28
0 6111 28
0 6112 28
0 6113 28
0 6114 28
0 6115 26
0 6116 26
0 6117 28
0 6118 28
0 6119 28
0 6120 28
0 6121 28
0 6122 28
0 6123 28
0 6124 28
0 6125 28
0 6126 27
0 6127 27
0 6128 27
0 6129 28
0 6130 27
0 6131 27
0 6132 28
0 6133 27
0 6134 27
0 6135 26
0 6136 27
0 6137 28
0 6138 27
0 6139 27
0 6140 28
0 6141 28
0 6142 28
0 6143 28
0 6144 28
0 6145 27
0 6146 26
0 6147 26
0 6148 26
0 6149 27
0 6150 27
0 6151 27
0 6152 28
0 6153 26
0 6154 26
0 6155 26
0 6156 26
0 6157 27
0 6158 26
0 6159 27
0 6160 28
0 6161 28
0 6162 28
0 6163 27
0 6164 27
0 6165 27
0 6166 27
0 6167 27
0 6168 27
0 6169 26
0 6170 27
0 6171 27
0 6172 28
0 6173 27
0 6174 26
0 6175 26
0 6176 27
0 6177 28
0 6178 27
0 6179 27
0 6180 28
0 6181 28
0 6182 28
0 6183 28
0 6184 28
0 6185 28
0 6186 27
0 6187 28
0 6188 27
0 6189 27
0 6190 28
0 6191 28
0 6192 28
0 6193 27
0 6194 28
0 6195 26
0 6196 27
0 6197 28
0 6198 28
0 6199 28
0 6200 28
0 6201 28
0 6202 28
0 6203 28
0 6204 28
0 6205 28
0 6206 28
0 6207 28
0 6208 28
0 6209 28
0 6210 28
0 6211 28
0 6212 28
0 6213 27
0 6214 28
0 6215 26
0 6216 27
0 6217 27
0 6218 27
0 6219 28
0 6220 28
0 6221 28
0 6222 28
0 6223 28
0 6224 28
0 6225 28
0 6226 27
0 6227 27
0 6228 27
0 6229 26
0 6230 27
0 6231 28
0 6232 28
0 6233 26
0 6234 26
0 6235 26
0 6236 27
0 6237 27
0 6238 26
0 6239 28
0 6240 28
0 6241 28
0 6242 27
0 6243 28
0 6244 27
0 6245 27
0 6246 26
0 6247 26
0 6248 27
0 6249 27
0 6250 27
0 6251 26
0 6252 26
0 6253 25
0 6254 26
0 6255 26
0 6256 26
0 6257 27
0 6258 26
0 6259 27
0 6260 27
0 6261 28
0 6262 28
0 6263 27
0 6264 28
0 6265 27
0 6266 26
0 6267 27
0 6268 27
0 6269 27
0 6270 27
0 6271 27
0 6272 28
0 6273 26
0 6274 26
0 6275 26
0 6276 27
0 6277 27
0 6278 26
0 6279 28
0 6280 28
0 6281 28
0 6282 28
0 6283 28
0 6284 28
0 6285 28
0 6286 28
0 6287 26
0 6288 28
0 6289 28
0 6290 27
0 6291 28
0 6292 28
0 6293 25
0 6294 29
0 6295 26
0 6296 26
0 6297 29
0 6298 28
0 6299 28
0 6300 28
0 6301 28
0 6302 28
0 6303 28
0 6304 28
0 6305 28
0 6306 27
0 6307 28
0 6308 28
0 6309 28
0 6310 28
0 6311 28
0 6312 28
0 6313 28
0 6314 28
0 6315 26
0 6316 27
0 6317 27
0 6318 27
0 6319 28
0 6320 28
0 6321 28
0 6322 28
0 6323 28
0 6324 28
0 6325 28
0 6326 28
0 6327 27
0 6328 27
0 6329 28
0 6330 27
0 6331 28
0 6332 28
0 6333 26
0 6334 27
0 6335 26
0 6336 27
0 6337 27
0 6338 26
0 6339 27
0 6340 28
0 6341 28
0 6342 28
0 6343 28
0 6344 27
0 6345 27
0 6346 27
0 6347 27
0 6348 27
0 6349 27
0 6350 27
0 6351 27
0 6352 28
0 6353 26
0 6354 26
0 6355 26
0 6356 27
0 6357 27
0 6358 27
0 6359 27
0 6360 28
0 6361 28
0 6362 28
0 6363 28
0 6364 28
0 6365 27
0 6366 27
0 6367 27
0 6368 27
0 6369 27
0 6370 27
0 6371 27
0 6372 28
0 6373 26
0 6374 27
0 6375 26
0 6376 27
0 6377 28
0 6378 27
0 6379 28
0 6380 28
0 6381 28
0 6382 28
0 6383 28
0 6384 28
0 6385 28
0 6386 28
0 6387 27
0 6388 26
0 6389 28
0 6390 28
0 6391 28
0 6392 28
0 6393 28
0 6394 27
0 6395 27
0 6396 27
0 6397 27
0 6398 28
0 6399 28
0 6400 28
0 6401 28
0 6402 28
0 6403 28
0 6404 28
0 6405 28
0 6406 28
0 6407 28
0 6408 28
0 6409 28
0 6410 28
0 6411 28
0 6412 28
0 6413 27
0 6414 28
0 6415 27
0 6416 26
0 6417 29
0 6418 27
0 6419 28
0 6420 28
0 6421 28
0 6422 28
0 6423 28
0 6424 28
0 6425 28
0 6426 28
0 6427 27
0 6428 27
0 6429 26
0 6430 27
0 6431 28
0 6432 28
0 6433 26
0 6434 26
0 6435 26
0 6436 27
0 6437 27
0 6438 26
0 6439 28
0 6440 28
0 6441 28
0 6442 28
0 6443 28
0 6444 27
0 6445 27
0 6446 27
0 6447 27
0 6448 27
0 6449 26
0 6450 27
0 6451 28
0 6452 28
0 6453 27
0 6454 27
0 6455 26
0 6456 27
0 6457 27
0 6458 26
0 6459 27
0 6460 28
0 6461 28
0 6462 28
0 6463 28
0 6464 28
0 6465 27
0 6466 27
0 6467 27
0 6468 27
0 6469 27
0 6470 27
0 6471 27
0 6472 28
0 6473 27
0 6474 28
0 6475 26
0 6476 26
0 6477 28
0 6478 27
0 6479 28
0 6480 28
0 6481 28
0 6482 28
0 6483 28
0 6484 28
0 6485 28
0 6486 28
0 6487 28
0 6488 28
0 6489 28
0 6490 28
0 6491 28
0 6492 28
0 6493 28
0 6494 28
0 6495 28
0 6496 26
0 6497 28
0 6498 27
0 6499 28
0 6500 28
0 6501 28
0 6502 28
0 6503 28
0 6504 28
0 6505 28
0 6506 28
0 6507 28
0 6508 28
0 6509 28
0 6510 28
0 6511 28
0 6512 28
0 6513 27
0 6514 28
0 6515 26
0 6516 26
0 6517 27
0 6518 28
0 6519 28
0 6520 28
0 6521 28
0 6522 28
0 6523 28
0 6524 28
0 6525 28
0 6526 28
0 6527 27
0 6528 27
0 6529 27
0 6530 27
0 6531 27
0 6532 28
0 6533 27
0 6534 26
0 6535 26
0 6536 27
0 6537 27
0 6538 27
0 6539 27
0 6540 28
0 6541 28
0 6542 28
0 6543 28
0 6544 28
0 6545 27
0 6546 27
0 6547 27
0 6548 27
0 6549 26
0 6550 27
0 6551 28
0 6552 28
0 6553 27
0 6554 28
0 6555 26
0 6556 27
0 6557 28
0 6558 27
0 6559 28
0 6560 28
0 6561 28
0 6562 28
0 6563 28
0 6564 28
0 6565 27
0 6566 28
0 6567 27
0 6568 27
0 6569 28
0 6570 28
0 6571 28
0 6572 28
0 6573 28
0 6574 28
0 6575 28
0 6576 27
0 6577 27
0 6578 27
0 6579 28
0 6580 28
0 6581 28
0 6582 28
0 6583 28
0 6584 28
0 6585 28
0 6586 28
0 6587 28
0 6588 28
0 6589 28
0 6590 28
0 6591 28
0 6592 28
0 6593 28
0 6594 28
0 6595 28
0 6596 26
0 6597 28
0 6598 28
0 6599 28
0 6600 28
0 6601 28
0 6602 28
0 6603 28
0 6604 28
0 6605 28
0 6606 28
0 6607 28
0 6608 28
0 6609 28
0 6610 28
0 6611 28
0 6612 28
0 6613 28
0 6614 28
0 6615 28
0 6616 26
0 6617 28
0 6618 28
0 6619 28
0 6620 28
0 6621 28
0 6622 28
0 6623 28
0 6624 28
0 6625 28
0 6626 28
0 6627 27
0 6628 28
0 6629 28
0 6630 28
0 6631 28
0 6632 28
0 6633 27
0 6634 28
0 6635 26
0 6636 27
0 6637 27
0 6638 28
0 6639 28
0 6640 28
0 6641 28
0 6642 28
0 6643 28
0 6644 28
0 6645 28
0 6646 27
0 6647 28
0 6648 27
0 6649 28
0 6650 28
0 6651 28
0 6652 28
0 6653 27
0 6654 28
0 6655 26
0 6656 26
0 6657 29
0 6658 27
0 6659 28
0 6660 28
0 6661 28
0 6662 28
0 6663 28
0 6664 28
0 6665 28
0 6666 28
0 6667 28
0 6668 28
0 6669 28
0 6670 28
0 6671 28
0 6672 28
0 6673 28
0 6674 28
0 6675 28
0 6676 26
0 6677 28
0 6678 28
0 6679 28
0 6680 28
0 6681 28
0 6682 28
0 6683 28
0 6684 28
0 6685 28
0 6686 28
0 6687 28
0 6688 28
0 6689 28
0 6690 28
0 6691 28
0 6692 28
0 6693 28
0 6694 28
0 6695 29
0 6696 28
0 6697 28
0 6698 28
0 6699 28
0 6700 28
0 6701 28
0 6702 28
0 6703 28
0 6704 28
0 6705 28
0 6706 28
0 6707 28
0 6708 28
0 6709 28
0 6710 28
0 6711 28
0 6712 28
0 6713 28
0 6714 28
0 6715 29
0 6716 27
0 6717 28
0 6718 28
0 6719 28
0 6720 28
0 6721 28
0 6722 28
0 6723 28
0 6724 28
0 6725 28
0 6726 28
0 6727 28
0 6728 28
0 6729 28
0 6730 28
0 6731 28
0 6732 28
0 6733 28
0 6734 28
0 6735 28
0 6736 26
0 6737 28
0 6738 28
0 6739 28
0 6740 28
0 6741 28
0 6742 28
0 6743 28
0 6744 28
0 6745 28
0 6746 28
0 6747 28
0 6748 28
0 6749 28
0 6750 28
0 6751 28
0 6752 28
0 6753 28
0 6754 28
0 6755 27
0 6756 27
0 6757 27
0 6758 28
0 6759 28
0 6760 28
0 6761 28
0 6762 28
0 6763 28
0 6764 28
0 6765 28
0 6766 28
0 6767 28
0 6768 28
0 6769 28
0 6770 28
0 6771 28
0 6772 28
0 6773 28
0 6774 28
0 6775 28
0 6776 28
0 6777 28
0 6778 28
0 6779 28
0 6780 28
0 6781 28
0 6782 28
0 6783 28
0 6784 28
0 6785 28
0 6786 28
0 6787 28
0 6788 28
0 6789 28
0 6790 28
0 6791 28
0 6792 28
0 6793 28
0 6794 28
0 6795 28
0 6796 28
0 6797 28
0 6798 28
0 6799 28
0 6800 27
0 6801 28
0 6802 28
0 6803 28
0 6804 28
0 6805 28
0 6806 28
0 6807 28
0 6808 28
0 6809 28
0 6810 28
0 6811 28
0 6812 28
0 6813 28
0 6814 28
0 6815 28
0 6816 28
0 6817 28
0 6818 28
0 6819 28
0 6820 28
0 6821 28
0 6822 28
0 6823 28
0 6824 28
0 6825 28
0 6826 28
0 6827 28
0 6828 28
0 6829 28
0 6830 28
0 6831 28
0 6832 28
0 6833 28
0 6834 28
0 6835 28
0 6836 28
0 6837 28
0 6838 28
0 6839 28
0 6840 28
0 6841 28
0 6842 28
0 6843 28
0 6844 28
0 6845 28
0 6846 28
0 6847 28
0 6848 28
0 6849 28
0 6850 28
0 6851 28
0 6852 28
0 6853 28
0 6854 28
0 6855 29
0 6856 27
0 6857 28
0 6858 28
0 6859 28
0 6860 28
0 6861 28
0 6862 28
0 6863 28
0 6864 28
0 6865 28
0 6866 28
0 6867 28
0 6868 28
0 6869 28
0 6870 28
0 6871 28
0 6872 28
0 6873 28
0 6874 28
0 6875 28
0 6876 28
0 6877 28
0 6878 28
0 6879 28
0 6880 27
0 6881 28
0 6882 28
0 6883 28
0 6884 28
0 6885 28
0 6886 28
0 6887 28
0 6888 28
0 6889 28
0 6890 28
0 6891 28
0 6892 28
0 6893 28
0 6894 28
0 6895 28
0 6896 28
0 6897 28
0 6898 28
0 6899 28
0 6900 28
0 6901 28
0 6902 28
0 6903 28
0 6904 28
0 6905 28
0 6906 28
0 6907 28
0 6908 28
0 6909 28
0 6910 28
0 6911 28
0 6912 28
0 6913 28
0 6914 28
0 6915 28
0 6916 28
0 6917 28
0 6918 28
0 6919 29
0 6920 27
0 6921 28
0 6922 28
0 6923 28
0 6924 28
0 6925 28
0 6926 28
0 6927 28
0 6928 28
0 6929 28
0 6930 28
0 6931 28
0 6932 28
0 6933 28
0 6934 28
0 6935 28
0 6936 28
0 6937 28
0 6938 28
0 6939 28
0 6940 28
0 6941 28
0 6942 28
0 6943 28
0 6944 28
0 6945 28
0 6946 28
0 6947 28
0 6948 28
0 6949 28
0 6950 28
0 6951 28
0 6952 28
0 6953 28
0 6954 28
0 6955 28
0 6956 28
0 6957 28
0 6958 28
0 6959 29
0 6960 27
0 6961 28
0 6962 28
0 6963 28
0 6964 28
0 6965 28
0 6966 28
0 6967 28
0 6968 28
0 6969 28
0 6970 28
0 6971 28
0 6972 27
0 6973 28
0 6974 28
0 6975 28
0 6976 28
0 6977 28
0 6978 28
0 6979 28
0 6980 28
0 6981 28
0 6982 28
0 6983 28
0 6984 28
0 6985 27
0 6986 28
0 6987 28
0 6988 28
0 6989 28
0 6990 27
0 6991 28
0 6992 28
0 6993 28
0 6994 28
0 6995 28
0 6996 28
0 6997 28
0 6998 28
0 6999 28
0 7000 28
0 7001 28
0 7002 28
0 7003 28
0 7004 28
0 7005 27
0 7006 28
0 7007 28
0 7008 28
0 7009 28
0 7010 28
0 7011 28
0 7012 28
0 7013 28
0 7014 28
0 7015 28
0 7016 28
0 7017 28
0 7018 28
0 7019 28
0 7020 27
0 7021 28
0 7022 27
0 7023 28
0 7024 28
0 7025 28
0 7026 28
0 7027 28
0 7028 28
0 7029 28
0 7030 28
0 7031 28
0 7032 28
0 7033 28
0 7034 28
0 7035 28
0 7036 28
0 7037 28
0 7038 28
0 7039 28
0 7040 28
0 7041 28
0 7042 28
0 7043 28
0 7044 28
0 7045 28
0 7046 28
0 7047 28
0 7048 28
0 7049 28
0 7050 28
0 7051 28
0 7052 28
0 7053 28
0 7054 28
0 7055 28
0 7056 28
0 7057 28
0 7058 28
0 7059 28
0 7060 28
0 7061 28
0 7062 28
0 7063 28
0 7064 28
0 7065 27
0 7066 28
0 7067 28
0 7068 28
0 7069 28
0 7070 28
0 7071 28
0 7072 28
0 7073 28
0 7074 28
0 7075 28
0 7076 28
0 7077 28
0 7078 27
0 7079 28
0 7080 29
0 7081 28
0 7082 28
0 7083 28
0 7084 28
0 7085 28
0 7086 28
0 7087 28
0 7088 28
0 7089 28
0 7090 28
0 7091 28
0 7092 28
0 7093 27
0 7094 28
0 7095 28
0 7096 28
0 7097 28
0 7098 27
0 7099 28
0 7100 29
0 7101 28
0 7102 28
0 7103 28
0 7104 28
0 7105 28
0 7106 28
0 7107 27
0 7108 28
0 7109 28
0 7110 27
0 7111 27
0 7112 28
0 7113 28
0 7114 28
0 7115 28
0 7116 28
0 7117 28
0 7118 28
0 7119 28
0 7120 28
0 7121 28
0 7122 28
0 7123 28
0 7124 27
0 7125 28
0 7126 28
0 7127 28
0 7128 28
0 7129 28
0 7130 28
0 7131 28
0 7132 28
0 7133 28
0 7134 28
0 7135 28
0 7136 28
0 7137 28
0 7138 28
0 7139 28
0 7140 27
0 7141 28
0 7142 28
0 7143 27
0 7144 27
0 7145 28
0 7146 28
0 7147 28
0 7148 28
0 7149 28
0 7150 27
0 7151 28
0 7152 28
0 7153 28
0 7154 28
0 7155 28
0 7156 28
0 7157 28
0 7158 28
0 7159 28
0 7160 29
0 7161 28
0 7162 28
0 7163 28
0 7164 28
0 7165 28
0 7166 27
0 7167 28
0 7168 28
0 7169 28
0 7170 27
0 7171 28
0 7172 28
0 7173 28
0 7174 28
0 7175 28
0 7176 28
0 7177 28
0 7178 27
0 7179 28
0 7180 29
0 7181 29
0 7182 29
0 7183 29
0 7184 29
0 7185 28
0 7186 28
0 7187 28
0 7188 28
0 7189 28
0 7190 28
0 7191 28
0 7192 29
0 7193 28
0 7194 28
0 7195 28
0 7196 28
0 7197 28
0 7198 28
0 7199 28
0 7200 29
0 7201 29
0 7202 29
0 7203 28
0 7204 28
0 7205 28
0 7206 27
0 7207 27
0 7208 28
0 7209 28
0 7210 28
0 7211 28
0 7212 28
0 7213 28
0 7214 28
0 7215 28
0 7216 28
0 7217 28
0 7218 27
0 7219 28
0 7220 28
0 7221 28
0 7222 28
0 7223 28
0 7224 28
0 7225 28
0 7226 27
0 7227 27
0 7228 27
0 7229 28
0 7230 28
0 7231 28
0 7232 28
0 7233 28
0 7234 28
0 7235 28
0 7236 28
0 7237 27
0 7238 28
0 7239 28
0 7240 29
0 7241 28
0 7242 28
0 7243 28
0 7244 28
0 7245 28
0 7246 27
0 7247 28
0 7248 27
0 7249 28
0 7250 28
0 7251 28
0 7252 28
0 7253 27
0 7254 27
0 7255 28
0 7256 28
0 7257 28
0 7258 27
0 7259 28
0 7260 29
0 7261 29
0 7262 29
0 7263 29
0 7264 28
0 7265 28
0 7266 28
0 7267 28
0 7268 28
0 7269 28
0 7270 28
0 7271 28
0 7272 29
0 7273 28
0 7274 28
0 7275 27
0 7276 28
0 7277 28
0 7278 28
0 7279 29
0 7280 30
0 7281 30
0 7282 29
0 7283 29
0 7284 29
0 7285 29
0 7286 28
0 7287 28
0 7288 28
0 7289 29
0 7290 29
0 7291 29
0 7292 30
0 7293 29
0 7294 29
0 7295 28
0 7296 27
0 7297 28
0 7298 27
0 7299 28
0 7300 29
0 7301 29
0 7302 29
0 7303 29
0 7304 29
0 7305 29
0 7306 28
0 7307 28
0 7308 28
0 7309 28
0 7310 28
0 7311 28
0 7312 29
0 7313 28
0 7314 28
0 7315 28
0 7316 28
0 7317 28
0 7318 28
0 7319 28
0 7320 29
0 7321 29
0 7322 29
0 7323 29
0 7324 28
0 7325 28
0 7326 28
0 7327 28
0 7328 28
0 7329 28
0 7330 28
0 7331 28
0 7332 28
0 7333 28
0 7334 28
0 7335 28
0 7336 28
0 7337 28
0 7338 28
0 7339 28
0 7340 29
0 7341 29
0 7342 29
0 7343 29
0 7344 29
0 7345 28
0 7346 28
0 7347 28
0 7348 28
0 7349 28
0 7350 28
0 7351 28
0 7352 29
0 7353 28
0 7354 28
0 7355 27
0 7356 28
0 7357 28
0 7358 28
0 7359 28
0 7360 30
0 7361 29
0 7362 29
0 7363 29
0 7364 29
0 7365 28
0 7366 28
0 7367 28
0 7368 29
0 7369 29
0 7370 29
0 7371 29
0 7372 30
0 7373 28
0 7374 29
0 7375 27
0 7376 28
0 7377 29
0 7378 29
0 7379 29
0 7380 30
0 7381 29
0 7382 30
0 7383 30
0 7384 30
0 7385 29
0 7386 29
0 7387 29
0 7388 29
0 7389 29
0 7390 29
0 7391 29
0 7392 30
0 7393 29
0 7394 29
0 7395 28
0 7396 28
0 7397 28
0 7398 29
0 7399 29
0 7400 30
0 7401 30
0 7402 30
0 7403 30
0 7404 29
0 7405 29
0 7406 29
0 7407 28
0 7408 28
0 7409 28
0 7410 28
0 7411 29
0 7412 29
0 7413 28
0 7414 28
0 7415 27
0 7416 29
0 7417 28
0 7418 28
0 7419 28
0 7420 30
0 7421 29
0 7422 29
0 7423 29
0 7424 29
0 7425 28
0 7426 28
0 7427 28
0 7428 28
0 7429 28
0 7430 28
0 7431 28
0 7432 29
0 7433 28
0 7434 28
0 7435 28
0 7436 28
0 7437 28
0 7438 29
0 7439 29
0 7440 30
0 7441 30
0 7442 29
0 7443 29
0 7444 29
0 7445 29
0 7446 29
0 7447 29
0 7448 29
0 7449 29
0 7450 29
0 7451 29
0 7452 30
0 7453 28
0 7454 29
0 7455 28
0 7456 28
0 7457 28
0 7458 29
0 7459 29
0 7460 30
0 7461 29
0 7462 30
0 7463 30
0 7464 30
0 7465 30
0 7466 29
0 7467 29
0 7468 29
0 7469 29
0 7470 30
0 7471 30
0 7472 29
0 7473 29
0 7474 29
0 7475 29
0 7476 27
0 7477 28
0 7478 30
0 7479 29
0 7480 29
0 7481 29
0 7482 29
0 7483 29
0 7484 30
0 7485 30
0 7486 30
0 7487 30
0 7488 30
0 7489 30
0 7490 29
0 7491 30
0 7492 30
0 7493 29
0 7494 29
0 7495 29
0 7496 28
0 7497 29
0 7498 30
0 7499 29
0 7500 30
0 7501 29
0 7502 30
0 7503 30
0 7504 30
0 7505 29
0 7506 29
0 7507 29
0 7508 29
0 7509 29
0 7510 29
0 7511 30
0 7512 30
0 7513 29
0 7514 29
0 7515 27
0 7516 28
0 7517 29
0 7518 29
0 7519 29
0 7520 30
0 7521 30
0 7522 30
0 7523 29
0 7524 29
0 7525 29
0 7526 29
0 7527 29
0 7528 29
0 7529 29
0 7530 29
0 7531 29
0 7532 30
0 7533 29
0 7534 29
0 7535 28
0 7536 28
0 7537 28
0 7538 29
0 7539 29
0 7540 30
0 7541 30
0 7542 30
0 7543 30
0 7544 30
0 7545 30
0 7546 29
0 7547 29
0 7548 29
0 7549 29
0 7550 29
0 7551 30
0 7552 30
0 7553 29
0 7554 29
0 7555 28
0 7556 28
0 7557 29
0 7558 29
0 7559 29
0 7560 29
0 7561 29
0 7562 30
0 7563 30
0 7564 30
0 7565 30
0 7566 30
0 7567 30
0 7568 30
0 7569 30
0 7570 30
0 7571 30
0 7572 29
0 7573 30
0 7574 30
0 7575 29
0 7576 29
0 7577 30
0 7578 29
0 7579 29
0 7580 29
0 7581 29
0 7582 29
0 7583 29
0 7584 29
0 7585 30
0 7586 30
0 7587 30
0 7588 30
0 7589 30
0 7590 30
0 7591 29
0 7592 29
0 7593 30
0 7594 30
0 7595 29
0 7596 29
0 7597 30
0 7598 29
0 7599 29
0 7600 29
0 7601 29
0 7602 30
0 7603 30
0 7604 30
0 7605 30
0 7606 29
0 7607 29
0 7608 29
0 7609 30
0 7610 30
0 7611 30
0 7612 29
0 7613 29
0 7614 29
0 7615 29
0 7616 28
0 7617 29
0 7618 29
0 7619 28
0 7620 30
0 7621 29
0 7622 30
0 7623 30
0 7624 30
0 7625 30
0 7626 29
0 7627 29
0 7628 29
0 7629 29
0 7630 29
0 7631 30
0 7632 30
0 7633 29
0 7634 29
0 7635 28
0 7636 28
0 7637 29
0 7638 29
0 7639 30
0 7640 30
0 7641 29
0 7642 30
0 7643 30
0 7644 30
0 7645 30
0 7646 29
0 7647 30
0 7648 29
0 7649 29
0 7650 29
0 7651 30
0 7652 29
0 7653 29
0 7654 29
0 7655 29
0 7656 29
0 7657 29
0 7658 30
0 7659 29
0 7660 29
0 7661 29
0 7662 29
0 7663 29
0 7664 29
0 7665 29
0 7666 30
0 7667 30
0 7668 30
0 7669 29
0 7670 29
0 7671 29
0 7672 29
0 7673 30
0 7674 29
0 7675 30
0 7676 30
0 7677 30
0 7678 29
0 7679 30
0 7680 28
0 7681 29
0 7682 29
0 7683 30
0 7684 30
0 7685 30
0 7686 30
0 7687 30
0 7688 29
0 7689 29
0 7690 29
0 7691 29
0 7692 29
0 7693 30
0 7694 30
0 7695 29
0 7696 29
0 7697 30
0 7698 29
0 7699 29
0 7700 29
0 7701 29
0 7702 29
0 7703 29
0 7704 30
0 7705 30
0 7706 30
0 7707 30
0 7708 30
0 7709 30
0 7710 30
0 7711 29
0 7712 29
0 7713 30
0 7714 30
0 7715 29
0 7716 29
0 7717 29
0 7718 30
0 7719 29
0 7720 29
0 7721 29
0 7722 29
0 7723 30
0 7724 30
0 7725 30
0 7726 30
0 7727 30
0 7728 30
0 7729 30
0 7730 30
0 7731 30
0 7732 29
0 7733 29
0 7734 30
0 7735 29
0 7736 29
0 7737 30
0 7738 29
0 7739 29
0 7740 29
0 7741 29
0 7742 29
0 7743 29
0 7744 29
0 7745 30
0 7746 30
0 7747 30
0 7748 30
0 7749 29
0 7750 29
0 7751 29
0 7752 29
0 7753 30
0 7754 30
0 7755 30
0 7756 29
0 7757 30
0 7758 29
0 7759 30
0 7760 29
0 7761 30
0 7762 29
0 7763 29
0 7764 29
0 7765 29
0 7766 30
0 7767 29
0 7768 29
0 7769 29
0 7770 29
0 7771 29
0 7772 30
0 7773 29
0 7774 29
0 7775 30
0 7776 29
0 7777 29
0 7778 29
0 7779 29
0 7780 28
0 7781 30
0 7782 29
0 7783 29
0 7784 29
0 7785 29
0 7786 30
0 7787 29
0 7788 29
0 7789 29
0 7790 29
0 7791 29
0 7792 30
0 7793 29
0 7794 29
0 7795 30
0 7796 30
0 7797 29
0 7798 29
0 7799 30
0 7800 28
0 7801 29
0 7802 29
0 7803 29
0 7804 29
0 7805 29
0 7806 30
0 7807 30
0 7808 29
0 7809 29
0 7810 30
0 7811 30
0 7812 29
0 7813 30
0 7814 30
0 7815 29
0 7816 29
0 7817 30
0 7818 29
0 7819 29
0 7820 29
0 7821 29
0 7822 29
0 7823 29
0 7824 29
0 7825 29
0 7826 30
0 7827 30
0 7828 30
0 7829 29
0 7830 30
0 7831 29
0 7832 29
0 7833 30
0 7834 30
0 7835 30
0 7836 29
0 7837 29
0 7838 29
0 7839 29
0 7840 29
0 7841 30
0 7842 29
0 7843 29
0 7844 29
0 7845 29
0 7846 30
0 7847 29
0 7848 29
0 7849 29
0 7850 29
0 7851 29
0 7852 29
0 7853 29
0 7854 29
0 7855 30
0 7856 29
0 7857 29
0 7858 29
0 7859 29
0 7860 29
0 7861 29
0 7862 29
0 7863 29
0 7864 29
0 7865 29
0 7866 29
0 7867 29
0 7868 29
0 7869 29
0 7870 29
0 7871 30
0 7872 29
0 7873 29
0 7874 29
0 7875 30
0 7876 29
0 7877 29
0 7878 29
0 7879 29
0 7880 30
0 7881 29
0 7882 29
0 7883 29
0 7884 29
0 7885 29
0 7886 29
0 7887 29
0 7888 29
0 7889 29
0 7890 29
0 7891 29
0 7892 29
0 7893 29
0 7894 29
0 7895 30
0 7896 29
0 7897 29
0 7898 29
0 7899 30
0 7900 29
0 7901 30
0 7902 29
0 7903 29
0 7904 29
0 7905 29
0 7906 30
0 7907 30
0 7908 30
0 7909 29
0 7910 29
0 7911 29
0 7912 29
0 7913 30
0 7914 29
0 7915 30
0 7916 29
0 7917 30
0 7918 29
0 7919 30
0 7920 29
0 7921 30
0 7922 29
0 7923 29
0 7924 29
0 7925 29
0 7926 30
0 7927 29
0 7928 29
0 7929 29
0 7930 29
0 7931 29
0 7932 30
0 7933 29
0 7934 29
0 7935 30
0 7936 30
0 7937 29
0 7938 29
0 7939 30
0 7940 28
0 7941 30
0 7942 29
0 7943 29
0 7944 29
0 7945 29
0 7946 29
0 7947 29
0 7948 29
0 7949 29
0 7950 29
0 7951 29
0 7952 30
0 7953 29
0 7954 29
0 7955 30
0 7956 29
0 7957 29
0 7958 30
0 7959 29
0 7960 30
0 7961 30
0 7962 29
0 7963 29
0 7964 29
0 7965 29
0 7966 29
0 7967 30
0 7968 29
0 7969 29
0 7970 29
0 7971 29
0 7972 30
0 7973 30
0 7974 29
0 7975 29
0 7976 29
0 7977 29
0 7978 30
0 7979 30
0 7980 30
0 7981 30
0 7982 29
0 7983 29
0 7984 29
0 7985 29
0 7986 29
0 7987 29
0 7988 29
0 7989 29
0 7990 30
0 7991 29
0 7992 30
0 7993 29
0 7994 29
0 7995 30
0 7996 29
0 7997 29
0 7998 29
0 7999 29
0 8000 29
0 8001 29
0 8002 29
0 8003 29
0 8004 29
0 8005 29
0 8006 29
0 8007 29
0 8008 29
0 8009 29
0 8010 29
0 8011 29
0 8012 30
0 8013 29
0 8014 29
0 8015 30
0 8016 30
0 8017 29
0 8018 29
0 8019 30
0 8020 29
0 8021 30
0 8022 29
0 8023 29
0 8024 29
0 8025 29
0 8026 29
0 8027 29
0 8028 29
0 8029 29
0 8030 29
0 8031 29
0 8032 29
0 8033 29
0 8034 29
0 8035 30
0 8036 29
0 8037 29
0 8038 29
0 8039 29
0 8040 30
0 8041 30
0 8042 29
0 8043 29
0 8044 30
0 8045 29
0 8046 29
0 8047 29
0 8048 29
0 8049 30
0 8050 29
0 8051 29
0 8052 29
0 8053 29
0 8054 29
0 8055 30
0 8056 29
0 8057 29
0 8058 31
0 8059 30
0 8060 30
0 8061 30
0 8062 30
0 8063 29
0 8064 29
0 8065 29
0 8066 29
0 8067 29
0 8068 29
0 8069 30
0 8070 29
0 8071 29
0 8072 30
0 8073 29
0 8074 29
0 8075 30
0 8076 29
0 8077 30
0 8078 30
0 8079 30
0 8080 30
0 8081 30
0 8082 30
0 8083 29
0 8084 29
0 8085 29
0 8086 29
0 8087 29
0 8088 29
0 8089 29
0 8090 29
0 8091 29
0 8092 29
0 8093 29
0 8094 29
0 8095 30
0 8096 29
0 8097 28
0 8098 29
0 8099 29
0 8100 29
0 8101 29
0 8102 29
0 8103 29
0 8104 29
0 8105 29
0 8106 29
0 8107 29
0 8108 29
0 8109 29
0 8110 29
0 8111 29
0 8112 29
0 8113 29
0 8114 29
0 8115 30
0 8116 30
0 8117 29
0 8118 29
0 8119 29
0 8120 29
0 8121 29
0 8122 29
0 8123 29
0 8124 29
0 8125 29
0 8126 29
0 8127 29
0 8128 29
0 8129 29
0 8130 29
0 8131 29
0 8132 29
0 8133 29
0 8134 29
0 8135 30
0 8136 29
0 8137 30
0 8138 29
0 8139 29
0 8140 30
0 8141 29
0 8142 29
0 8143 29
0 8144 29
0 8145 29
0 8146 29
0 8147 29
0 8148 29
0 8149 30
0 8150 29
0 8151 29
0 8152 30
0 8153 29
0 8154 29
0 8155 29
0 8156 29
0 8157 29
0 8158 30
0 8159 30
0 8160 30
0 8161 30
0 8162 30
0 8163 29
0 8164 29
0 8165 29
0 8166 29
0 8167 29
0 8168 29
0 8169 29
0 8170 30
0 8171 30
0 8172 30
0 8173 29
0 8174 29
0 8175 29
0 8176 29
0 8177 29
0 8178 31
0 8179 30
0 8180 30
0 8181 30
0 8182 30
0 8183 30
0 8184 29
0 8185 29
0 8186 28
0 8187 29
0 8188 29
0 8189 30
0 8190 29
0 8191 29
0 8192 30
0 8193 29
0 8194 29
0 8195 30
0 8196 30
0 8197 29
0 8198 29
0 8199 30
0 8200 29
0 8201 29
0 8202 29
0 8203 29
0 8204 29
0 8205 29
0 8206 29
0 8207 29
0 8208 29
0 8209 29
0 8210 29
0 8211 29
0 8212 29
0 8213 29
0 8214 29
0 8215 30
0 8216 29
0 8217 30
0 8218 29
0 8219 29
0 8220 29
0 8221 29
0 8222 29
0 8223 29
0 8224 29
0 8225 28
0 8226 29
0 8227 29
0 8228 29
0 8229 30
0 8230 29
0 8231 29
0 8232 30
0 8233 29
0 8234 29
0 8235 30
0 8236 29
0 8237 29
0 8238 31
0 8239 29
0 8240 30
0 8241 30
0 8242 29
0 8243 29
0 8244 29
0 8245 29
0 8246 30
0 8247 29
0 8248 29
0 8249 29
0 8250 29
0 8251 29
0 8252 30
0 8253 29
0 8254 29
0 8255 29
0 8256 29
0 8257 29
0 8258 30
0 8259 30
0 8260 30
0 8261 30
0 8262 30
0 8263 30
0 8264 30
0 8265 29
0 8266 29
0 8267 29
0 8268 29
0 8269 30
0 8270 30
0 8271 30
0 8272 29
0 8273 29
0 8274 29
0 8275 29
0 8276 30
0 8277 30
0 8278 30
0 8279 30
0 8280 29
0 8281 30
0 8282 30
0 8283 29
0 8284 29
0 8285 29
0 8286 29
0 8287 29
0 8288 29
0 8289 29
0 8290 29
0 8291 29
0 8292 30
0 8293 29
0 8294 29
0 8295 30
0 8296 29
0 8297 30
0 8298 30
0 8299 29
0 8300 30
0 8301 30
0 8302 29
0 8303 29
0 8304 29
0 8305 29
0 8306 29
0 8307 29
0 8308 29
0 8309 30
0 8310 29
0 8311 29
0 8312 30
0 8313 29
0 8314 29
0 8315 30
0 8316 29
0 8317 29
0 8318 30
0 8319 29
0 8320 30
0 8321 29
0 8322 29
0 8323 29
0 8324 29
0 8325 29
0 8326 29
0 8327 29
0 8328 30
0 8329 29
0 8330 29
0 8331 29
0 8332 30
0 8333 30
0 8334 28
0 8335 29
0 8336 29
0 8337 29
0 8338 29
0 8339 30
0 8340 29
0 8341 30
0 8342 30
0 8343 30
0 8344 30
0 8345 29
0 8346 29
0 8347 29
0 8348 30
0 8349 30
0 8350 30
0 8351 30
0 8352 29
0 8353 29
0 8354 29
0 8355 29
0 8356 29
0 8357 29
0 8358 30
0 8359 29
0 8360 29
0 8361 30
0 8362 30
0 8363 30
0 8364 30
0 8365 30
0 8366 30
0 8367 30
0 8368 30
0 8369 30
0 8370 30
0 8371 30
0 8372 29
0 8373 29
0 8374 29
0 8375 29
0 8376 29
0 8377 29
0 8378 30
0 8379 30
0 8380 29
0 8381 30
0 8382 30
0 8383 30
0 8384 30
0 8385 29
0 8386 29
0 8387 29
0 8388 29
0 8389 29
0 8390 29
0 8391 29
0 8392 30
0 8393 29
0 8394 29
0 8395 30
0 8396 29
0 8397 29
0 8398 31
0 8399 30
0 8400 30
0 8401 30
0 8402 29
0 8403 29
0 8404 29
0 8405 29
0 8406 29
0 8407 30
0 8408 29
0 8409 29
0 8410 29
0 8411 29
0 8412 30
0 8413 29
0 8414 29
0 8415 30
0 8416 29
0 8417 29
0 8418 29
0 8419 29
0 8420 30
0 8421 30
0 8422 29
0 8423 29
0 8424 29
0 8425 29
0 8426 28
0 8427 30
0 8428 29
0 8429 29
0 8430 29
0 8431 30
0 8432 29
0 8433 29
0 8434 29
0 8435 30
0 8436 29
0 8437 29
0 8438 30
0 8439 30
0 8440 29
0 8441 30
0 8442 30
0 8443 30
0 8444 30
0 8445 29
0 8446 29
0 8447 29
0 8448 30
0 8449 30
0 8450 29
0 8451 30
0 8452 29
0 8453 29
0 8454 29
0 8455 29
0 8456 30
0 8457 29
0 8458 30
0 8459 30
0 8460 29
0 8461 30
0 8462 30
0 8463 30
0 8464 30
0 8465 30
0 8466 29
0 8467 29
0 8468 30
0 8469 30
0 8470 30
0 8471 30
0 8472 29
0 8473 29
0 8474 29
0 8475 29
0 8476 29
0 8477 29
0 8478 30
0 8479 30
0 8480 29
0 8481 29
0 8482 30
0 8483 30
0 8484 29
0 8485 29
0 8486 29
0 8487 29
0 8488 29
0 8489 30
0 8490 29
0 8491 30
0 8492 30
0 8493 29
0 8494 29
0 8495 30
0 8496 29
0 8497 29
0 8498 31
0 8499 30
0 8500 30
0 8501 30
0 8502 30
0 8503 29
0 8504 29
0 8505 29
0 8506 29
0 8507 30
0 8508 29
0 8509 29
0 8510 29
0 8511 29
0 8512 30
0 8513 29
0 8514 29
0 8515 30
0 8516 29
0 8517 29
0 8518 29
0 8519 30
0 8520 30
0 8521 30
0 8522 30
0 8523 29
0 8524 29
0 8525 29
0 8526 29
0 8527 29
0 8528 29
0 8529 29
0 8530 29
0 8531 30
0 8532 29
0 8533 29
0 8534 29
0 8535 29
0 8536 29
0 8537 29
0 8538 30
0 8539 30
0 8540 29
0 8541 30
0 8542 30
0 8543 30
0 8544 30
0 8545 30
0 8546 29
0 8547 29
0 8548 30
0 8549 30
0 8550 30
0 8551 30
0 8552 29
0 8553 29
0 8554 29
0 8555 29
0 8556 29
0 8557 29
0 8558 29
0 8559 30
0 8560 29
0 8561 29
0 8562 30
0 8563 30
0 8564 30
0 8565 30
0 8566 30
0 8567 30
0 8568 30
0 8569 30
0 8570 30
0 8571 30
0 8572 29
0 8573 29
0 8574 29
0 8575 29
0 8576 30
0 8577 29
0 8578 30
0 8579 30
0 8580 29
0 8581 30
0 8582 30
0 8583 30
0 8584 30
0 8585 30
0 8586 29
0 8587 29
0 8588 29
0 8589 29
0 8590 29
0 8591 29
0 8592 30
0 8593 29
0 8594 29
0 8595 30
0 8596 29
0 8597 29
0 8598 30
0 8599 30
0 8600 29
0 8601 30
0 8602 30
0 8603 30
0 8604 30
0 8605 29
0 8606 29
0 8607 29
0 8608 29
0 8609 29
0 8610 29
0 8611 29
0 8612 29
0 8613 29
0 8614 29
0 8615 29
0 8616 29
0 8617 29
0 8618 30
0 8619 30
0 8620 30
0 8621 30
0 8622 30
0 8623 30
0 8624 30
0 8625 29
0 8626 29
0 8627 29
0 8628 30
0 8629 30
0 8630 30
0 8631 30
0 8632 29
0 8633 29
0 8634 29
0 8635 29
0 8636 30
0 8637 29
0 8638 30
0 8639 30
0 8640 29
0 8641 29
0 8642 30
0 8643 30
0 8644 30
0 8645 30
0 8646 29
0 8647 30
0 8648 30
0 8649 30
0 8650 30
0 8651 30
0 8652 29
0 8653 30
0 8654 29
0 8655 29
0 8656 30
0 8657 29
0 8658 29
0 8659 30
0 8660 29
0 8661 29
0 8662 30
0 8663 30
0 8664 29
0 8665 30
0 8666 30
0 8667 30
0 8668 30
0 8669 30
0 8670 30
0 8671 30
0 8672 29
0 8673 29
0 8674 29
0 8675 29
0 8676 30
0 8677 30
0 8678 30
0 8679 30
0 8680 29
0 8681 30
0 8682 30
0 8683 30
0 8684 30
0 8685 29
0 8686 29
0 8687 29
0 8688 29
0 8689 29
0 8690 29
0 8691 29
0 8692 30
0 8693 29
0 8694 29
0 8695 28
0 8696 29
0 8697 29
0 8698 29
0 8699 30
0 8700 29
0 8701 30
0 8702 30
0 8703 30
0 8704 29
0 8705 29
0 8706 28
0 8707 29
0 8708 29
0 8709 30
0 8710 29
0 8711 30
0 8712 30
0 8713 29
0 8714 29
0 8715 29
0 8716 29
0 8717 29
0 8718 30
0 8719 30
0 8720 29
0 8721 30
0 8722 30
0 8723 30
0 8724 30
0 8725 29
0 8726 29
0 8727 29
0 8728 30
0 8729 30
0 8730 30
0 8731 30
0 8732 29
0 8733 30
0 8734 29
0 8735 29
0 8736 30
0 8737 29
0 8738 29
0 8739 30
0 8740 29
0 8741 29
0 8742 29
0 8743 29
0 8744 29
0 8745 30
0 8746 30
0 8747 30
0 8748 30
0 8749 30
0 8750 30
0 8751 29
0 8752 29
0 8753 29
0 8754 30
0 8755 29
0 8756 30
0 8757 29
0 8758 29
0 8759 29
0 8760 29
0 8761 29
0 8762 29
0 8763 30
0 8764 30
0 8765 30
0 8766 30
0 8767 30
0 8768 30
0 8769 30
0 8770 30
0 8771 30
0 8772 29
0 8773 29
0 8774 29
0 8775 29
0 8776 30
0 8777 29
0 8778 30
0 8779 30
0 8780 29
0 8781 29
0 8782 30
0 8783 30
0 8784 30
0 8785 29
0 8786 29
0 8787 29
0 8788 29
0 8789 29
0 8790 30
0 8791 30
0 8792 29
0 8793 29
0 8794 29
0 8795 29
0 8796 29
0 8797 29
0 8798 30
0 8799 30
0 8800 29
0 8801 30
0 8802 30
0 8803 29
0 8804 29
0 8805 29
0 8806 29
0 8807 29
0 8808 30
0 8809 30
0 8810 30
0 8811 30
0 8812 29
0 8813 29
0 8814 29
0 8815 29
0 8816 30
0 8817 29
0 8818 30
0 8819 30
0 8820 29
0 8821 29
0 8822 30
0 8823 30
0 8824 30
0 8825 30
0 8826 29
0 8827 30
0 8828 30
0 8829 30
0 8830 30
0 8831 30
0 8832 29
0 8833 29
0 8834 29
0 8835 28
0 8836 29
0 8837 29
0 8838 29
0 8839 29
0 8840 29
0 8841 29
0 8842 29
0 8843 30
0 8844 30
0 8845 30
0 8846 30
0 8847 30
0 8848 30
0 8849 30
0 8850 30
0 8851 30
0 8852 29
0 8853 29
0 8854 30
0 8855 29
0 8856 30
0 8857 29
0 8858 29
0 8859 29
0 8860 29
0 8861 29
0 8862 29
0 8863 30
0 8864 30
0 8865 30
0 8866 29
0 8867 30
0 8868 30
0 8869 30
0 8870 30
0 8871 30
0 8872 29
0 8873 29
0 8874 29
0 8875 29
0 8876 29
0 8877 29
0 8878 29
0 8879 30
0 8880 29
0 8881 29
0 8882 30
0 8883 30
0 8884 30
0 8885 29
0 8886 29
0 8887 29
0 8888 29
0 8889 30
0 8890 30
0 8891 30
0 8892 29
0 8893 29
0 8894 29
0 8895 29
0 8896 29
0 8897 29
0 8898 30
0 8899 30
0 8900 29
0 8901 30
0 8902 30
0 8903 30
0 8904 30
0 8905 29
0 8906 29
0 8907 29
0 8908 29
0 8909 29
0 8910 30
0 8911 30
0 8912 29
0 8913 29
0 8914 29
0 8915 28
0 8916 29
0 8917 29
0 8918 30
0 8919 30
0 8920 29
0 8921 29
0 8922 30
0 8923 30
0 8924 30
0 8925 30
0 8926 30
0 8927 30
0 8928 30
0 8929 30
0 8930 30
0 8931 30
0 8932 29
0 8933 29
0 8934 29
0 8935 29
0 8936 30
0 8937 29
0 8938 29
0 8939 29
0 8940 29
0 8941 29
0 8942 29
0 8943 29
0 8944 29
0 8945 30
0 8946 30
0 8947 30
0 8948 30
0 8949 30
0 8950 30
0 8951 29
0 8952 29
0 8953 30
0 8954 30
0 8955 29
0 8956 30
0 8957 29
0 8958 29
0 8959 29
0 8960 29
0 8961 29
0 8962 30
0 8963 30
0 8964 30
0 8965 30
0 8966 30
0 8967 30
0 8968 30
0 8969 30
0 8970 30
0 8971 30
0 8972 29
0 8973 29
0 8974 29
0 8975 29
0 8976 30
0 8977 28
0 8978 30
0 8979 30
0 8980 29
0 8981 29
0 8982 30
0 8983 30
0 8984 30
0 8985 30
0 8986 29
0 8987 29
0 8988 30
0 8989 30
0 8990 30
0 8991 30
0 8992 29
0 8993 29
0 8994 29
0 8995 29
0 8996 30
0 8997 29
0 8998 30
0 8999 30
0 9000 29
0 9001 29
0 9002 30
0 9003 30
0 9004 30
0 9005 30
0 9006 29
0 9007 30
0 9008 30
0 9009 30
0 9010 30
0 9011 30
0 9012 29
0 9013 29
0 9014 29
0 9015 29
0 9016 29
0 9017 29
0 9018 29
0 9019 30
0 9020 29
0 9021 29
0 9022 30
0 9023 30
0 9024 30
0 9025 30
0 9026 29
0 9027 29
0 9028 30
0 9029 30
0 9030 30
0 9031 30
0 9032 29
0 9033 29
0 9034 29
0 9035 29
0 9036 30
0 9037 29
0 9038 29
0 9039 29
0 9040 29
0 9041 29
0 9042 29
0 9043 29
0 9044 29
0 9045 30
0 9046 30
0 9047 30
0 9048 29
0 9049 29
0 9050 30
0 9051 29
0 9052 29
0 9053 30
0 9054 30
0 9055 29
0 9056 30
0 9057 29
0 9058 29
0 9059 29
0 9060 29
0 9061 29
0 9062 29
0 9063 30
0 9064 30
0 9065 30
0 9066 30
0 9067 30
0 9068 30
0 9069 30
0 9070 30
0 9071 30
0 9072 29
0 9073 29
0 9074 29
0 9075 29
0 9076 30
0 9077 30
0 9078 29
0 9079 29
0 9080 29
0 9081 30
0 9082 30
0 9083 30
0 9084 30
0 9085 29
0 9086 29
0 9087 29
0 9088 30
0 9089 30
0 9090 29
0 9091 29
0 9092 30
0 9093 29
0 9094 29
0 9095 29
0 9096 29
0 9097 29
0 9098 30
0 9099 30
0 9100 29
0 9101 29
0 9102 30
0 9103 30
0 9104 30
0 9105 30
0 9106 29
0 9107 29
0 9108 30
0 9109 30
0 9110 30
0 9111 30
0 9112 29
0 9113 29
0 9114 29
0 9115 29
0 9116 30
0 9117 29
0 9118 29
0 9119 29
0 9120 29
0 9121 29
0 9122 30
0 9123 30
0 9124 30
0 9125 30
0 9126 30
0 9127 30
0 9128 30
0 9129 30
0 9130 30
0 9131 29
0 9132 29
0 9133 29
0 9134 30
0 9135 29
0 9136 30
0 9137 29
0 9138 29
0 9139 29
0 9140 29
0 9141 29
0 9142 29
0 9143 29
0 9144 29
0 9145 29
0 9146 30
0 9147 30
0 9148 30
0 9149 29
0 9150 29
0 9151 29
0 9152 29
0 9153 30
0 9154 30
0 9155 29
0 9156 30
0 9157 29
0 9158 29
0 9159 29
0 9160 29
0 9161 29
0 9162 29
0 9163 29
0 9164 30
0 9165 30
0 9166 30
0 9167 30
0 9168 30
0 9169 30
0 9170 30
0 9171 30
0 9172 29
0 9173 29
0 9174 29
0 9175 28
0 9176 29
0 9177 28
0 9178 30
0 9179 30
0 9180 29
0 9181 30
0 9182 30
0 9183 30
0 9184 30
0 9185 29
0 9186 29
0 9187 29
0 9188 30
0 9189 30
0 9190 30
0 9191 30
0 9192 29
0 9193 29
0 9194 29
0 9195 28
0 9196 29
0 9197 29
0 9198 30
0 9199 30
0 9200 29
0 9201 30
0 9202 30
0 9203 30
0 9204 30
0 9205 29
0 9206 29
0 9207 29
0 9208 30
0 9209 30
0 9210 30
0 9211 30
0 9212 29
0 9213 29
0 9214 29
0 9215 28
0 9216 30
0 9217 29
0 9218 30
0 9219 30
0 9220 29
0 9221 29
0 9222 30
0 9223 29
0 9224 30
0 9225 30
0 9226 30
0 9227 30
0 9228 30
0 9229 30
0 9230 30
0 9231 29
0 9232 29
0 9233 30
0 9234 30
0 9235 29
0 9236 30
0 9237 29
0 9238 29
0 9239 29
0 9240 29
0 9241 29
0 9242 29
0 9243 29
0 9244 29
0 9245 29
0 9246 30
0 9247 30
0 9248 29
0 9249 29
0 9250 30
0 9251 30
0 9252 29
0 9253 30
0 9254 30
0 9255 29
0 9256 30
0 9257 29
0 9258 29
0 9259 29
0 9260 29
0 9261 29
0 9262 29
0 9263 29
0 9264 30
0 9265 30
0 9266 30
0 9267 30
0 9268 30
0 9269 30
0 9270 30
0 9271 30
0 9272 29
0 9273 30
0 9274 29
0 9275 29
0 9276 29
0 9277 29
0 9278 30
0 9279 30
0 9280 29
0 9281 29
0 9282 30
0 9283 30
0 9284 30
0 9285 29
0 9286 29
0 9287 29
0 9288 30
0 9289 30
0 9290 30
0 9291 30
0 9292 29
0 9293 29
0 9294 29
0 9295 28
0 9296 29
0 9297 29
0 9298 30
0 9299 30
0 9300 29
0 9301 29
0 9302 30
0 9303 30
0 9304 30
0 9305 30
0 9306 29
0 9307 30
0 9308 30
0 9309 30
0 9310 30
0 9311 30
0 9312 29
0 9313 29
0 9314 29
0 9315 28
0 9316 30
0 9317 29
0 9318 30
0 9319 29
0 9320 29
0 9321 29
0 9322 29
0 9323 30
0 9324 30
0 9325 30
0 9326 30
0 9327 30
0 9328 30
0 9329 30
0 9330 30
0 9331 29
0 9332 29
0 9333 30
0 9334 30
0 9335 29
0 9336 30
0 9337 29
0 9338 29
0 9339 29
0 9340 29
0 9341 29
0 9342 29
0 9343 29
0 9344 29
0 9345 30
0 9346 30
0 9347 30
0 9348 29
0 9349 30
0 9350 30
0 9351 29
0 9352 29
0 9353 29
0 9354 29
0 9355 29
0 9356 30
0 9357 29
0 9358 29
0 9359 29
0 9360 29
0 9361 29
0 9362 30
0 9363 30
0 9364 30
0 9365 30
0 9366 30
0 9367 30
0 9368 30
0 9369 30
0 9370 30
0 9371 30
0 9372 29
0 9373 29
0 9374 29
0 9375 29
0 9376 31
0 9377 29
0 9378 30
0 9379 30
0 9380 29
0 9381 29
0 9382 30
0 9383 30
0 9384 30
0 9385 30
0 9386 30
0 9387 29
0 9388 30
0 9389 30
0 9390 30
0 9391 30
0 9392 29
0 9393 29
0 9394 29
0 9395 29
0 9396 30
0 9397 30
0 9398 30
0 9399 29
0 9400 29
0 9401 29
0 9402 30
0 9403 30
0 9404 30
0 9405 30
0 9406 30
0 9407 30
0 9408 30
0 9409 30
0 9410 30
0 9411 30
0 9412 29
0 9413 30
0 9414 29
0 9415 29
0 9416 31
0 9417 29
0 9418 29
0 9419 29
0 9420 29
0 9421 29
0 9422 29
0 9423 29
0 9424 30
0 9425 30
0 9426 30
0 9427 30
0 9428 30
0 9429 30
0 9430 30
0 9431 29
0 9432 29
0 9433 30
0 9434 30
0 9435 29
0 9436 30
0 9437 29
0 9438 29
0 9439 29
0 9440 29
0 9441 29
0 9442 29
0 9443 29
0 9444 29
0 9445 30
0 9446 30
0 9447 30
0 9448 29
0 9449 30
0 9450 30
0 9451 30
0 9452 29
0 9453 30
0 9454 29
0 9455 29
0 9456 30
0 9457 29
0 9458 29
0 9459 29
0 9460 29
0 9461 29
0 9462 29
0 9463 30
0 9464 30
0 9465 30
0 9466 30
0 9467 30
0 9468 30
0 9469 30
0 9470 30
0 9471 30
0 9472 29
0 9473 29
0 9474 29
0 9475 29
0 9476 29
0 9477 29
0 9478 30
0 9479 30
0 9480 29
0 9481 30
0 9482 30
0 9483 30
0 9484 30
0 9485 30
0 9486 29
0 9487 29
0 9488 30
0 9489 30
0 9490 30
0 9491 30
0 9492 29
0 9493 29
0 9494 29
0 9495 29
0 9496 30
0 9497 29
0 9498 30
0 9499 30
0 9500 29
0 9501 29
0 9502 30
0 9503 30
0 9504 30
0 9505 30
0 9506 29
0 9507 29
0 9508 30
0 9509 30
0 9510 30
0 9511 30
0 9512 29
0 9513 29
0 9514 29
0 9515 29
0 9516 30
0 9517 29
0 9518 29
0 9519 29
0 9520 29
0 9521 29
0 9522 29
0 9523 29
0 9524 30
0 9525 30
0 9526 30
0 9527 30
0 9528 29
0 9529 29
0 9530 30
0 9531 29
0 9532 29
0 9533 30
0 9534 30
0 9535 29
0 9536 30
0 9537 29
0 9538 29
0 9539 29
0 9540 29
0 9541 29
0 9542 29
0 9543 29
0 9544 29
0 9545 30
0 9546 30
0 9547 30
0 9548 30
0 9549 30
0 9550 30
0 9551 30
0 9552 29
0 9553 30
0 9554 30
0 9555 29
0 9556 30
0 9557 29
0 9558 29
0 9559 29
0 9560 29
0 9561 29
0 9562 29
0 9563 30
0 9564 30
0 9565 30
0 9566 30
0 9567 30
0 9568 30
0 9569 30
0 9570 30
0 9571 30
0 9572 29
0 9573 29
0 9574 29
0 9575 28
0 9576 30
0 9577 28
0 9578 30
0 9579 29
0 9580 29
0 9581 30
0 9582 29
0 9583 30
0 9584 30
0 9585 30
0 9586 29
0 9587 29
0 9588 29
0 9589 30
0 9590 30
0 9591 30
0 9592 29
0 9593 29
0 9594 29
0 9595 29
0 9596 29
0 9597 29
0 9598 29
0 9599 30
0 9600 29
0 9601 29
0 9602 30
0 9603 30
0 9604 30
0 9605 29
0 9606 29
0 9607 30
0 9608 30
0 9609 30
0 9610 30
0 9611 30
0 9612 29
0 9613 29
0 9614 29
0 9615 29
0 9616 30
0 9617 29
0 9618 29
0 9619 29
0 9620 29
0 9621 29
0 9622 29
0 9623 29
0 9624 29
0 9625 30
0 9626 30
0 9627 30
0 9628 29
0 9629 29
0 9630 29
0 9631 29
0 9632 29
0 9633 30
0 9634 30
0 9635 29
0 9636 30
0 9637 29
0 9638 29
0 9639 29
0 9640 29
0 9641 29
0 9642 29
0 9643 29
0 9644 29
0 9645 30
0 9646 30
0 9647 30
0 9648 30
0 9649 29
0 9650 30
0 9651 30
0 9652 29
0 9653 29
0 9654 29
0 9655 29
0 9656 30
0 9657 29
0 9658 29
0 9659 29
0 9660 29
0 9661 29
0 9662 30
0 9663 30
0 9664 30
0 9665 30
0 9666 29
0 9667 29
0 9668 30
0 9669 30
0 9670 30
0 9671 30
0 9672 29
0 9673 29
0 9674 29
0 9675 29
0 9676 30
0 9677 29
0 9678 30
0 9679 30
0 9680 29
0 9681 29
0 9682 30
0 9683 30
0 9684 30
0 9685 30
0 9686 30
0 9687 30
0 9688 30
0 9689 30
0 9690 30
0 9691 30
0 9692 29
0 9693 29
0 9694 29
0 9695 28
0 9696 30
0 9697 29
0 9698 30
0 9699 30
0 9700 29
0 9701 29
0 9702 30
0 9703 30
0 9704 30
0 9705 30
0 9706 30
0 9707 30
0 9708 30
0 9709 30
0 9710 30
0 9711 30
0 9712 29
0 9713 29
0 9714 29
0 9715 28
0 9716 30
0 9717 29
0 9718 29
0 9719 29
0 9720 29
0 9721 29
0 9722 29
0 9723 29
0 9724 29
0 9725 30
0 9726 30
0 9727 30
0 9728 29
0 9729 29
0 9730 30
0 9731 30
0 9732 29
0 9733 30
0 9734 30
0 9735 29
0 9736 30
0 9737 29
0 9738 29
0 9739 29
0 9740 29
0 9741 29
0 9742 29
0 9743 29
0 9744 29
0 9745 30
0 9746 30
0 9747 30
0 9748 30
0 9749 29
0 9750 29
0 9751 29
0 9752 29
0 9753 30
0 9754 30
0 9755 29
0 9756 30
0 9757 29
0 9758 29
0 9759 29
0 9760 29
0 9761 29
0 9762 29
0 9763 30
0 9764 30
0 9765 30
0 9766 30
0 9767 30
0 9768 30
0 9769 30
0 9770 30
0 9771 30
0 9772 29
0 9773 29
0 9774 29
0 9775 29
0 9776 30
0 9777 29
0 9778 30
0 9779 30
0 9780 29
0 9781 29
0 9782 30
0 9783 30
0 9784 30
0 9785 30
0 9786 29
0 9787 29
0 9788 30
0 9789 30
0 9790 30
0 9791 30
0 9792 29
0 9793 29
0 9794 29
0 9795 29
0 9796 29
0 9797 29
0 9798 30
0 9799 29
0 9800 29
0 9801 29
0 9802 30
0 9803 30
0 9804 30
0 9805 30
0 9806 30
0 9807 30
0 9808 30
0 9809 30
0 9810 30
0 9811 30
0 9812 29
0 9813 30
0 9814 30
0 9815 29
0 9816 30
0 9817 30
0 9818 29
0 9819 29
0 9820 29
0 9821 29
0 9822 29
0 9823 29
0 9824 29
0 9825 29
0 9826 30
0 9827 30
0 9828 29
0 9829 29
0 9830 30
0 9831 29
0 9832 29
0 9833 30
0 9834 30
0 9835 29
0 9836 30
0 9837 29
0 9838 29
0 9839 29
0 9840 29
0 9841 29
0 9842 29
0 9843 29
0 9844 29
0 9845 30
0 9846 30
0 9847 30
0 9848 30
0 9849 30
0 9850 30
0 9851 29
0 9852 29
0 9853 29
0 9854 29
0 9855 29
0 9856 30
0 9857 29
0 9858 30
0 9859 30
0 9860 29
0 9861 29
0 9862 30
0 9863 30
0 9864 30
0 9865 30
0 9866 29
0 9867 29
0 9868 30
0 9869 30
0 9870 30
0 9871 30
0 9872 29
0 9873 29
0 9874 29
0 9875 29
0 9876 29
0 9877 29
0 9878 30
0 9879 30
0 9880 29
0 9881 30
0 9882 30
0 9883 30
0 9884 30
0 9885 30
0 9886 29
0 9887 29
0 9888 30
0 9889 30
0 9890 30
0 9891 30
0 9892 29
0 9893 29
0 9894 29
0 9895 28
0 9896 30
0 9897 29
0 9898 30
0 9899 30
0 9900 29
0 9901 29
0 9902 30
0 9903 30
0 9904 30
0 9905 30
0 9906 30
0 9907 30
0 9908 30
0 9909 30
0 9910 30
0 9911 30
0 9912 29
0 9913 30
0 9914 30
0 9915 29
0 9916 30
0 9917 29
0 9918 29
0 9919 29
0 9920 29
0 9921 29
0 9922 30
0 9923 29
0 9924 29
0 9925 30
0 9926 30
0 9927 30
0 9928 29
0 9929 29
0 9930 29
0 9931 29
0 9932 29
0 9933 30
0 9934 30
0 9935 29
0 9936 30
0 9937 29
0 9938 29
0 9939 29
0 9940 29
0 9941 29
0 9942 29
0 9943 29
0 9944 29
0 9945 30
0 9946 30
0 9947 30
0 9948 30
0 9949 30
0 9950 30
0 9951 30
0 9952 29
0 9953 30
0 9954 29
0 9955 29
0 9956 30
0 9957 29
0 9958 30
0 9959 30
0 9960 29
0 9961 29
0 9962 30
0 9963 30
0 9964 30
0 9965 30
0 9966 29
0 9967 30
0 9968 30
0 9969 30
0 9970 30
0 9971 30
0 9972 29
0 9973 29
0 9974 29
0 9975 29
0 9976 30
0 9977 29
0 9978 30
0 9979 30
0 9980 29
0 9981 30
0 9982 30
0 9983 30
0 9984 30
0 9985 29
0 9986 29
0 9987 29
0 9988 29
0 9989 30
0 9990 30
0 9991 30
0 9992 29
0 9993 29
0 9994 29
0 9995 29
0 9996 29
0 9997 29
0 9998 30
0 9999 30
