0 0 29
0 1 29
0 2 29
0 3 29
0 4 29
0 5 29
0 6 29
0 7 29
0 8 29
0 9 29
0 10 29
0 11 29
0 12 29
0 13 29
0 14 28
0 15 28
0 16 29
0 17 29
0 18 29
0 19 29
0 20 29
0 21 29
0 22 29
0 23 29
0 24 29
0 25 29
0 26 29
0 27 29
0 28 29
0 29 29
0 30 29
0 31 29
0 32 29
0 33 29
0 34 29
0 35 28
0 36 29
0 37 29
0 38 28
0 39 30
0 40 29
0 41 29
0 42 29
0 43 29
0 44 29
0 45 29
0 46 29
0 47 29
0 48 29
0 49 29
0 50 28
0 51 28
0 52 29
0 53 29
0 54 29
0 55 29
0 56 29
0 57 29
0 58 28
0 59 30
0 60 29
0 61 29
0 62 29
0 63 29
0 64 29
0 65 29
0 66 29
0 67 28
0 68 28
0 69 29
0 70 29
0 71 28
0 72 29
0 73 29
0 74 29
0 75 29
0 76 28
0 77 28
0 78 28
0 79 29
0 80 28
0 81 29
0 82 29
0 83 29
0 84 29
0 85 29
0 86 29
0 87 29
0 88 29
0 89 29
0 90 28
0 91 29
0 92 29
0 93 29
0 94 29
0 95 29
0 96 29
0 97 29
0 98 28
0 99 29
0 100 29
0 101 29
0 102 29
0 103 29
0 104 29
0 105 29
0 106 29
0 107 29
0 108 29
0 109 29
0 110 29
0 111 29
0 112 29
0 113 29
0 114 29
0 115 29
0 116 29
0 117 29
0 118 29
0 119 29
0 120 29
0 121 29
0 122 29
0 123 29
0 124 29
0 125 29
0 126 29
0 127 29
0 128 29
0 129 29
0 130 29
0 131 28
0 132 29
0 133 29
0 134 29
0 135 29
0 136 29
0 137 29
0 138 28
0 139 29
0 140 29
0 141 29
0 142 29
0 143 29
0 144 29
0 145 29
0 146 29
0 147 29
0 148 28
0 149 28
0 150 28
0 151 29
0 152 29
0 153 29
0 154 29
0 155 29
0 156 28
0 157 28
0 158 28
0 159 29
0 160 29
0 161 29
0 162 29
0 163 29
0 164 29
0 165 29
0 166 29
0 167 29
0 168 29
0 169 29
0 170 28
0 171 28
0 172 29
0 173 29
0 174 29
0 175 29
0 176 28
0 177 29
0 178 28
0 179 29
0 180 29
0 181 29
0 182 29
0 183 29
0 184 29
0 185 29
0 186 29
0 187 29
0 188 29
0 189 29
0 190 29
0 191 29
0 192 29
0 193 29
0 194 29
0 195 29
0 196 28
0 197 29
0 198 29
0 199 30
0 200 29
0 201 29
0 202 29
0 203 29
0 204 29
0 205 29
0 206 29
0 207 29
0 208 29
0 209 29
0 210 29
0 211 29
0 212 29
0 213 29
0 214 29
0 215 29
0 216 29
0 217 29
0 218 28
0 219 29
0 220 29
0 221 29
0 222 29
0 223 29
0 224 29
0 225 29
0 226 29
0 227 29
0 228 29
0 229 29
0 230 29
0 231 29
0 232 29
0 233 29
0 234 29
0 235 29
0 236 29
0 237 29
0 238 28
0 239 29
0 240 29
0 241 29
0 242 29
0 243 29
0 244 29
0 245 29
0 246 29
0 247 29
0 248 29
0 249 29
0 250 28
0 251 29
0 252 29
0 253 29
0 254 29
0 255 29
0 256 29
0 257 29
0 258 28
0 259 28
0 260 29
0 261 30
0 262 29
0 263 29
0 264 29
0 265 29
0 266 29
0 267 28
0 268 28
0 269 28
0 270 29
0 271 28
0 272 29
0 273 29
0 274 29
0 275 29
0 276 28
0 277 28
0 278 28
0 279 29
0 280 29
0 281 29
0 282 29
0 283 29
0 284 29
0 285 29
0 286 29
0 287 29
0 288 29
0 289 29
0 290 28
0 291 28
0 292 29
0 293 29
0 294 29
0 295 29
0 296 29
0 297 29
0 298 28
0 299 29
0 300 29
0 301 29
0 302 29
0 303 29
0 304 29
0 305 29
0 306 29
0 307 29
0 308 29
0 309 29
0 310 29
0 311 29
0 312 29
0 313 29
0 314 29
0 315 29
0 316 29
0 317 29
0 318 29
0 319 29
0 320 29
0 321 29
0 322 29
0 323 29
0 324 29
0 325 29
0 326 29
0 327 29
0 328 29
0 329 29
0 330 29
0 331 29
0 332 29
0 333 29
0 334 29
0 335 29
0 336 29
0 337 29
0 338 28
0 339 29
0 340 29
0 341 29
0 342 29
0 343 29
0 344 29
0 345 29
0 346 29
0 347 29
0 348 29
0 349 29
0 350 28
0 351 29
0 352 29
0 353 29
0 354 28
0 355 29
0 356 29
0 357 28
0 358 28
0 359 29
0 360 28
0 361 29
0 362 29
0 363 29
0 364 29
0 365 29
0 366 29
0 367 29
0 368 29
0 369 29
0 370 28
0 371 28
0 372 28
0 373 29
0 374 29
0 375 29
0 376 28
0 377 28
0 378 28
0 379 29
0 380 29
0 381 29
0 382 29
0 383 29
0 384 29
0 385 29
0 386 29
0 387 28
0 388 28
0 389 29
0 390 29
0 391 29
0 392 29
0 393 29
0 394 29
0 395 29
0 396 29
0 397 29
0 398 28
0 399 30
0 400 29
0 401 29
0 402 29
0 403 29
0 404 29
0 405 29
0 406 29
0 407 29
0 408 29
0 409 29
0 410 29
0 411 29
0 412 29
0 413 29
0 414 29
0 415 29
0 416 29
0 417 29
0 418 28
0 419 29
0 420 29
0 421 29
0 422 29
0 423 29
0 424 29
0 425 29
0 426 29
0 427 29
0 428 29
0 429 29
0 430 29
0 431 29
0 432 29
0 433 29
0 434 29
0 435 29
0 436 29
0 437 29
0 438 28
0 439 30
0 440 29
0 441 29
0 442 29
0 443 29
0 444 29
0 445 29
0 446 29
0 447 29
0 448 29
0 449 29
0 450 28
0 451 29
0 452 29
0 453 29
0 454 29
0 455 29
0 456 28
0 457 28
0 458 28
0 459 29
0 460 28
0 461 29
0 462 29
0 463 29
0 464 29
0 465 29
0 466 29
0 467 28
0 468 28
0 469 29
0 470 29
0 471 29
0 472 29
0 473 29
0 474 29
0 475 29
0 476 28
0 477 28
0 478 28
0 479 28
0 480 28
0 481 29
0 482 29
0 483 29
0 484 29
0 485 29
0 486 29
0 487 29
0 488 29
0 489 29
0 490 28
0 491 29
0 492 29
0 493 29
0 494 29
0 495 29
0 496 29
0 497 29
0 498 28
0 499 29
0 500 29
0 501 29
0 502 29
0 503 29
0 504 29
0 505 29
0 506 29
0 507 29
0 508 29
0 509 29
0 510 29
0 511 29
0 512 29
0 513 29
0 514 29
0 515 29
0 516 28
0 517 29
0 518 28
0 519 29
0 520 29
0 521 29
0 522 29
0 523 29
0 524 29
0 525 29
0 526 29
0 527 29
0 528 29
0 529 29
0 530 29
0 531 29
0 532 29
0 533 29
0 534 29
0 535 29
0 536 29
0 537 29
0 538 28
0 539 30
0 540 29
0 541 29
0 542 29
0 543 29
0 544 29
0 545 29
0 546 29
0 547 28
0 548 28
0 549 29
0 550 29
0 551 29
0 552 29
0 553 29
0 554 29
0 555 29
0 556 29
0 557 28
0 558 28
0 559 29
0 560 29
0 561 29
0 562 29
0 563 29
0 564 29
0 565 29
0 566 29
0 567 29
0 568 29
0 569 28
0 570 28
0 571 28
0 572 29
0 573 29
0 574 29
0 575 29
0 576 28
0 577 29
0 578 29
0 579 28
0 580 28
0 581 30
0 582 29
0 583 29
0 584 29
0 585 29
0 586 29
0 587 29
0 588 29
0 589 29
0 590 28
0 591 29
0 592 29
0 593 29
0 594 29
0 595 29
0 596 28
0 597 29
0 598 28
0 599 29
0 600 29
0 601 29
0 602 29
0 603 29
0 604 29
0 605 29
0 606 29
0 607 29
0 608 29
0 609 29
0 610 29
0 611 29
0 612 29
0 613 29
0 614 29
0 615 29
0 616 29
0 617 29
0 618 28
0 619 29
0 620 29
0 621 29
0 622 29
0 623 29
0 624 29
0 625 29
0 626 29
0 627 29
0 628 29
0 629 29
0 630 29
0 631 29
0 632 29
0 633 29
0 634 29
0 635 29
0 636 28
0 637 29
0 638 28
0 639 30
0 640 29
0 641 29
0 642 29
0 643 29
0 644 29
0 645 29
0 646 29
0 647 28
0 648 28
0 649 29
0 650 29
0 651 29
0 652 29
0 653 29
0 654 29
0 655 29
0 656 28
0 657 28
0 658 29
0 659 28
0 660 28
0 661 30
0 662 29
0 663 29
0 664 29
0 665 29
0 666 29
0 667 28
0 668 28
0 669 28
0 670 28
0 671 29
0 672 29
0 673 29
0 674 29
0 675 29
0 676 29
0 677 28
0 678 28
0 679 29
0 680 29
0 681 29
0 682 29
0 683 29
0 684 29
0 685 29
0 686 29
0 687 29
0 688 29
0 689 29
0 690 28
0 691 29
0 692 29
0 693 29
0 694 29
0 695 29
0 696 29
0 697 29
0 698 28
0 699 29
0 700 29
0 701 29
0 702 29
0 703 29
0 704 29
0 705 29
0 706 29
0 707 29
0 708 29
0 709 29
0 710 29
0 711 29
0 712 29
0 713 29
0 714 29
0 715 29
0 716 29
0 717 29
0 718 28
0 719 29
0 720 29
0 721 29
0 722 29
0 723 29
0 724 29
0 725 29
0 726 29
0 727 29
0 728 29
0 729 29
0 730 29
0 731 29
0 732 29
0 733 29
0 734 29
0 735 29
0 736 28
0 737 28
0 738 28
0 739 29
0 740 29
0 741 29
0 742 29
0 743 29
0 744 29
0 745 29
0 746 29
0 747 29
0 748 28
0 749 28
0 750 29
0 751 28
0 752 29
0 753 29
0 754 29
0 755 29
0 756 28
0 757 28
0 758 28
0 759 28
0 760 28
0 761 29
0 762 29
0 763 29
0 764 29
0 765 29
0 766 29
0 767 29
0 768 28
0 769 28
0 770 29
0 771 28
0 772 28
0 773 29
0 774 29
0 775 29
0 776 29
0 777 28
0 778 28
0 779 29
0 780 29
0 781 29
0 782 29
0 783 29
0 784 29
0 785 29
0 786 29
0 787 29
0 788 29
0 789 29
0 790 29
0 791 29
0 792 29
0 793 29
0 794 29
0 795 29
0 796 29
0 797 29
0 798 28
0 799 29
0 800 29
0 801 29
0 802 29
0 803 29
0 804 29
0 805 29
0 806 29
0 807 29
0 808 29
0 809 29
0 810 29
0 811 29
0 812 29
0 813 29
0 814 29
0 815 29
0 816 29
0 817 29
0 818 28
0 819 29
0 820 29
0 821 29
0 822 29
0 823 29
0 824 29
0 825 29
0 826 29
0 827 29
0 828 29
0 829 29
0 830 29
0 831 29
0 832 29
0 833 29
0 834 29
0 835 29
0 836 28
0 837 28
0 838 29
0 839 28
0 840 28
0 841 29
0 842 29
0 843 29
0 844 29
0 845 29
0 846 29
0 847 29
0 848 29
0 849 29
0 850 28
0 851 28
0 852 28
0 853 29
0 854 29
0 855 29
0 856 28
0 857 28
0 858 28
0 859 29
0 860 28
0 861 29
0 862 29
0 863 29
0 864 29
0 865 29
0 866 29
0 867 28
0 868 28
0 869 29
0 870 29
0 871 29
0 872 29
0 873 29
0 874 29
0 875 29
0 876 28
0 877 28
0 878 28
0 879 29
0 880 29
0 881 29
0 882 29
0 883 29
0 884 29
0 885 29
0 886 29
0 887 29
0 888 29
0 889 29
0 890 29
0 891 29
0 892 29
0 893 29
0 894 29
0 895 29
0 896 29
0 897 29
0 898 28
0 899 29
0 900 29
0 901 29
0 902 29
0 903 29
0 904 29
0 905 29
0 906 29
0 907 29
0 908 29
0 909 29
0 910 29
0 911 29
0 912 29
0 913 29
0 914 29
0 915 29
0 916 28
0 917 29
0 918 28
0 919 30
0 920 29
0 921 29
0 922 29
0 923 29
0 924 29
0 925 29
0 926 29
0 927 29
0 928 29
0 929 29
0 930 28
0 931 28
0 932 29
0 933 29
0 934 29
0 935 29
0 936 28
0 937 29
0 938 28
0 939 29
0 940 28
0 941 29
0 942 29
0 943 29
0 944 29
0 945 29
0 946 29
0 947 28
0 948 28
0 949 29
0 950 29
0 951 29
0 952 29
0 953 29
0 954 29
0 955 29
0 956 29
0 957 28
0 958 28
0 959 29
0 960 29
0 961 29
0 962 29
0 963 29
0 964 29
0 965 29
0 966 29
0 967 29
0 968 28
0 969 28
0 970 28
0 971 28
0 972 29
0 973 29
0 974 29
0 975 29
0 976 29
0 977 29
0 978 28
0 979 29
0 980 28
0 981 29
0 982 29
0 983 29
0 984 29
0 985 29
0 986 29
0 987 29
0 988 29
0 989 29
0 990 29
0 991 29
0 992 29
0 993 29
0 994 29
0 995 29
0 996 28
0 997 29
0 998 28
0 999 30
0 1000 29
0 1001 29
0 1002 29
0 1003 29
0 1004 29
0 1005 29
0 1006 29
0 1007 29
0 1008 29
0 1009 29
0 1010 29
0 1011 29
0 1012 29
0 1013 29
0 1014 29
0 1015 29
0 1016 29
0 1017 29
0 1018 28
0 1019 30
0 1020 29
0 1021 29
0 1022 29
0 1023 29
0 1024 29
0 1025 29
0 1026 29
0 1027 28
0 1028 29
0 1029 29
0 1030 28
0 1031 29
0 1032 30
0 1033 29
0 1034 29
0 1035 29
0 1036 29
0 1037 28
0 1038 28
0 1039 29
0 1040 28
0 1041 29
0 1042 29
0 1043 29
0 1044 29
0 1045 29
0 1046 29
0 1047 28
0 1048 28
0 1049 29
0 1050 29
0 1051 29
0 1052 30
0 1053 29
0 1054 29
0 1055 29
0 1056 28
0 1057 28
0 1058 28
0 1059 29
0 1060 28
0 1061 30
0 1062 29
0 1063 29
0 1064 29
0 1065 29
0 1066 29
0 1067 28
0 1068 28
0 1069 29
0 1070 29
0 1071 29
0 1072 29
0 1073 29
0 1074 29
0 1075 29
0 1076 28
0 1077 28
0 1078 29
0 1079 30
0 1080 29
0 1081 29
0 1082 29
0 1083 29
0 1084 29
0 1085 29
0 1086 29
0 1087 29
0 1088 29
0 1089 29
0 1090 28
0 1091 29
0 1092 29
0 1093 29
0 1094 29
0 1095 29
0 1096 29
0 1097 29
0 1098 28
0 1099 29
0 1100 29
0 1101 29
0 1102 29
0 1103 29
0 1104 29
0 1105 29
0 1106 29
0 1107 29
0 1108 29
0 1109 29
0 1110 29
0 1111 29
0 1112 29
0 1113 29
0 1114 29
0 1115 29
0 1116 28
0 1117 29
0 1118 28
0 1119 29
0 1120 29
0 1121 29
0 1122 29
0 1123 29
0 1124 29
0 1125 29
0 1126 29
0 1127 29
0 1128 29
0 1129 29
0 1130 28
0 1131 28
0 1132 28
0 1133 29
0 1134 29
0 1135 29
0 1136 29
0 1137 28
0 1138 28
0 1139 29
0 1140 28
0 1141 30
0 1142 29
0 1143 29
0 1144 29
0 1145 29
0 1146 29
0 1147 28
0 1148 28
0 1149 29
0 1150 29
0 1151 29
0 1152 29
0 1153 29
0 1154 28
0 1155 29
0 1156 28
0 1157 29
0 1158 28
0 1159 28
0 1160 29
0 1161 30
0 1162 29
0 1163 29
0 1164 29
0 1165 29
0 1166 29
0 1167 29
0 1168 28
0 1169 28
0 1170 29
0 1171 28
0 1172 29
0 1173 29
0 1174 29
0 1175 29
0 1176 29
0 1177 29
0 1178 28
0 1179 29
0 1180 29
0 1181 29
0 1182 29
0 1183 29
0 1184 29
0 1185 29
0 1186 29
0 1187 29
0 1188 29
0 1189 29
0 1190 29
0 1191 29
0 1192 29
0 1193 29
0 1194 29
0 1195 29
0 1196 29
0 1197 29
0 1198 28
0 1199 29
0 1200 29
0 1201 29
0 1202 29
0 1203 29
0 1204 29
0 1205 29
0 1206 29
0 1207 29
0 1208 29
0 1209 29
0 1210 29
0 1211 29
0 1212 29
0 1213 29
0 1214 29
0 1215 29
0 1216 29
0 1217 29
0 1218 28
0 1219 29
0 1220 28
0 1221 29
0 1222 29
0 1223 29
0 1224 29
0 1225 29
0 1226 29
0 1227 29
0 1228 28
0 1229 28
0 1230 28
0 1231 28
0 1232 29
0 1233 29
0 1234 29
0 1235 29
0 1236 29
0 1237 28
0 1238 28
0 1239 29
0 1240 29
0 1241 29
0 1242 29
0 1243 29
0 1244 29
0 1245 29
0 1246 29
0 1247 28
0 1248 28
0 1249 28
0 1250 29
0 1251 29
0 1252 29
0 1253 30
0 1254 29
0 1255 29
0 1256 28
0 1257 28
0 1258 28
0 1259 28
0 1260 28
0 1261 30
0 1262 29
0 1263 29
0 1264 29
0 1265 29
0 1266 29
0 1267 28
0 1268 28
0 1269 28
0 1270 28
0 1271 29
0 1272 29
0 1273 29
0 1274 29
0 1275 29
0 1276 28
0 1277 29
0 1278 28
0 1279 30
0 1280 29
0 1281 29
0 1282 29
0 1283 29
0 1284 29
0 1285 29
0 1286 29
0 1287 29
0 1288 29
0 1289 29
0 1290 29
0 1291 29
0 1292 29
0 1293 29
0 1294 29
0 1295 29
0 1296 29
0 1297 29
0 1298 28
0 1299 29
0 1300 29
0 1301 29
0 1302 29
0 1303 29
0 1304 29
0 1305 29
0 1306 29
0 1307 29
0 1308 29
0 1309 29
0 1310 29
0 1311 29
0 1312 29
0 1313 29
0 1314 29
0 1315 29
0 1316 28
0 1317 29
0 1318 29
0 1319 29
0 1320 29
0 1321 29
0 1322 29
0 1323 29
0 1324 29
0 1325 29
0 1326 29
0 1327 29
0 1328 29
0 1329 28
0 1330 28
0 1331 29
0 1332 29
0 1333 29
0 1334 29
0 1335 29
0 1336 28
0 1337 28
0 1338 28
0 1339 28
0 1340 28
0 1341 30
0 1342 29
0 1343 29
0 1344 29
0 1345 29
0 1346 28
0 1347 28
0 1348 29
0 1349 28
0 1350 28
0 1351 29
0 1352 29
0 1353 29
0 1354 28
0 1355 29
0 1356 29
0 1357 29
0 1358 28
0 1359 28
0 1360 28
0 1361 30
0 1362 29
0 1363 29
0 1364 29
0 1365 29
0 1366 29
0 1367 29
0 1368 29
0 1369 29
0 1370 28
0 1371 29
0 1372 29
0 1373 29
0 1374 29
0 1375 29
0 1376 29
0 1377 29
0 1378 28
0 1379 29
0 1380 28
0 1381 29
0 1382 29
0 1383 29
0 1384 29
0 1385 29
0 1386 29
0 1387 29
0 1388 29
0 1389 29
0 1390 29
0 1391 29
0 1392 29
0 1393 29
0 1394 29
0 1395 29
0 1396 28
0 1397 29
0 1398 28
0 1399 30
0 1400 29
0 1401 29
0 1402 29
0 1403 29
0 1404 29
0 1405 29
0 1406 29
0 1407 29
0 1408 29
0 1409 29
0 1410 28
0 1411 28
0 1412 28
0 1413 29
0 1414 29
0 1415 29
0 1416 28
0 1417 28
0 1418 28
0 1419 29
0 1420 29
0 1421 29
0 1422 29
0 1423 29
0 1424 29
0 1425 29
0 1426 29
0 1427 28
0 1428 28
0 1429 29
0 1430 29
0 1431 29
0 1432 29
0 1433 29
0 1434 29
0 1435 29
0 1436 28
0 1437 28
0 1438 28
0 1439 29
0 1440 28
0 1441 29
0 1442 29
0 1443 29
0 1444 29
0 1445 29
0 1446 29
0 1447 29
0 1448 28
0 1449 28
0 1450 29
0 1451 29
0 1452 29
0 1453 29
0 1454 29
0 1455 29
0 1456 28
0 1457 28
0 1458 28
0 1459 29
0 1460 29
0 1461 29
0 1462 29
0 1463 29
0 1464 29
0 1465 29
0 1466 29
0 1467 29
0 1468 29
0 1469 29
0 1470 29
0 1471 29
0 1472 29
0 1473 29
0 1474 29
0 1475 29
0 1476 28
0 1477 28
0 1478 29
0 1479 30
0 1480 29
0 1481 29
0 1482 29
0 1483 29
0 1484 29
0 1485 29
0 1486 29
0 1487 29
0 1488 29
0 1489 29
0 1490 29
0 1491 29
0 1492 29
0 1493 29
0 1494 29
0 1495 29
0 1496 29
0 1497 29
0 1498 28
0 1499 29
0 1500 29
0 1501 29
0 1502 29
0 1503 29
0 1504 29
0 1505 29
0 1506 29
0 1507 29
0 1508 28
0 1509 29
0 1510 28
0 1511 29
0 1512 29
0 1513 29
0 1514 29
0 1515 29
0 1516 28
0 1517 29
0 1518 28
0 1519 29
0 1520 28
0 1521 29
0 1522 29
0 1523 29
0 1524 29
0 1525 29
0 1526 29
0 1527 29
0 1528 28
0 1529 28
0 1530 28
0 1531 29
0 1532 29
0 1533 29
0 1534 29
0 1535 29
0 1536 28
0 1537 28
0 1538 28
0 1539 28
0 1540 28
0 1541 30
0 1542 29
0 1543 29
0 1544 29
0 1545 29
0 1546 29
0 1547 28
0 1548 28
0 1549 29
0 1550 29
0 1551 29
0 1552 29
0 1553 29
0 1554 28
0 1555 29
0 1556 29
0 1557 29
0 1558 28
0 1559 28
0 1560 28
0 1561 29
0 1562 29
0 1563 29
0 1564 29
0 1565 29
0 1566 29
0 1567 29
0 1568 29
0 1569 29
0 1570 28
0 1571 28
0 1572 29
0 1573 29
0 1574 29
0 1575 29
0 1576 29
0 1577 29
0 1578 28
0 1579 30
0 1580 29
0 1581 29
0 1582 29
0 1583 29
0 1584 29
0 1585 29
0 1586 29
0 1587 29
0 1588 29
0 1589 29
0 1590 29
0 1591 29
0 1592 29
0 1593 29
0 1594 29
0 1595 29
0 1596 29
0 1597 29
0 1598 28
0 1599 29
0 1600 29
0 1601 29
0 1602 29
0 1603 29
0 1604 29
0 1605 29
0 1606 29
0 1607 29
0 1608 29
0 1609 29
0 1610 29
0 1611 29
0 1612 29
0 1613 29
0 1614 29
0 1615 29
0 1616 28
0 1617 29
0 1618 29
0 1619 29
0 1620 28
0 1621 30
0 1622 29
0 1623 29
0 1624 29
0 1625 29
0 1626 29
0 1627 29
0 1628 28
0 1629 28
0 1630 29
0 1631 29
0 1632 29
0 1633 29
0 1634 28
0 1635 29
0 1636 28
0 1637 29
0 1638 28
0 1639 28
0 1640 29
0 1641 30
0 1642 29
0 1643 29
0 1644 29
0 1645 29
0 1646 29
0 1647 28
0 1648 28
0 1649 29
0 1650 29
0 1651 29
0 1652 28
0 1653 29
0 1654 29
0 1655 29
0 1656 28
0 1657 29
0 1658 29
0 1659 29
0 1660 28
0 1661 29
0 1662 29
0 1663 29
0 1664 29
0 1665 29
0 1666 29
0 1667 28
0 1668 28
0 1669 29
0 1670 29
0 1671 28
0 1672 29
0 1673 29
0 1674 29
0 1675 29
0 1676 28
0 1677 29
0 1678 28
0 1679 29
0 1680 29
0 1681 29
0 1682 29
0 1683 29
0 1684 29
0 1685 29
0 1686 29
0 1687 29
0 1688 29
0 1689 29
0 1690 29
0 1691 29
0 1692 29
0 1693 29
0 1694 29
0 1695 29
0 1696 29
0 1697 29
0 1698 28
0 1699 29
0 1700 28
0 1701 29
0 1702 29
0 1703 29
0 1704 29
0 1705 29
0 1706 29
0 1707 29
0 1708 29
0 1709 29
0 1710 28
0 1711 28
0 1712 29
0 1713 29
0 1714 29
0 1715 29
0 1716 29
0 1717 28
0 1718 28
0 1719 29
0 1720 29
0 1721 29
0 1722 29
0 1723 29
0 1724 29
0 1725 29
0 1726 29
0 1727 29
0 1728 28
0 1729 28
0 1730 29
0 1731 29
0 1732 29
0 1733 30
0 1734 29
0 1735 29
0 1736 29
0 1737 28
0 1738 29
0 1739 28
0 1740 28
0 1741 29
0 1742 29
0 1743 29
0 1744 29
0 1745 29
0 1746 29
0 1747 28
0 1748 28
0 1749 29
0 1750 29
0 1751 29
0 1752 29
0 1753 29
0 1754 29
0 1755 29
0 1756 29
0 1757 28
0 1758 28
0 1759 29
0 1760 29
0 1761 29
0 1762 29
0 1763 29
0 1764 29
0 1765 29
0 1766 29
0 1767 29
0 1768 29
0 1769 29
0 1770 28
0 1771 29
0 1772 29
0 1773 29
0 1774 29
0 1775 29
0 1776 29
0 1777 29
0 1778 28
0 1779 29
0 1780 29
0 1781 29
0 1782 29
0 1783 29
0 1784 29
0 1785 29
0 1786 29
0 1787 29
0 1788 29
0 1789 29
0 1790 29
0 1791 29
0 1792 29
0 1793 29
0 1794 29
0 1795 29
0 1796 28
0 1797 28
0 1798 28
0 1799 29
0 1800 29
0 1801 29
0 1802 29
0 1803 29
0 1804 29
0 1805 29
0 1806 29
0 1807 29
0 1808 29
0 1809 29
0 1810 28
0 1811 28
0 1812 29
0 1813 29
0 1814 29
0 1815 29
0 1816 28
0 1817 28
0 1818 28
0 1819 29
0 1820 29
0 1821 29
0 1822 29
0 1823 29
0 1824 29
0 1825 29
0 1826 29
0 1827 28
0 1828 28
0 1829 29
0 1830 29
0 1831 29
0 1832 29
0 1833 29
0 1834 29
0 1835 29
0 1836 28
0 1837 28
0 1838 28
0 1839 28
0 1840 28
0 1841 29
0 1842 29
0 1843 29
0 1844 29
0 1845 29
0 1846 29
0 1847 29
0 1848 28
0 1849 28
0 1850 29
0 1851 29
0 1852 29
0 1853 29
0 1854 29
0 1855 29
0 1856 28
0 1857 29
0 1858 28
0 1859 29
0 1860 28
0 1861 30
0 1862 29
0 1863 29
0 1864 29
0 1865 29
0 1866 29
0 1867 29
0 1868 29
0 1869 29
0 1870 29
0 1871 29
0 1872 29
0 1873 29
0 1874 29
0 1875 29
0 1876 29
0 1877 29
0 1878 28
0 1879 29
0 1880 29
0 1881 29
0 1882 29
0 1883 29
0 1884 29
0 1885 29
0 1886 29
0 1887 29
0 1888 29
0 1889 29
0 1890 29
0 1891 29
0 1892 29
0 1893 29
0 1894 29
0 1895 29
0 1896 29
0 1897 29
0 1898 28
0 1899 29
0 1900 29
0 1901 29
0 1902 29
0 1903 29
0 1904 29
0 1905 29
0 1906 29
0 1907 29
0 1908 29
0 1909 29
0 1910 28
0 1911 29
0 1912 29
0 1913 29
0 1914 29
0 1915 29
0 1916 28
0 1917 28
0 1918 28
0 1919 29
0 1920 28
0 1921 29
0 1922 29
0 1923 29
0 1924 29
0 1925 29
0 1926 28
0 1927 28
0 1928 28
0 1929 29
0 1930 29
0 1931 29
0 1932 28
0 1933 29
0 1934 29
0 1935 29
0 1936 29
0 1937 28
0 1938 28
0 1939 28
0 1940 28
0 1941 30
0 1942 29
0 1943 29
0 1944 29
0 1945 29
0 1946 29
0 1947 28
0 1948 28
0 1949 29
0 1950 28
0 1951 29
0 1952 29
0 1953 29
0 1954 29
0 1955 29
0 1956 29
0 1957 28
0 1958 28
0 1959 29
0 1960 29
0 1961 29
0 1962 29
0 1963 29
0 1964 29
0 1965 29
0 1966 29
0 1967 29
0 1968 29
0 1969 29
0 1970 29
0 1971 29
0 1972 29
0 1973 29
0 1974 29
0 1975 29
0 1976 29
0 1977 29
0 1978 28
0 1979 29
0 1980 29
0 1981 29
0 1982 29
0 1983 29
0 1984 29
0 1985 29
0 1986 29
0 1987 29
0 1988 29
0 1989 29
0 1990 29
0 1991 29
0 1992 29
0 1993 29
0 1994 29
0 1995 29
0 1996 28
0 1997 29
0 1998 28
0 1999 29
0 2000 29
0 2001 29
0 2002 29
0 2003 29
0 2004 29
0 2005 29
0 2006 29
0 2007 29
0 2008 29
0 2009 29
0 2010 28
0 2011 29
0 2012 29
0 2013 29
0 2014 29
0 2015 29
0 2016 28
0 2017 28
0 2018 28
0 2019 28
0 2020 28
0 2021 30
0 2022 29
0 2023 29
0 2024 29
0 2025 29
0 2026 29
0 2027 29
0 2028 28
0 2029 28
0 2030 29
0 2031 29
0 2032 29
0 2033 29
0 2034 29
0 2035 29
0 2036 29
0 2037 28
0 2038 28
0 2039 29
0 2040 29
0 2041 29
0 2042 29
0 2043 29
0 2044 29
0 2045 29
0 2046 29
0 2047 29
0 2048 29
0 2049 28
0 2050 29
0 2051 29
0 2052 29
0 2053 30
0 2054 29
0 2055 29
0 2056 28
0 2057 29
0 2058 29
0 2059 28
0 2060 28
0 2061 29
0 2062 29
0 2063 29
0 2064 29
0 2065 29
0 2066 29
0 2067 29
0 2068 29
0 2069 29
0 2070 29
0 2071 29
0 2072 29
0 2073 29
0 2074 29
0 2075 29
0 2076 29
0 2077 29
0 2078 28
0 2079 29
0 2080 29
0 2081 29
0 2082 29
0 2083 29
0 2084 29
0 2085 29
0 2086 29
0 2087 29
0 2088 29
0 2089 29
0 2090 29
0 2091 29
0 2092 29
0 2093 29
0 2094 29
0 2095 29
0 2096 29
0 2097 29
0 2098 28
0 2099 29
0 2100 29
0 2101 29
0 2102 29
0 2103 29
0 2104 29
0 2105 29
0 2106 29
0 2107 29
0 2108 29
0 2109 29
0 2110 28
0 2111 29
0 2112 29
0 2113 29
0 2114 29
0 2115 29
0 2116 28
0 2117 29
0 2118 28
0 2119 28
0 2120 28
0 2121 30
0 2122 29
0 2123 29
0 2124 29
0 2125 29
0 2126 29
0 2127 29
0 2128 28
0 2129 28
0 2130 29
0 2131 29
0 2132 29
0 2133 29
0 2134 29
0 2135 29
0 2136 28
0 2137 28
0 2138 29
0 2139 28
0 2140 28
0 2141 29
0 2142 29
0 2143 29
0 2144 29
0 2145 29
0 2146 29
0 2147 28
0 2148 28
0 2149 29
0 2150 29
0 2151 28
0 2152 29
0 2153 29
0 2154 29
0 2155 29
0 2156 28
0 2157 29
0 2158 28
0 2159 30
0 2160 29
0 2161 29
0 2162 29
0 2163 29
0 2164 29
0 2165 29
0 2166 29
0 2167 29
0 2168 29
0 2169 29
0 2170 29
0 2171 29
0 2172 29
0 2173 29
0 2174 29
0 2175 29
0 2176 29
0 2177 29
0 2178 28
0 2179 29
0 2180 29
0 2181 29
0 2182 29
0 2183 29
0 2184 29
0 2185 29
0 2186 29
0 2187 29
0 2188 29
0 2189 29
0 2190 29
0 2191 29
0 2192 29
0 2193 29
0 2194 29
0 2195 29
0 2196 28
0 2197 29
0 2198 28
0 2199 29
0 2200 29
0 2201 29
0 2202 29
0 2203 29
0 2204 29
0 2205 29
0 2206 29
0 2207 29
0 2208 29
0 2209 28
0 2210 29
0 2211 29
0 2212 29
0 2213 29
0 2214 29
0 2215 29
0 2216 29
0 2217 28
0 2218 28
0 2219 29
0 2220 28
0 2221 30
0 2222 29
0 2223 29
0 2224 29
0 2225 29
0 2226 28
0 2227 28
0 2228 29
0 2229 29
0 2230 29
0 2231 29
0 2232 29
0 2233 29
0 2234 29
0 2235 29
0 2236 28
0 2237 28
0 2238 29
0 2239 28
0 2240 28
0 2241 29
0 2242 29
0 2243 29
0 2244 29
0 2245 29
0 2246 29
0 2247 29
0 2248 29
0 2249 29
0 2250 28
0 2251 29
0 2252 29
0 2253 29
0 2254 29
0 2255 29
0 2256 29
0 2257 29
0 2258 28
0 2259 29
0 2260 29
0 2261 29
0 2262 29
0 2263 29
0 2264 29
0 2265 29
0 2266 29
0 2267 29
0 2268 29
0 2269 29
0 2270 29
0 2271 29
0 2272 29
0 2273 29
0 2274 29
0 2275 29
0 2276 29
0 2277 29
0 2278 28
0 2279 30
0 2280 29
0 2281 29
0 2282 29
0 2283 29
0 2284 29
0 2285 29
0 2286 29
0 2287 29
0 2288 29
0 2289 29
0 2290 29
0 2291 29
0 2292 29
0 2293 29
0 2294 29
0 2295 29
0 2296 29
0 2297 29
0 2298 28
0 2299 29
0 2300 29
0 2301 29
0 2302 29
0 2303 29
0 2304 29
0 2305 29
0 2306 29
0 2307 28
0 2308 28
0 2309 28
0 2310 28
0 2311 29
0 2312 30
0 2313 29
0 2314 29
0 2315 29
0 2316 29
0 2317 28
0 2318 28
0 2319 29
0 2320 29
0 2321 29
0 2322 29
0 2323 29
0 2324 29
0 2325 29
0 2326 29
0 2327 28
0 2328 28
0 2329 29
0 2330 29
0 2331 29
0 2332 29
0 2333 29
0 2334 29
0 2335 29
0 2336 28
0 2337 29
0 2338 28
0 2339 28
0 2340 28
0 2341 30
0 2342 29
0 2343 29
0 2344 29
0 2345 29
0 2346 29
0 2347 29
0 2348 29
0 2349 29
0 2350 29
0 2351 29
0 2352 29
0 2353 29
0 2354 29
0 2355 29
0 2356 28
0 2357 29
0 2358 28
0 2359 29
0 2360 29
0 2361 29
0 2362 29
0 2363 29
0 2364 29
0 2365 29
0 2366 29
0 2367 29
0 2368 29
0 2369 29
0 2370 29
0 2371 29
0 2372 29
0 2373 29
0 2374 29
0 2375 29
0 2376 29
0 2377 29
0 2378 28
0 2379 29
0 2380 29
0 2381 29
0 2382 29
0 2383 29
0 2384 29
0 2385 29
0 2386 29
0 2387 29
0 2388 29
0 2389 29
0 2390 28
0 2391 29
0 2392 29
0 2393 29
0 2394 29
0 2395 29
0 2396 28
0 2397 29
0 2398 29
0 2399 29
0 2400 29
0 2401 29
0 2402 29
0 2403 29
0 2404 29
0 2405 29
0 2406 29
0 2407 28
0 2408 28
0 2409 28
0 2410 29
0 2411 29
0 2412 29
0 2413 29
0 2414 29
0 2415 29
0 2416 28
0 2417 28
0 2418 28
0 2419 28
0 2420 29
0 2421 30
0 2422 29
0 2423 29
0 2424 29
0 2425 29
0 2426 29
0 2427 28
0 2428 28
0 2429 29
0 2430 29
0 2431 29
0 2432 29
0 2433 29
0 2434 28
0 2435 28
0 2436 28
0 2437 29
0 2438 28
0 2439 28
0 2440 28
0 2441 30
0 2442 29
0 2443 29
0 2444 29
0 2445 29
0 2446 29
0 2447 29
0 2448 29
0 2449 28
0 2450 28
0 2451 28
0 2452 29
0 2453 29
0 2454 29
0 2455 29
0 2456 29
0 2457 29
0 2458 28
0 2459 30
0 2460 29
0 2461 29
0 2462 29
0 2463 29
0 2464 29
0 2465 29
0 2466 29
0 2467 29
0 2468 29
0 2469 29
0 2470 29
0 2471 29
0 2472 29
0 2473 29
0 2474 29
0 2475 29
0 2476 28
0 2477 29
0 2478 28
0 2479 30
0 2480 29
0 2481 29
0 2482 29
0 2483 29
0 2484 29
0 2485 29
0 2486 29
0 2487 29
0 2488 29
0 2489 29
0 2490 28
0 2491 29
0 2492 29
0 2493 29
0 2494 29
0 2495 29
0 2496 28
0 2497 28
0 2498 28
0 2499 29
0 2500 28
0 2501 30
0 2502 29
0 2503 29
0 2504 29
0 2505 29
0 2506 29
0 2507 28
0 2508 28
0 2509 29
0 2510 29
0 2511 29
0 2512 29
0 2513 29
0 2514 29
0 2515 29
0 2516 29
0 2517 28
0 2518 28
0 2519 28
0 2520 28
0 2521 30
0 2522 29
0 2523 29
0 2524 29
0 2525 29
0 2526 29
0 2527 29
0 2528 28
0 2529 29
0 2530 29
0 2531 29
0 2532 29
0 2533 30
0 2534 29
0 2535 29
0 2536 29
0 2537 28
0 2538 28
0 2539 29
0 2540 29
0 2541 29
0 2542 29
0 2543 29
0 2544 29
0 2545 29
0 2546 29
0 2547 29
0 2548 29
0 2549 28
0 2550 29
0 2551 29
0 2552 29
0 2553 29
0 2554 29
0 2555 29
0 2556 29
0 2557 29
0 2558 28
0 2559 29
0 2560 29
0 2561 29
0 2562 29
0 2563 29
0 2564 29
0 2565 29
0 2566 29
0 2567 29
0 2568 29
0 2569 29
0 2570 29
0 2571 29
0 2572 29
0 2573 29
0 2574 29
0 2575 29
0 2576 29
0 2577 29
0 2578 28
0 2579 30
0 2580 29
0 2581 29
0 2582 29
0 2583 29
0 2584 29
0 2585 29
0 2586 29
0 2587 29
0 2588 29
0 2589 29
0 2590 29
0 2591 29
0 2592 29
0 2593 29
0 2594 29
0 2595 29
0 2596 28
0 2597 28
0 2598 28
0 2599 28
0 2600 28
0 2601 29
0 2602 29
0 2603 29
0 2604 29
0 2605 29
0 2606 29
0 2607 29
0 2608 29
0 2609 28
0 2610 29
0 2611 29
0 2612 29
0 2613 30
0 2614 29
0 2615 29
0 2616 29
0 2617 28
0 2618 28
0 2619 29
0 2620 29
0 2621 30
0 2622 29
0 2623 29
0 2624 29
0 2625 29
0 2626 28
0 2627 28
0 2628 29
0 2629 29
0 2630 29
0 2631 29
0 2632 29
0 2633 29
0 2634 29
0 2635 29
0 2636 28
0 2637 28
0 2638 29
0 2639 28
0 2640 28
0 2641 29
0 2642 29
0 2643 29
0 2644 29
0 2645 29
0 2646 29
0 2647 29
0 2648 29
0 2649 29
0 2650 28
0 2651 29
0 2652 29
0 2653 29
0 2654 29
0 2655 29
0 2656 29
0 2657 29
0 2658 28
0 2659 29
0 2660 29
0 2661 29
0 2662 29
0 2663 29
0 2664 29
0 2665 29
0 2666 29
0 2667 29
0 2668 29
0 2669 29
0 2670 29
0 2671 29
0 2672 29
0 2673 29
0 2674 29
0 2675 29
0 2676 28
0 2677 29
0 2678 28
0 2679 29
0 2680 29
0 2681 29
0 2682 29
0 2683 29
0 2684 29
0 2685 29
0 2686 29
0 2687 29
0 2688 29
0 2689 29
0 2690 28
0 2691 29
0 2692 29
0 2693 30
0 2694 29
0 2695 29
0 2696 28
0 2697 28
0 2698 28
0 2699 28
0 2700 28
0 2701 30
0 2702 29
0 2703 29
0 2704 29
0 2705 29
0 2706 29
0 2707 28
0 2708 28
0 2709 29
0 2710 29
0 2711 29
0 2712 29
0 2713 29
0 2714 29
0 2715 29
0 2716 29
0 2717 28
0 2718 28
0 2719 29
0 2720 29
0 2721 29
0 2722 29
0 2723 29
0 2724 29
0 2725 29
0 2726 29
0 2727 29
0 2728 28
0 2729 29
0 2730 29
0 2731 29
0 2732 29
0 2733 29
0 2734 29
0 2735 29
0 2736 29
0 2737 29
0 2738 28
0 2739 29
0 2740 29
0 2741 29
0 2742 29
0 2743 29
0 2744 29
0 2745 29
0 2746 29
0 2747 29
0 2748 29
0 2749 29
0 2750 29
0 2751 29
0 2752 29
0 2753 29
0 2754 29
0 2755 29
0 2756 28
0 2757 29
0 2758 28
0 2759 29
0 2760 29
0 2761 29
0 2762 29
0 2763 29
0 2764 29
0 2765 29
0 2766 29
0 2767 29
0 2768 29
0 2769 29
0 2770 29
0 2771 29
0 2772 29
0 2773 29
0 2774 29
0 2775 29
0 2776 29
0 2777 29
0 2778 28
0 2779 30
0 2780 29
0 2781 29
0 2782 29
0 2783 29
0 2784 29
0 2785 29
0 2786 29
0 2787 29
0 2788 29
0 2789 29
0 2790 28
0 2791 29
0 2792 29
0 2793 29
0 2794 29
0 2795 29
0 2796 28
0 2797 28
0 2798 28
0 2799 29
0 2800 29
0 2801 29
0 2802 29
0 2803 29
0 2804 29
0 2805 29
0 2806 29
0 2807 28
0 2808 28
0 2809 29
0 2810 29
0 2811 29
0 2812 29
0 2813 29
0 2814 29
0 2815 29
0 2816 28
0 2817 28
0 2818 28
0 2819 28
0 2820 28
0 2821 29
0 2822 29
0 2823 29
0 2824 29
0 2825 29
0 2826 29
0 2827 28
0 2828 28
0 2829 29
0 2830 29
0 2831 29
0 2832 29
0 2833 29
0 2834 29
0 2835 29
0 2836 28
0 2837 28
0 2838 29
0 2839 29
0 2840 29
0 2841 29
0 2842 29
0 2843 29
0 2844 29
0 2845 29
0 2846 29
0 2847 29
0 2848 29
0 2849 29
0 2850 28
0 2851 29
0 2852 29
0 2853 29
0 2854 29
0 2855 29
0 2856 29
0 2857 29
0 2858 29
0 2859 29
0 2860 29
0 2861 29
0 2862 29
0 2863 29
0 2864 29
0 2865 29
0 2866 29
0 2867 29
0 2868 29
0 2869 29
0 2870 29
0 2871 29
0 2872 29
0 2873 29
0 2874 29
0 2875 29
0 2876 29
0 2877 29
0 2878 28
0 2879 29
0 2880 29
0 2881 29
0 2882 29
0 2883 29
0 2884 29
0 2885 29
0 2886 29
0 2887 29
0 2888 29
0 2889 29
0 2890 29
0 2891 29
0 2892 29
0 2893 29
0 2894 29
0 2895 29
0 2896 28
0 2897 28
0 2898 28
0 2899 29
0 2900 28
0 2901 30
0 2902 29
0 2903 29
0 2904 29
0 2905 29
0 2906 29
0 2907 29
0 2908 28
0 2909 28
0 2910 29
0 2911 28
0 2912 29
0 2913 29
0 2914 29
0 2915 29
0 2916 29
0 2917 29
0 2918 28
0 2919 28
0 2920 28
0 2921 29
0 2922 29
0 2923 29
0 2924 29
0 2925 29
0 2926 29
0 2927 29
0 2928 29
0 2929 28
0 2930 28
0 2931 28
0 2932 29
0 2933 29
0 2934 29
0 2935 29
0 2936 29
0 2937 29
0 2938 28
0 2939 29
0 2940 29
0 2941 29
0 2942 29
0 2943 29
0 2944 29
0 2945 29
0 2946 29
0 2947 28
0 2948 28
0 2949 29
0 2950 28
0 2951 29
0 2952 29
0 2953 29
0 2954 29
0 2955 29
0 2956 29
0 2957 29
0 2958 28
0 2959 29
0 2960 29
0 2961 29
0 2962 29
0 2963 29
0 2964 29
0 2965 29
0 2966 29
0 2967 29
0 2968 29
0 2969 29
0 2970 29
0 2971 29
0 2972 29
0 2973 29
0 2974 29
0 2975 29
0 2976 29
0 2977 29
0 2978 28
0 2979 29
0 2980 29
0 2981 29
0 2982 29
0 2983 29
0 2984 29
0 2985 29
0 2986 29
0 2987 29
0 2988 29
0 2989 29
0 2990 29
0 2991 29
0 2992 29
0 2993 29
0 2994 29
0 2995 29
0 2996 28
0 2997 28
0 2998 29
0 2999 28
0 3000 28
0 3001 29
0 3002 29
0 3003 29
0 3004 29
0 3005 29
0 3006 29
0 3007 29
0 3008 28
0 3009 28
0 3010 29
0 3011 29
0 3012 29
0 3013 30
0 3014 29
0 3015 29
0 3016 29
0 3017 28
0 3018 28
0 3019 29
0 3020 28
0 3021 30
0 3022 29
0 3023 29
0 3024 29
0 3025 29
0 3026 29
0 3027 28
0 3028 28
0 3029 28
0 3030 28
0 3031 29
0 3032 29
0 3033 29
0 3034 29
0 3035 29
0 3036 28
0 3037 29
0 3038 28
0 3039 29
0 3040 29
0 3041 29
0 3042 29
0 3043 29
0 3044 29
0 3045 29
0 3046 29
0 3047 29
0 3048 29
0 3049 29
0 3050 29
0 3051 29
0 3052 29
0 3053 29
0 3054 29
0 3055 29
0 3056 29
0 3057 29
0 3058 28
0 3059 29
0 3060 29
0 3061 29
0 3062 29
0 3063 29
0 3064 29
0 3065 29
0 3066 29
0 3067 29
0 3068 29
0 3069 29
0 3070 29
0 3071 29
0 3072 29
0 3073 29
0 3074 29
0 3075 29
0 3076 29
0 3077 28
0 3078 28
0 3079 29
0 3080 29
0 3081 29
0 3082 29
0 3083 29
0 3084 29
0 3085 29
0 3086 29
0 3087 29
0 3088 29
0 3089 29
0 3090 29
0 3091 29
0 3092 29
0 3093 29
0 3094 29
0 3095 29
0 3096 28
0 3097 28
0 3098 28
0 3099 28
0 3100 28
0 3101 30
0 3102 29
0 3103 29
0 3104 29
0 3105 29
0 3106 29
0 3107 28
0 3108 28
0 3109 29
0 3110 29
0 3111 29
0 3112 29
0 3113 29
0 3114 29
0 3115 29
0 3116 29
0 3117 28
0 3118 28
0 3119 29
0 3120 28
0 3121 30
0 3122 29
0 3123 29
0 3124 29
0 3125 29
0 3126 29
0 3127 29
0 3128 29
0 3129 29
0 3130 28
0 3131 29
0 3132 29
0 3133 29
0 3134 29
0 3135 29
0 3136 29
0 3137 29
0 3138 28
0 3139 29
0 3140 28
0 3141 29
0 3142 29
0 3143 29
0 3144 29
0 3145 29
0 3146 29
0 3147 29
0 3148 29
0 3149 29
0 3150 29
0 3151 29
0 3152 29
0 3153 29
0 3154 29
0 3155 29
0 3156 28
0 3157 29
0 3158 28
0 3159 29
0 3160 29
0 3161 29
0 3162 29
0 3163 29
0 3164 29
0 3165 29
0 3166 29
0 3167 29
0 3168 29
0 3169 29
0 3170 28
0 3171 28
0 3172 29
0 3173 29
0 3174 29
0 3175 29
0 3176 29
0 3177 29
0 3178 28
0 3179 30
0 3180 29
0 3181 29
0 3182 29
0 3183 29
0 3184 29
0 3185 29
0 3186 29
0 3187 28
0 3188 28
0 3189 28
0 3190 28
0 3191 28
0 3192 29
0 3193 29
0 3194 29
0 3195 29
0 3196 29
0 3197 28
0 3198 28
0 3199 29
0 3200 29
0 3201 29
0 3202 29
0 3203 29
0 3204 29
0 3205 29
0 3206 28
0 3207 28
0 3208 29
0 3209 29
0 3210 29
0 3211 29
0 3212 28
0 3213 29
0 3214 29
0 3215 29
0 3216 28
0 3217 28
0 3218 28
0 3219 29
0 3220 29
0 3221 29
0 3222 29
0 3223 29
0 3224 29
0 3225 29
0 3226 29
0 3227 29
0 3228 29
0 3229 29
0 3230 28
0 3231 29
0 3232 29
0 3233 29
0 3234 29
0 3235 29
0 3236 28
0 3237 29
0 3238 28
0 3239 30
0 3240 29
0 3241 29
0 3242 29
0 3243 29
0 3244 29
0 3245 29
0 3246 29
0 3247 29
0 3248 29
0 3249 29
0 3250 29
0 3251 29
0 3252 29
0 3253 29
0 3254 29
0 3255 29
0 3256 29
0 3257 29
0 3258 28
0 3259 29
0 3260 29
0 3261 29
0 3262 29
0 3263 29
0 3264 29
0 3265 29
0 3266 29
0 3267 29
0 3268 29
0 3269 29
0 3270 29
0 3271 29
0 3272 29
0 3273 29
0 3274 29
0 3275 29
0 3276 28
0 3277 29
0 3278 28
0 3279 29
0 3280 29
0 3281 29
0 3282 29
0 3283 29
0 3284 29
0 3285 29
0 3286 29
0 3287 29
0 3288 29
0 3289 28
0 3290 28
0 3291 29
0 3292 28
0 3293 29
0 3294 29
0 3295 29
0 3296 28
0 3297 28
0 3298 28
0 3299 28
0 3300 28
0 3301 30
0 3302 29
0 3303 29
0 3304 29
0 3305 29
0 3306 29
0 3307 28
0 3308 28
0 3309 28
0 3310 28
0 3311 29
0 3312 29
0 3313 29
0 3314 29
0 3315 29
0 3316 28
0 3317 28
0 3318 29
0 3319 29
0 3320 29
0 3321 29
0 3322 29
0 3323 29
0 3324 29
0 3325 29
0 3326 29
0 3327 29
0 3328 29
0 3329 29
0 3330 28
0 3331 28
0 3332 29
0 3333 30
0 3334 29
0 3335 29
0 3336 28
0 3337 29
0 3338 28
0 3339 30
0 3340 29
0 3341 29
0 3342 29
0 3343 29
0 3344 29
0 3345 29
0 3346 29
0 3347 29
0 3348 29
0 3349 29
0 3350 29
0 3351 29
0 3352 29
0 3353 29
0 3354 29
0 3355 29
0 3356 29
0 3357 29
0 3358 28
0 3359 29
0 3360 29
0 3361 29
0 3362 29
0 3363 29
0 3364 29
0 3365 29
0 3366 29
0 3367 29
0 3368 29
0 3369 29
0 3370 29
0 3371 29
0 3372 29
0 3373 29
0 3374 29
0 3375 29
0 3376 28
0 3377 29
0 3378 29
0 3379 29
0 3380 28
0 3381 30
0 3382 29
0 3383 29
0 3384 29
0 3385 29
0 3386 29
0 3387 29
0 3388 28
0 3389 28
0 3390 28
0 3391 29
0 3392 29
0 3393 29
0 3394 29
0 3395 29
0 3396 28
0 3397 29
0 3398 28
0 3399 29
0 3400 29
0 3401 29
0 3402 29
0 3403 29
0 3404 29
0 3405 29
0 3406 29
0 3407 28
0 3408 28
0 3409 28
0 3410 29
0 3411 29
0 3412 29
0 3413 29
0 3414 29
0 3415 29
0 3416 28
0 3417 28
0 3418 29
0 3419 29
0 3420 29
0 3421 29
0 3422 29
0 3423 29
0 3424 29
0 3425 29
0 3426 29
0 3427 29
0 3428 29
0 3429 29
0 3430 28
0 3431 29
0 3432 29
0 3433 29
0 3434 29
0 3435 29
0 3436 29
0 3437 29
0 3438 28
0 3439 29
0 3440 29
0 3441 29
0 3442 29
0 3443 29
0 3444 29
0 3445 29
0 3446 29
0 3447 29
0 3448 29
0 3449 29
0 3450 29
0 3451 29
0 3452 29
0 3453 29
0 3454 29
0 3455 29
0 3456 29
0 3457 29
0 3458 28
0 3459 29
0 3460 29
0 3461 29
0 3462 29
0 3463 29
0 3464 29
0 3465 29
0 3466 29
0 3467 29
0 3468 29
0 3469 29
0 3470 29
0 3471 29
0 3472 29
0 3473 29
0 3474 29
0 3475 29
0 3476 28
0 3477 29
0 3478 29
0 3479 29
0 3480 29
0 3481 29
0 3482 29
0 3483 29
0 3484 29
0 3485 29
0 3486 29
0 3487 29
0 3488 29
0 3489 28
0 3490 28
0 3491 29
0 3492 29
0 3493 30
0 3494 29
0 3495 29
0 3496 28
0 3497 28
0 3498 28
0 3499 28
0 3500 28
0 3501 30
0 3502 29
0 3503 29
0 3504 29
0 3505 29
0 3506 29
0 3507 28
0 3508 28
0 3509 29
0 3510 29
0 3511 29
0 3512 29
0 3513 29
0 3514 29
0 3515 29
0 3516 28
0 3517 29
0 3518 29
0 3519 30
0 3520 29
0 3521 29
0 3522 29
0 3523 29
0 3524 29
0 3525 29
0 3526 29
0 3527 29
0 3528 29
0 3529 29
0 3530 29
0 3531 29
0 3532 29
0 3533 29
0 3534 29
0 3535 29
0 3536 29
0 3537 29
0 3538 28
0 3539 30
0 3540 29
0 3541 29
0 3542 29
0 3543 29
0 3544 29
0 3545 29
0 3546 29
0 3547 29
0 3548 29
0 3549 29
0 3550 29
0 3551 29
0 3552 29
0 3553 29
0 3554 29
0 3555 29
0 3556 29
0 3557 29
0 3558 28
0 3559 30
0 3560 29
0 3561 29
0 3562 29
0 3563 29
0 3564 29
0 3565 29
0 3566 29
0 3567 29
0 3568 29
0 3569 29
0 3570 28
0 3571 29
0 3572 29
0 3573 29
0 3574 29
0 3575 29
0 3576 29
0 3577 29
0 3578 29
0 3579 29
0 3580 29
0 3581 29
0 3582 29
0 3583 29
0 3584 29
0 3585 29
0 3586 28
0 3587 28
0 3588 28
0 3589 29
0 3590 29
0 3591 29
0 3592 29
0 3593 29
0 3594 29
0 3595 29
0 3596 29
0 3597 28
0 3598 28
0 3599 29
0 3600 28
0 3601 29
0 3602 29
0 3603 29
0 3604 29
0 3605 29
0 3606 29
0 3607 29
0 3608 29
0 3609 29
0 3610 28
0 3611 28
0 3612 29
0 3613 29
0 3614 29
0 3615 29
0 3616 28
0 3617 28
0 3618 28
0 3619 29
0 3620 29
0 3621 29
0 3622 29
0 3623 29
0 3624 29
0 3625 29
0 3626 29
0 3627 29
0 3628 29
0 3629 29
0 3630 29
0 3631 29
0 3632 29
0 3633 29
0 3634 29
0 3635 29
0 3636 29
0 3637 29
0 3638 28
0 3639 29
0 3640 29
0 3641 29
0 3642 29
0 3643 29
0 3644 29
0 3645 29
0 3646 29
0 3647 29
0 3648 29
0 3649 29
0 3650 29
0 3651 29
0 3652 29
0 3653 29
0 3654 29
0 3655 29
0 3656 29
0 3657 29
0 3658 28
0 3659 29
0 3660 29
0 3661 29
0 3662 29
0 3663 29
0 3664 29
0 3665 29
0 3666 29
0 3667 29
0 3668 29
0 3669 29
0 3670 28
0 3671 29
0 3672 29
0 3673 29
0 3674 29
0 3675 29
0 3676 28
0 3677 28
0 3678 28
0 3679 29
0 3680 29
0 3681 29
0 3682 29
0 3683 29
0 3684 29
0 3685 29
0 3686 29
0 3687 29
0 3688 29
0 3689 29
0 3690 28
0 3691 28
0 3692 29
0 3693 29
0 3694 29
0 3695 29
0 3696 28
0 3697 29
0 3698 28
0 3699 29
0 3700 28
0 3701 30
0 3702 29
0 3703 29
0 3704 29
0 3705 29
0 3706 29
0 3707 29
0 3708 29
0 3709 29
0 3710 28
0 3711 29
0 3712 29
0 3713 29
0 3714 29
0 3715 29
0 3716 29
0 3717 29
0 3718 29
0 3719 29
0 3720 29
0 3721 29
0 3722 29
0 3723 29
0 3724 29
0 3725 29
0 3726 29
0 3727 29
0 3728 29
0 3729 29
0 3730 29
0 3731 29
0 3732 29
0 3733 29
0 3734 29
0 3735 29
0 3736 29
0 3737 29
0 3738 28
0 3739 29
0 3740 29
0 3741 29
0 3742 29
0 3743 29
0 3744 29
0 3745 29
0 3746 29
0 3747 29
0 3748 29
0 3749 29
0 3750 29
0 3751 29
0 3752 29
0 3753 29
0 3754 29
0 3755 29
0 3756 29
0 3757 29
0 3758 28
0 3759 29
0 3760 29
0 3761 29
0 3762 29
0 3763 29
0 3764 29
0 3765 29
0 3766 29
0 3767 29
0 3768 29
0 3769 29
0 3770 29
0 3771 29
0 3772 29
0 3773 29
0 3774 29
0 3775 29
0 3776 28
0 3777 29
0 3778 28
0 3779 28
0 3780 28
0 3781 30
0 3782 29
0 3783 29
0 3784 29
0 3785 29
0 3786 29
0 3787 29
0 3788 28
0 3789 28
0 3790 28
0 3791 28
0 3792 29
0 3793 29
0 3794 29
0 3795 29
0 3796 29
0 3797 28
0 3798 28
0 3799 29
0 3800 29
0 3801 29
0 3802 29
0 3803 29
0 3804 29
0 3805 29
0 3806 29
0 3807 29
0 3808 29
0 3809 29
0 3810 29
0 3811 29
0 3812 29
0 3813 29
0 3814 29
0 3815 29
0 3816 28
0 3817 29
0 3818 28
0 3819 29
0 3820 29
0 3821 29
0 3822 29
0 3823 29
0 3824 29
0 3825 29
0 3826 29
0 3827 29
0 3828 29
0 3829 29
0 3830 29
0 3831 29
0 3832 29
0 3833 29
0 3834 29
0 3835 29
0 3836 29
0 3837 29
0 3838 29
0 3839 29
0 3840 29
0 3841 29
0 3842 29
0 3843 29
0 3844 29
0 3845 29
0 3846 29
0 3847 29
0 3848 29
0 3849 29
0 3850 29
0 3851 29
0 3852 29
0 3853 29
0 3854 29
0 3855 29
0 3856 29
0 3857 29
0 3858 28
0 3859 30
0 3860 29
0 3861 29
0 3862 29
0 3863 29
0 3864 29
0 3865 29
0 3866 29
0 3867 29
0 3868 29
0 3869 28
0 3870 28
0 3871 29
0 3872 29
0 3873 29
0 3874 29
0 3875 29
0 3876 29
0 3877 28
0 3878 28
0 3879 29
0 3880 29
0 3881 29
0 3882 29
0 3883 29
0 3884 29
0 3885 29
0 3886 29
0 3887 29
0 3888 29
0 3889 28
0 3890 28
0 3891 29
0 3892 29
0 3893 29
0 3894 29
0 3895 29
0 3896 28
0 3897 29
0 3898 29
0 3899 28
0 3900 28
0 3901 29
0 3902 29
0 3903 29
0 3904 29
0 3905 29
0 3906 29
0 3907 28
0 3908 28
0 3909 29
0 3910 28
0 3911 29
0 3912 29
0 3913 29
0 3914 29
0 3915 29
0 3916 29
0 3917 29
0 3918 28
0 3919 30
0 3920 29
0 3921 29
0 3922 29
0 3923 29
0 3924 29
0 3925 29
0 3926 29
0 3927 29
0 3928 29
0 3929 29
0 3930 29
0 3931 29
0 3932 29
0 3933 29
0 3934 29
0 3935 29
0 3936 29
0 3937 29
0 3938 28
0 3939 29
0 3940 29
0 3941 29
0 3942 29
0 3943 29
0 3944 29
0 3945 29
0 3946 29
0 3947 29
0 3948 29
0 3949 29
0 3950 29
0 3951 29
0 3952 29
0 3953 29
0 3954 29
0 3955 29
0 3956 29
0 3957 29
0 3958 28
0 3959 30
0 3960 29
0 3961 29
0 3962 29
0 3963 29
0 3964 29
0 3965 29
0 3966 29
0 3967 29
0 3968 29
0 3969 29
0 3970 28
0 3971 28
0 3972 29
0 3973 29
0 3974 29
0 3975 29
0 3976 28
0 3977 28
0 3978 28
0 3979 29
0 3980 29
0 3981 29
0 3982 29
0 3983 29
0 3984 29
0 3985 29
0 3986 29
0 3987 28
0 3988 28
0 3989 29
0 3990 29
0 3991 30
0 3992 29
0 3993 29
0 3994 29
0 3995 29
0 3996 28
0 3997 28
0 3998 29
0 3999 29
0 4000 29
0 4001 29
0 4002 29
0 4003 29
0 4004 29
0 4005 29
0 4006 29
0 4007 29
0 4008 29
0 4009 29
0 4010 28
0 4011 29
0 4012 29
0 4013 29
0 4014 29
0 4015 29
0 4016 29
0 4017 29
0 4018 28
0 4019 30
0 4020 29
0 4021 29
0 4022 29
0 4023 29
0 4024 29
0 4025 29
0 4026 29
0 4027 29
0 4028 29
0 4029 29
0 4030 29
0 4031 29
0 4032 29
0 4033 29
0 4034 29
0 4035 29
0 4036 29
0 4037 29
0 4038 28
0 4039 29
0 4040 29
0 4041 29
0 4042 29
0 4043 29
0 4044 29
0 4045 29
0 4046 29
0 4047 29
0 4048 29
0 4049 29
0 4050 29
0 4051 29
0 4052 29
0 4053 29
0 4054 29
0 4055 29
0 4056 29
0 4057 29
0 4058 28
0 4059 29
0 4060 29
0 4061 29
0 4062 29
0 4063 29
0 4064 29
0 4065 29
0 4066 29
0 4067 29
0 4068 29
0 4069 28
0 4070 28
0 4071 29
0 4072 29
0 4073 29
0 4074 29
0 4075 29
0 4076 29
0 4077 28
0 4078 28
0 4079 29
0 4080 28
0 4081 29
0 4082 29
0 4083 29
0 4084 29
0 4085 29
0 4086 29
0 4087 29
0 4088 29
0 4089 29
0 4090 28
0 4091 28
0 4092 29
0 4093 29
0 4094 29
0 4095 29
0 4096 28
0 4097 28
0 4098 28
0 4099 28
0 4100 28
0 4101 30
0 4102 29
0 4103 29
0 4104 29
0 4105 29
0 4106 29
0 4107 29
0 4108 29
0 4109 28
0 4110 28
0 4111 29
0 4112 29
0 4113 29
0 4114 29
0 4115 29
0 4116 28
0 4117 29
0 4118 29
0 4119 29
0 4120 29
0 4121 29
0 4122 29
0 4123 29
0 4124 29
0 4125 29
0 4126 29
0 4127 29
0 4128 29
0 4129 29
0 4130 29
0 4131 29
0 4132 29
0 4133 29
0 4134 29
0 4135 29
0 4136 29
0 4137 29
0 4138 29
0 4139 29
0 4140 29
0 4141 29
0 4142 29
0 4143 29
0 4144 29
0 4145 29
0 4146 29
0 4147 29
0 4148 29
0 4149 29
0 4150 29
0 4151 29
0 4152 29
0 4153 29
0 4154 29
0 4155 29
0 4156 28
0 4157 29
0 4158 28
0 4159 30
0 4160 29
0 4161 29
0 4162 29
0 4163 29
0 4164 29
0 4165 29
0 4166 29
0 4167 29
0 4168 29
0 4169 29
0 4170 28
0 4171 29
0 4172 29
0 4173 29
0 4174 29
0 4175 29
0 4176 28
0 4177 28
0 4178 29
0 4179 28
0 4180 28
0 4181 29
0 4182 29
0 4183 29
0 4184 29
0 4185 29
0 4186 29
0 4187 29
0 4188 28
0 4189 28
0 4190 29
0 4191 28
0 4192 29
0 4193 29
0 4194 29
0 4195 29
0 4196 29
0 4197 28
0 4198 28
0 4199 29
0 4200 29
0 4201 29
0 4202 29
0 4203 29
0 4204 29
0 4205 29
0 4206 29
0 4207 29
0 4208 29
0 4209 29
0 4210 28
0 4211 29
0 4212 29
0 4213 29
0 4214 29
0 4215 29
0 4216 29
0 4217 29
0 4218 28
0 4219 29
0 4220 29
0 4221 29
0 4222 29
0 4223 29
0 4224 29
0 4225 29
0 4226 29
0 4227 29
0 4228 29
0 4229 29
0 4230 29
0 4231 29
0 4232 29
0 4233 29
0 4234 29
0 4235 29
0 4236 29
0 4237 29
0 4238 29
0 4239 29
0 4240 29
0 4241 29
0 4242 29
0 4243 29
0 4244 29
0 4245 29
0 4246 29
0 4247 29
0 4248 29
0 4249 29
0 4250 29
0 4251 29
0 4252 29
0 4253 29
0 4254 29
0 4255 29
0 4256 29
0 4257 29
0 4258 28
0 4259 29
0 4260 28
0 4261 29
0 4262 29
0 4263 29
0 4264 29
0 4265 29
0 4266 29
0 4267 29
0 4268 29
0 4269 28
0 4270 28
0 4271 28
0 4272 29
0 4273 29
0 4274 29
0 4275 29
0 4276 28
0 4277 29
0 4278 29
0 4279 29
0 4280 29
0 4281 29
0 4282 29
0 4283 29
0 4284 29
0 4285 29
0 4286 29
0 4287 29
0 4288 29
0 4289 28
0 4290 28
0 4291 28
0 4292 29
0 4293 29
0 4294 29
0 4295 29
0 4296 28
0 4297 28
0 4298 28
0 4299 29
0 4300 29
0 4301 29
0 4302 29
0 4303 29
0 4304 29
0 4305 29
0 4306 29
0 4307 29
0 4308 29
0 4309 29
0 4310 28
0 4311 29
0 4312 29
0 4313 29
0 4314 29
0 4315 29
0 4316 29
0 4317 29
0 4318 28
0 4319 29
0 4320 29
0 4321 29
0 4322 29
0 4323 29
0 4324 29
0 4325 29
0 4326 29
0 4327 29
0 4328 29
0 4329 29
0 4330 29
0 4331 29
0 4332 29
0 4333 29
0 4334 29
0 4335 29
0 4336 29
0 4337 29
0 4338 28
0 4339 29
0 4340 29
0 4341 29
0 4342 29
0 4343 29
0 4344 29
0 4345 29
0 4346 29
0 4347 29
0 4348 29
0 4349 29
0 4350 29
0 4351 29
0 4352 29
0 4353 29
0 4354 29
0 4355 29
0 4356 28
0 4357 28
0 4358 28
0 4359 29
0 4360 29
0 4361 29
0 4362 29
0 4363 29
0 4364 29
0 4365 29
0 4366 29
0 4367 29
0 4368 29
0 4369 28
0 4370 28
0 4371 28
0 4372 29
0 4373 29
0 4374 29
0 4375 29
0 4376 28
0 4377 28
0 4378 28
0 4379 29
0 4380 29
0 4381 29
0 4382 29
0 4383 29
0 4384 29
0 4385 29
0 4386 29
0 4387 28
0 4388 28
0 4389 29
0 4390 28
0 4391 29
0 4392 29
0 4393 29
0 4394 29
0 4395 29
0 4396 28
0 4397 29
0 4398 28
0 4399 30
0 4400 29
0 4401 29
0 4402 29
0 4403 29
0 4404 29
0 4405 29
0 4406 29
0 4407 29
0 4408 29
0 4409 29
0 4410 29
0 4411 29
0 4412 29
0 4413 29
0 4414 29
0 4415 29
0 4416 29
0 4417 29
0 4418 28
0 4419 29
0 4420 29
0 4421 29
0 4422 29
0 4423 29
0 4424 29
0 4425 29
0 4426 29
0 4427 29
0 4428 29
0 4429 29
0 4430 29
0 4431 29
0 4432 29
0 4433 29
0 4434 29
0 4435 29
0 4436 29
0 4437 29
0 4438 28
0 4439 29
0 4440 29
0 4441 29
0 4442 29
0 4443 29
0 4444 29
0 4445 29
0 4446 29
0 4447 29
0 4448 29
0 4449 29
0 4450 28
0 4451 28
0 4452 29
0 4453 29
0 4454 29
0 4455 29
0 4456 29
0 4457 29
0 4458 28
0 4459 30
0 4460 29
0 4461 29
0 4462 29
0 4463 29
0 4464 29
0 4465 29
0 4466 29
0 4467 29
0 4468 29
0 4469 28
0 4470 28
0 4471 29
0 4472 29
0 4473 29
0 4474 29
0 4475 29
0 4476 28
0 4477 28
0 4478 28
0 4479 30
0 4480 29
0 4481 29
0 4482 29
0 4483 29
0 4484 29
0 4485 29
0 4486 29
0 4487 29
0 4488 29
0 4489 28
0 4490 28
0 4491 28
0 4492 29
0 4493 29
0 4494 29
0 4495 29
0 4496 28
0 4497 29
0 4498 28
0 4499 29
0 4500 29
0 4501 29
0 4502 29
0 4503 29
0 4504 29
0 4505 29
0 4506 29
0 4507 29
0 4508 29
0 4509 29
0 4510 29
0 4511 29
0 4512 29
0 4513 29
0 4514 29
0 4515 29
0 4516 29
0 4517 29
0 4518 28
0 4519 29
0 4520 29
0 4521 29
0 4522 29
0 4523 29
0 4524 29
0 4525 29
0 4526 29
0 4527 29
0 4528 29
0 4529 29
0 4530 29
0 4531 29
0 4532 29
0 4533 29
0 4534 29
0 4535 29
0 4536 29
0 4537 29
0 4538 28
0 4539 29
0 4540 29
0 4541 29
0 4542 29
0 4543 29
0 4544 29
0 4545 29
0 4546 29
0 4547 29
0 4548 29
0 4549 29
0 4550 28
0 4551 29
0 4552 29
0 4553 29
0 4554 29
0 4555 29
0 4556 28
0 4557 29
0 4558 29
0 4559 30
0 4560 29
0 4561 29
0 4562 29
0 4563 29
0 4564 29
0 4565 29
0 4566 29
0 4567 29
0 4568 29
0 4569 29
0 4570 28
0 4571 28
0 4572 29
0 4573 29
0 4574 29
0 4575 29
0 4576 28
0 4577 29
0 4578 29
0 4579 28
0 4580 28
0 4581 29
0 4582 29
0 4583 29
0 4584 29
0 4585 29
0 4586 29
0 4587 29
0 4588 29
0 4589 29
0 4590 29
0 4591 29
0 4592 29
0 4593 29
0 4594 29
0 4595 29
0 4596 28
0 4597 29
0 4598 29
0 4599 30
0 4600 29
0 4601 29
0 4602 29
0 4603 29
0 4604 29
0 4605 29
0 4606 29
0 4607 29
0 4608 29
0 4609 29
0 4610 28
0 4611 28
0 4612 29
0 4613 29
0 4614 29
0 4615 29
0 4616 29
0 4617 29
0 4618 28
0 4619 29
0 4620 29
0 4621 29
0 4622 29
0 4623 29
0 4624 29
0 4625 29
0 4626 29
0 4627 29
0 4628 29
0 4629 29
0 4630 29
0 4631 29
0 4632 29
0 4633 29
0 4634 29
0 4635 29
0 4636 29
0 4637 29
0 4638 28
0 4639 29
0 4640 29
0 4641 29
0 4642 29
0 4643 29
0 4644 29
0 4645 29
0 4646 29
0 4647 29
0 4648 29
0 4649 29
0 4650 29
0 4651 29
0 4652 29
0 4653 29
0 4654 29
0 4655 29
0 4656 28
0 4657 28
0 4658 28
0 4659 29
0 4660 29
0 4661 29
0 4662 29
0 4663 29
0 4664 29
0 4665 29
0 4666 29
0 4667 29
0 4668 29
0 4669 28
0 4670 28
0 4671 28
0 4672 29
0 4673 29
0 4674 29
0 4675 29
0 4676 29
0 4677 29
0 4678 28
0 4679 29
0 4680 29
0 4681 29
0 4682 29
0 4683 29
0 4684 29
0 4685 29
0 4686 29
0 4687 29
0 4688 29
0 4689 29
0 4690 28
0 4691 28
0 4692 29
0 4693 29
0 4694 29
0 4695 29
0 4696 28
0 4697 29
0 4698 29
0 4699 29
0 4700 29
0 4701 29
0 4702 29
0 4703 29
0 4704 29
0 4705 29
0 4706 29
0 4707 29
0 4708 29
0 4709 29
0 4710 29
0 4711 29
0 4712 29
0 4713 29
0 4714 29
0 4715 29
0 4716 29
0 4717 29
0 4718 28
0 4719 29
0 4720 29
0 4721 29
0 4722 29
0 4723 29
0 4724 29
0 4725 29
0 4726 29
0 4727 29
0 4728 29
0 4729 29
0 4730 29
0 4731 29
0 4732 29
0 4733 29
0 4734 29
0 4735 29
0 4736 29
0 4737 29
0 4738 28
0 4739 29
0 4740 29
0 4741 29
0 4742 29
0 4743 29
0 4744 29
0 4745 29
0 4746 29
0 4747 29
0 4748 29
0 4749 28
0 4750 28
0 4751 29
0 4752 29
0 4753 29
0 4754 29
0 4755 29
0 4756 28
0 4757 28
0 4758 29
0 4759 29
0 4760 29
0 4761 29
0 4762 29
0 4763 29
0 4764 29
0 4765 29
0 4766 29
0 4767 29
0 4768 29
0 4769 29
0 4770 28
0 4771 29
0 4772 29
0 4773 29
0 4774 29
0 4775 29
0 4776 28
0 4777 28
0 4778 29
0 4779 29
0 4780 29
0 4781 29
0 4782 29
0 4783 29
0 4784 29
0 4785 29
0 4786 29
0 4787 28
0 4788 28
0 4789 28
0 4790 28
0 4791 29
0 4792 29
0 4793 29
0 4794 29
0 4795 29
0 4796 29
0 4797 28
0 4798 28
0 4799 30
0 4800 29
0 4801 29
0 4802 29
0 4803 29
0 4804 29
0 4805 29
0 4806 29
0 4807 29
0 4808 29
0 4809 29
0 4810 29
0 4811 29
0 4812 29
0 4813 29
0 4814 29
0 4815 29
0 4816 29
0 4817 29
0 4818 28
0 4819 29
0 4820 29
0 4821 29
0 4822 29
0 4823 29
0 4824 29
0 4825 29
0 4826 29
0 4827 29
0 4828 29
0 4829 29
0 4830 29
0 4831 29
0 4832 29
0 4833 29
0 4834 29
0 4835 29
0 4836 28
0 4837 29
0 4838 29
0 4839 29
0 4840 29
0 4841 29
0 4842 29
0 4843 29
0 4844 29
0 4845 29
0 4846 29
0 4847 29
0 4848 29
0 4849 29
0 4850 28
0 4851 28
0 4852 29
0 4853 29
0 4854 29
0 4855 29
0 4856 28
0 4857 29
0 4858 28
0 4859 29
0 4860 29
0 4861 29
0 4862 29
0 4863 29
0 4864 29
0 4865 29
0 4866 29
0 4867 28
0 4868 28
0 4869 29
0 4870 29
0 4871 29
0 4872 30
0 4873 29
0 4874 29
0 4875 29
0 4876 29
0 4877 28
0 4878 28
0 4879 29
0 4880 29
0 4881 29
0 4882 29
0 4883 29
0 4884 29
0 4885 29
0 4886 29
0 4887 29
0 4888 29
0 4889 29
0 4890 29
0 4891 29
0 4892 29
0 4893 29
0 4894 29
0 4895 29
0 4896 29
0 4897 29
0 4898 28
0 4899 29
0 4900 29
0 4901 29
0 4902 29
0 4903 29
0 4904 29
0 4905 29
0 4906 29
0 4907 29
0 4908 29
0 4909 29
0 4910 29
0 4911 29
0 4912 29
0 4913 29
0 4914 29
0 4915 29
0 4916 29
0 4917 29
0 4918 28
0 4919 29
0 4920 29
0 4921 29
0 4922 29
0 4923 29
0 4924 29
0 4925 29
0 4926 29
0 4927 29
0 4928 29
0 4929 29
0 4930 29
0 4931 29
0 4932 29
0 4933 29
0 4934 29
0 4935 29
0 4936 29
0 4937 29
0 4938 28
0 4939 29
0 4940 29
0 4941 29
0 4942 29
0 4943 29
0 4944 29
0 4945 29
0 4946 29
0 4947 29
0 4948 29
0 4949 29
0 4950 28
0 4951 29
0 4952 29
0 4953 29
0 4954 29
0 4955 29
0 4956 28
0 4957 28
0 4958 28
0 4959 29
0 4960 29
0 4961 29
0 4962 29
0 4963 29
0 4964 29
0 4965 29
0 4966 29
0 4967 29
0 4968 29
0 4969 29
0 4970 28
0 4971 28
0 4972 29
0 4973 29
0 4974 29
0 4975 29
0 4976 28
0 4977 28
0 4978 29
0 4979 28
0 4980 28
0 4981 29
0 4982 29
0 4983 29
0 4984 29
0 4985 29
0 4986 29
0 4987 29
0 4988 29
0 4989 29
0 4990 29
0 4991 29
0 4992 29
0 4993 29
0 4994 29
0 4995 29
0 4996 28
0 4997 29
0 4998 29
0 4999 30
0 5000 29
0 5001 29
0 5002 28
0 5003 30
0 5004 32
0 5005 31
0 5006 30
0 5007 29
0 5008 29
0 5009 29
0 5010 28
0 5011 30
0 5012 30
0 5013 30
0 5014 30
0 5015 29
0 5016 29
0 5017 31
0 5018 32
0 5019 33
0 5020 30
0 5021 30
0 5022 30
0 5023 30
0 5024 30
0 5025 30
0 5026 30
0 5027 30
0 5028 30
0 5029 30
0 5030 30
0 5031 30
0 5032 29
0 5033 31
0 5034 30
0 5035 30
0 5036 31
0 5037 31
0 5038 33
0 5039 32
0 5040 30
0 5041 30
0 5042 30
0 5043 30
0 5044 29
0 5045 31
0 5046 30
0 5047 30
0 5048 30
0 5049 30
0 5050 30
0 5051 30
0 5052 30
0 5053 30
0 5054 30
0 5055 29
0 5056 30
0 5057 30
0 5058 30
0 5059 30
0 5060 30
0 5061 30
0 5062 31
0 5063 30
0 5064 31
0 5065 31
0 5066 30
0 5067 30
0 5068 30
0 5069 30
0 5070 30
0 5071 30
0 5072 30
0 5073 30
0 5074 30
0 5075 30
0 5076 30
0 5077 30
0 5078 30
0 5079 30
0 5080 30
0 5081 29
0 5082 30
0 5083 30
0 5084 29
0 5085 31
0 5086 31
0 5087 31
0 5088 30
0 5089 30
0 5090 30
0 5091 30
0 5092 30
0 5093 30
0 5094 30
0 5095 30
0 5096 30
0 5097 30
0 5098 30
0 5099 30
0 5100 29
0 5101 29
0 5102 29
0 5103 29
0 5104 29
0 5105 29
0 5106 31
0 5107 30
0 5108 30
0 5109 30
0 5110 30
0 5111 30
0 5112 30
0 5113 31
0 5114 31
0 5115 29
0 5116 30
0 5117 30
0 5118 30
0 5119 30
0 5120 30
0 5121 29
0 5122 31
0 5123 30
0 5124 30
0 5125 30
0 5126 30
0 5127 30
0 5128 30
0 5129 30
0 5130 30
0 5131 30
0 5132 30
0 5133 30
0 5134 30
0 5135 30
0 5136 30
0 5137 30
0 5138 30
0 5139 30
0 5140 30
0 5141 30
0 5142 30
0 5143 30
0 5144 30
0 5145 30
0 5146 30
0 5147 30
0 5148 30
0 5149 30
0 5150 30
0 5151 30
0 5152 30
0 5153 30
0 5154 30
0 5155 30
0 5156 30
0 5157 31
0 5158 31
0 5159 32
0 5160 30
0 5161 30
0 5162 30
0 5163 30
0 5164 30
0 5165 30
0 5166 30
0 5167 30
0 5168 30
0 5169 30
0 5170 30
0 5171 30
0 5172 30
0 5173 30
0 5174 30
0 5175 30
0 5176 31
0 5177 31
0 5178 33
0 5179 32
0 5180 31
0 5181 31
0 5182 30
0 5183 30
0 5184 30
0 5185 30
0 5186 30
0 5187 31
0 5188 30
0 5189 31
0 5190 32
0 5191 30
0 5192 30
0 5193 30
0 5194 30
0 5195 30
0 5196 31
0 5197 31
0 5198 32
0 5199 32
0 5200 30
0 5201 30
0 5202 30
0 5203 30
0 5204 30
0 5205 30
0 5206 30
0 5207 30
0 5208 30
0 5209 30
0 5210 30
0 5211 30
0 5212 30
0 5213 30
0 5214 30
0 5215 30
0 5216 32
0 5217 31
0 5218 33
0 5219 33
0 5220 32
0 5221 31
0 5222 30
0 5223 30
0 5224 30
0 5225 30
0 5226 30
0 5227 31
0 5228 33
0 5229 33
0 5230 33
0 5231 33
0 5232 33
0 5233 32
0 5234 33
0 5235 32
0 5236 33
0 5237 33
0 5238 32
0 5239 33
0 5240 32
0 5241 32
0 5242 32
0 5243 33
0 5244 33
0 5245 33
0 5246 33
0 5247 33
0 5248 33
0 5249 33
0 5250 32
0 5251 32
0 5252 32
0 5253 32
0 5254 32
0 5255 33
0 5256 32
0 5257 32
0 5258 30
0 5259 30
0 5260 32
0 5261 33
0 5262 33
0 5263 33
0 5264 33
0 5265 33
0 5266 33
0 5267 33
0 5268 32
0 5269 32
0 5270 32
0 5271 32
0 5272 32
0 5273 32
0 5274 32
0 5275 33
0 5276 32
0 5277 32
0 5278 30
0 5279 31
0 5280 32
0 5281 32
0 5282 32
0 5283 33
0 5284 33
0 5285 33
0 5286 33
0 5287 33
0 5288 32
0 5289 32
0 5290 32
0 5291 32
0 5292 32
0 5293 32
0 5294 32
0 5295 33
0 5296 32
0 5297 32
0 5298 30
0 5299 30
0 5300 31
0 5301 32
0 5302 32
0 5303 33
0 5304 33
0 5305 33
0 5306 33
0 5307 33
0 5308 32
0 5309 32
0 5310 32
0 5311 32
0 5312 32
0 5313 32
0 5314 32
0 5315 33
0 5316 30
0 5317 32
0 5318 30
0 5319 30
0 5320 31
0 5321 32
0 5322 32
0 5323 33
0 5324 32
0 5325 32
0 5326 32
0 5327 32
0 5328 32
0 5329 31
0 5330 30
0 5331 30
0 5332 30
0 5333 30
0 5334 30
0 5335 31
0 5336 30
0 5337 30
0 5338 29
0 5339 31
0 5340 30
0 5341 30
0 5342 31
0 5343 31
0 5344 31
0 5345 31
0 5346 30
0 5347 29
0 5348 29
0 5349 29
0 5350 29
0 5351 29
0 5352 30
0 5353 30
0 5354 30
0 5355 30
0 5356 30
0 5357 29
0 5358 30
0 5359 30
0 5360 29
0 5361 31
0 5362 30
0 5363 30
0 5364 30
0 5365 30
0 5366 30
0 5367 29
0 5368 29
0 5369 30
0 5370 30
0 5371 30
0 5372 30
0 5373 30
0 5374 29
0 5375 30
0 5376 30
0 5377 30
0 5378 29
0 5379 29
0 5380 29
0 5381 30
0 5382 29
0 5383 30
0 5384 30
0 5385 30
0 5386 30
0 5387 29
0 5388 29
0 5389 30
0 5390 30
0 5391 30
0 5392 29
0 5393 29
0 5394 30
0 5395 30
0 5396 30
0 5397 30
0 5398 30
0 5399 30
0 5400 29
0 5401 30
0 5402 31
0 5403 30
0 5404 30
0 5405 30
0 5406 30
0 5407 30
0 5408 29
0 5409 29
0 5410 30
0 5411 30
0 5412 30
0 5413 30
0 5414 30
0 5415 30
0 5416 30
0 5417 30
0 5418 30
0 5419 29
0 5420 30
0 5421 31
0 5422 30
0 5423 30
0 5424 30
0 5425 29
0 5426 30
0 5427 30
0 5428 30
0 5429 29
0 5430 29
0 5431 29
0 5432 29
0 5433 30
0 5434 30
0 5435 30
0 5436 29
0 5437 29
0 5438 30
0 5439 29
0 5440 29
0 5441 30
0 5442 29
0 5443 30
0 5444 29
0 5445 29
0 5446 29
0 5447 29
0 5448 29
0 5449 29
0 5450 30
0 5451 29
0 5452 29
0 5453 29
0 5454 29
0 5455 29
0 5456 30
0 5457 29
0 5458 29
0 5459 28
0 5460 30
0 5461 29
0 5462 29
0 5463 30
0 5464 29
0 5465 30
0 5466 29
0 5467 29
0 5468 30
0 5469 29
0 5470 30
0 5471 29
0 5472 29
0 5473 29
0 5474 30
0 5475 29
0 5476 29
0 5477 30
0 5478 29
0 5479 29
0 5480 30
0 5481 29
0 5482 29
0 5483 29
0 5484 29
0 5485 29
0 5486 29
0 5487 29
0 5488 29
0 5489 29
0 5490 30
0 5491 30
0 5492 30
0 5493 29
0 5494 29
0 5495 29
0 5496 30
0 5497 29
0 5498 29
0 5499 28
0 5500 30
0 5501 29
0 5502 29
0 5503 30
0 5504 30
0 5505 30
0 5506 29
0 5507 30
0 5508 29
0 5509 29
0 5510 29
0 5511 30
0 5512 30
0 5513 29
0 5514 29
0 5515 29
0 5516 29
0 5517 30
0 5518 29
0 5519 29
0 5520 30
0 5521 28
0 5522 29
0 5523 29
0 5524 29
0 5525 29
0 5526 30
0 5527 30
0 5528 30
0 5529 29
0 5530 29
0 5531 29
0 5532 29
0 5533 29
0 5534 29
0 5535 29
0 5536 29
0 5537 29
0 5538 29
0 5539 30
0 5540 29
0 5541 29
0 5542 30
0 5543 29
0 5544 30
0 5545 30
0 5546 29
0 5547 29
0 5548 29
0 5549 29
0 5550 29
0 5551 29
0 5552 29
0 5553 29
0 5554 29
0 5555 29
0 5556 29
0 5557 29
0 5558 29
0 5559 30
0 5560 29
0 5561 29
0 5562 30
0 5563 30
0 5564 29
0 5565 29
0 5566 29
0 5567 29
0 5568 29
0 5569 29
0 5570 30
0 5571 29
0 5572 29
0 5573 29
0 5574 29
0 5575 29
0 5576 30
0 5577 29
0 5578 30
0 5579 30
0 5580 29
0 5581 29
0 5582 29
0 5583 29
0 5584 29
0 5585 29
0 5586 29
0 5587 29
0 5588 29
0 5589 29
0 5590 29
0 5591 29
0 5592 29
0 5593 29
0 5594 29
0 5595 29
0 5596 29
0 5597 29
0 5598 30
0 5599 30
0 5600 29
0 5601 29
0 5602 30
0 5603 29
0 5604 29
0 5605 29
0 5606 29
0 5607 29
0 5608 29
0 5609 29
0 5610 29
0 5611 29
0 5612 29
0 5613 29
0 5614 29
0 5615 29
0 5616 29
0 5617 29
0 5618 30
0 5619 30
0 5620 29
0 5621 30
0 5622 29
0 5623 29
0 5624 29
0 5625 29
0 5626 29
0 5627 29
0 5628 30
0 5629 30
0 5630 30
0 5631 30
0 5632 30
0 5633 30
0 5634 30
0 5635 30
0 5636 29
0 5637 29
0 5638 28
0 5639 30
0 5640 29
0 5641 30
0 5642 29
0 5643 29
0 5644 30
0 5645 30
0 5646 30
0 5647 30
0 5648 30
0 5649 30
0 5650 29
0 5651 29
0 5652 29
0 5653 29
0 5654 30
0 5655 30
0 5656 29
0 5657 31
0 5658 28
0 5659 30
0 5660 29
0 5661 30
0 5662 30
0 5663 29
0 5664 29
0 5665 29
0 5666 30
0 5667 30
0 5668 29
0 5669 29
0 5670 29
0 5671 29
0 5672 29
0 5673 30
0 5674 30
0 5675 30
0 5676 30
0 5677 30
0 5678 28
0 5679 30
0 5680 29
0 5681 30
0 5682 29
0 5683 29
0 5684 29
0 5685 29
0 5686 30
0 5687 30
0 5688 30
0 5689 30
0 5690 30
0 5691 30
0 5692 30
0 5693 30
0 5694 30
0 5695 29
0 5696 30
0 5697 30
0 5698 28
0 5699 30
0 5700 29
0 5701 30
0 5702 30
0 5703 29
0 5704 29
0 5705 29
0 5706 29
0 5707 30
0 5708 30
0 5709 30
0 5710 30
0 5711 30
0 5712 30
0 5713 30
0 5714 30
0 5715 30
0 5716 30
0 5717 30
0 5718 28
0 5719 30
0 5720 29
0 5721 29
0 5722 29
0 5723 30
0 5724 30
0 5725 30
0 5726 30
0 5727 30
0 5728 30
0 5729 29
0 5730 29
0 5731 29
0 5732 30
0 5733 30
0 5734 29
0 5735 29
0 5736 29
0 5737 30
0 5738 29
0 5739 29
0 5740 28
0 5741 29
0 5742 29
0 5743 30
0 5744 29
0 5745 29
0 5746 30
0 5747 30
0 5748 29
0 5749 29
0 5750 29
0 5751 30
0 5752 29
0 5753 29
0 5754 29
0 5755 29
0 5756 29
0 5757 29
0 5758 29
0 5759 29
0 5760 28
0 5761 29
0 5762 29
0 5763 30
0 5764 29
0 5765 29
0 5766 30
0 5767 30
0 5768 30
0 5769 30
0 5770 29
0 5771 30
0 5772 29
0 5773 29
0 5774 29
0 5775 29
0 5776 29
0 5777 29
0 5778 29
0 5779 29
0 5780 29
0 5781 29
0 5782 29
0 5783 30
0 5784 30
0 5785 30
0 5786 29
0 5787 30
0 5788 30
0 5789 30
0 5790 30
0 5791 29
0 5792 29
0 5793 29
0 5794 29
0 5795 29
0 5796 29
0 5797 30
0 5798 29
0 5799 30
0 5800 29
0 5801 29
0 5802 29
0 5803 30
0 5804 30
0 5805 30
0 5806 30
0 5807 30
0 5808 29
0 5809 29
0 5810 29
0 5811 29
0 5812 29
0 5813 29
0 5814 29
0 5815 29
0 5816 29
0 5817 29
0 5818 29
0 5819 29
0 5820 29
0 5821 29
0 5822 29
0 5823 30
0 5824 29
0 5825 29
0 5826 29
0 5827 29
0 5828 29
0 5829 29
0 5830 29
0 5831 30
0 5832 30
0 5833 30
0 5834 29
0 5835 29
0 5836 29
0 5837 29
0 5838 30
0 5839 30
0 5840 29
0 5841 29
0 5842 30
0 5843 29
0 5844 30
0 5845 29
0 5846 29
0 5847 29
0 5848 29
0 5849 29
0 5850 29
0 5851 29
0 5852 29
0 5853 29
0 5854 29
0 5855 29
0 5856 29
0 5857 29
0 5858 31
0 5859 30
0 5860 29
0 5861 31
0 5862 29
0 5863 29
0 5864 29
0 5865 29
0 5866 29
0 5867 29
0 5868 29
0 5869 29
0 5870 29
0 5871 29
0 5872 29
0 5873 29
0 5874 29
0 5875 29
0 5876 29
0 5877 29
0 5878 30
0 5879 30
0 5880 29
0 5881 29
0 5882 29
0 5883 29
0 5884 29
0 5885 29
0 5886 30
0 5887 30
0 5888 29
0 5889 29
0 5890 29
0 5891 29
0 5892 29
0 5893 29
0 5894 29
0 5895 29
0 5896 29
0 5897 29
0 5898 30
0 5899 30
0 5900 28
0 5901 29
0 5902 29
0 5903 29
0 5904 29
0 5905 29
0 5906 29
0 5907 29
0 5908 29
0 5909 29
0 5910 29
0 5911 29
0 5912 29
0 5913 30
0 5914 29
0 5915 29
0 5916 29
0 5917 29
0 5918 30
0 5919 30
0 5920 29
0 5921 29
0 5922 29
0 5923 29
0 5924 29
0 5925 29
0 5926 29
0 5927 29
0 5928 29
0 5929 29
0 5930 29
0 5931 30
0 5932 29
0 5933 29
0 5934 29
0 5935 30
0 5936 30
0 5937 29
0 5938 31
0 5939 30
0 5940 31
0 5941 31
0 5942 29
0 5943 29
0 5944 29
0 5945 29
0 5946 29
0 5947 29
0 5948 29
0 5949 30
0 5950 30
0 5951 30
0 5952 29
0 5953 29
0 5954 29
0 5955 29
0 5956 31
0 5957 30
0 5958 30
0 5959 30
0 5960 31
0 5961 30
0 5962 29
0 5963 29
0 5964 29
0 5965 29
0 5966 29
0 5967 29
0 5968 29
0 5969 29
0 5970 30
0 5971 30
0 5972 29
0 5973 29
0 5974 29
0 5975 30
0 5976 30
0 5977 29
0 5978 31
0 5979 30
0 5980 29
0 5981 30
0 5982 30
0 5983 29
0 5984 29
0 5985 30
0 5986 29
0 5987 29
0 5988 29
0 5989 30
0 5990 29
0 5991 29
0 5992 29
0 5993 29
0 5994 29
0 5995 30
0 5996 30
0 5997 29
0 5998 31
0 5999 30
0 6000 28
0 6001 30
0 6002 29
0 6003 30
0 6004 30
0 6005 29
0 6006 29
0 6007 29
0 6008 29
0 6009 29
0 6010 29
0 6011 29
0 6012 29
0 6013 29
0 6014 29
0 6015 30
0 6016 29
0 6017 29
0 6018 31
0 6019 30
0 6020 31
0 6021 30
0 6022 30
0 6023 29
0 6024 29
0 6025 29
0 6026 29
0 6027 29
0 6028 30
0 6029 30
0 6030 31
0 6031 31
0 6032 30
0 6033 30
0 6034 30
0 6035 29
0 6036 30
0 6037 30
0 6038 30
0 6039 31
0 6040 31
0 6041 30
0 6042 29
0 6043 29
0 6044 29
0 6045 29
0 6046 30
0 6047 30
0 6048 31
0 6049 30
0 6050 31
0 6051 31
0 6052 31
0 6053 30
0 6054 30
0 6055 29
0 6056 31
0 6057 30
0 6058 31
0 6059 30
0 6060 31
0 6061 30
0 6062 30
0 6063 29
0 6064 29
0 6065 29
0 6066 29
0 6067 30
0 6068 30
0 6069 30
0 6070 31
0 6071 30
0 6072 30
0 6073 29
0 6074 29
0 6075 29
0 6076 31
0 6077 30
0 6078 31
0 6079 30
0 6080 29
0 6081 31
0 6082 29
0 6083 29
0 6084 29
0 6085 29
0 6086 29
0 6087 29
0 6088 29
0 6089 29
0 6090 30
0 6091 29
0 6092 29
0 6093 29
0 6094 29
0 6095 30
0 6096 29
0 6097 29
0 6098 31
0 6099 30
0 6100 29
0 6101 30
0 6102 29
0 6103 30
0 6104 30
0 6105 30
0 6106 29
0 6107 29
0 6108 30
0 6109 30
0 6110 30
0 6111 30
0 6112 30
0 6113 30
0 6114 29
0 6115 29
0 6116 31
0 6117 30
0 6118 30
0 6119 31
0 6120 31
0 6121 30
0 6122 29
0 6123 29
0 6124 29
0 6125 29
0 6126 30
0 6127 30
0 6128 31
0 6129 31
0 6130 31
0 6131 31
0 6132 31
0 6133 30
0 6134 31
0 6135 30
0 6136 30
0 6137 31
0 6138 30
0 6139 30
0 6140 31
0 6141 30
0 6142 29
0 6143 29
0 6144 29
0 6145 29
0 6146 31
0 6147 31
0 6148 30
0 6149 30
0 6150 30
0 6151 31
0 6152 31
0 6153 30
0 6154 31
0 6155 30
0 6156 30
0 6157 31
0 6158 30
0 6159 30
0 6160 31
0 6161 30
0 6162 30
0 6163 29
0 6164 30
0 6165 30
0 6166 30
0 6167 30
0 6168 30
0 6169 30
0 6170 31
0 6171 31
0 6172 30
0 6173 30
0 6174 30
0 6175 29
0 6176 31
0 6177 30
0 6178 30
0 6179 31
0 6180 31
0 6181 30
0 6182 29
0 6183 29
0 6184 29
0 6185 29
0 6186 29
0 6187 29
0 6188 30
0 6189 30
0 6190 30
0 6191 30
0 6192 30
0 6193 29
0 6194 29
0 6195 29
0 6196 31
0 6197 30
0 6198 31
0 6199 30
0 6200 29
0 6201 31
0 6202 29
0 6203 29
0 6204 29
0 6205 29
0 6206 29
0 6207 29
0 6208 29
0 6209 30
0 6210 31
0 6211 31
0 6212 31
0 6213 30
0 6214 30
0 6215 30
0 6216 31
0 6217 30
0 6218 30
0 6219 31
0 6220 31
0 6221 30
0 6222 29
0 6223 29
0 6224 30
0 6225 29
0 6226 30
0 6227 31
0 6228 31
0 6229 31
0 6230 31
0 6231 31
0 6232 31
0 6233 30
0 6234 31
0 6235 30
0 6236 31
0 6237 31
0 6238 30
0 6239 30
0 6240 31
0 6241 30
0 6242 30
0 6243 30
0 6244 30
0 6245 30
0 6246 31
0 6247 31
0 6248 31
0 6249 31
0 6250 31
0 6251 31
0 6252 31
0 6253 31
0 6254 31
0 6255 30
0 6256 30
0 6257 31
0 6258 30
0 6259 30
0 6260 31
0 6261 30
0 6262 30
0 6263 29
0 6264 29
0 6265 29
0 6266 29
0 6267 30
0 6268 31
0 6269 30
0 6270 31
0 6271 30
0 6272 30
0 6273 30
0 6274 31
0 6275 30
0 6276 31
0 6277 31
0 6278 30
0 6279 30
0 6280 30
0 6281 30
0 6282 29
0 6283 29
0 6284 29
0 6285 29
0 6286 29
0 6287 29
0 6288 30
0 6289 30
0 6290 30
0 6291 30
0 6292 30
0 6293 30
0 6294 29
0 6295 29
0 6296 30
0 6297 29
0 6298 31
0 6299 30
0 6300 31
0 6301 31
0 6302 29
0 6303 29
0 6304 29
0 6305 29
0 6306 29
0 6307 30
0 6308 31
0 6309 30
0 6310 31
0 6311 30
0 6312 30
0 6313 30
0 6314 30
0 6315 30
0 6316 31
0 6317 30
0 6318 30
0 6319 31
0 6320 31
0 6321 30
0 6322 29
0 6323 30
0 6324 30
0 6325 30
0 6326 30
0 6327 30
0 6328 31
0 6329 31
0 6330 31
0 6331 31
0 6332 31
0 6333 30
0 6334 30
0 6335 30
0 6336 31
0 6337 31
0 6338 30
0 6339 30
0 6340 31
0 6341 30
0 6342 30
0 6343 29
0 6344 30
0 6345 29
0 6346 30
0 6347 30
0 6348 31
0 6349 31
0 6350 31
0 6351 31
0 6352 31
0 6353 30
0 6354 30
0 6355 30
0 6356 30
0 6357 31
0 6358 30
0 6359 31
0 6360 31
0 6361 30
0 6362 29
0 6363 29
0 6364 29
0 6365 29
0 6366 29
0 6367 30
0 6368 30
0 6369 30
0 6370 31
0 6371 31
0 6372 31
0 6373 30
0 6374 30
0 6375 29
0 6376 31
0 6377 30
0 6378 31
0 6379 31
0 6380 30
0 6381 30
0 6382 29
0 6383 29
0 6384 30
0 6385 29
0 6386 29
0 6387 29
0 6388 30
0 6389 30
0 6390 30
0 6391 30
0 6392 30
0 6393 29
0 6394 29
0 6395 29
0 6396 31
0 6397 30
0 6398 31
0 6399 30
0 6400 30
0 6401 30
0 6402 29
0 6403 29
0 6404 30
0 6405 30
0 6406 30
0 6407 30
0 6408 30
0 6409 30
0 6410 31
0 6411 31
0 6412 31
0 6413 30
0 6414 30
0 6415 29
0 6416 31
0 6417 30
0 6418 30
0 6419 30
0 6420 31
0 6421 30
0 6422 30
0 6423 29
0 6424 29
0 6425 29
0 6426 30
0 6427 30
0 6428 31
0 6429 31
0 6430 31
0 6431 31
0 6432 31
0 6433 30
0 6434 31
0 6435 30
0 6436 30
0 6437 31
0 6438 30
0 6439 30
0 6440 31
0 6441 30
0 6442 29
0 6443 29
0 6444 30
0 6445 29
0 6446 30
0 6447 30
0 6448 31
0 6449 30
0 6450 31
0 6451 31
0 6452 31
0 6453 30
0 6454 30
0 6455 29
0 6456 31
0 6457 30
0 6458 31
0 6459 30
0 6460 31
0 6461 30
0 6462 29
0 6463 29
0 6464 29
0 6465 29
0 6466 29
0 6467 30
0 6468 31
0 6469 30
0 6470 30
0 6471 30
0 6472 30
0 6473 30
0 6474 29
0 6475 29
0 6476 31
0 6477 30
0 6478 31
0 6479 30
0 6480 29
0 6481 30
0 6482 29
0 6483 29
0 6484 29
0 6485 29
0 6486 29
0 6487 29
0 6488 29
0 6489 29
0 6490 29
0 6491 30
0 6492 29
0 6493 29
0 6494 29
0 6495 30
0 6496 30
0 6497 29
0 6498 30
0 6499 30
0 6500 31
0 6501 30
0 6502 29
0 6503 29
0 6504 29
0 6505 29
0 6506 29
0 6507 29
0 6508 29
0 6509 30
0 6510 30
0 6511 30
0 6512 30
0 6513 30
0 6514 30
0 6515 29
0 6516 31
0 6517 30
0 6518 30
0 6519 30
0 6520 31
0 6521 30
0 6522 29
0 6523 29
0 6524 29
0 6525 29
0 6526 29
0 6527 30
0 6528 30
0 6529 31
0 6530 31
0 6531 30
0 6532 30
0 6533 31
0 6534 31
0 6535 30
0 6536 30
0 6537 31
0 6538 30
0 6539 31
0 6540 31
0 6541 30
0 6542 29
0 6543 29
0 6544 29
0 6545 29
0 6546 30
0 6547 30
0 6548 31
0 6549 30
0 6550 31
0 6551 30
0 6552 30
0 6553 30
0 6554 30
0 6555 29
0 6556 31
0 6557 30
0 6558 31
0 6559 30
0 6560 30
0 6561 31
0 6562 29
0 6563 29
0 6564 29
0 6565 29
0 6566 29
0 6567 29
0 6568 29
0 6569 30
0 6570 30
0 6571 30
0 6572 30
0 6573 29
0 6574 29
0 6575 30
0 6576 30
0 6577 29
0 6578 31
0 6579 30
0 6580 29
0 6581 31
0 6582 30
0 6583 29
0 6584 29
0 6585 30
0 6586 29
0 6587 29
0 6588 29
0 6589 29
0 6590 29
0 6591 29
0 6592 29
0 6593 29
0 6594 29
0 6595 29
0 6596 30
0 6597 30
0 6598 31
0 6599 30
0 6600 29
0 6601 29
0 6602 29
0 6603 29
0 6604 30
0 6605 29
0 6606 29
0 6607 29
0 6608 29
0 6609 30
0 6610 31
0 6611 30
0 6612 31
0 6613 30
0 6614 30
0 6615 29
0 6616 31
0 6617 30
0 6618 30
0 6619 30
0 6620 31
0 6621 30
0 6622 29
0 6623 29
0 6624 29
0 6625 29
0 6626 29
0 6627 30
0 6628 31
0 6629 30
0 6630 31
0 6631 30
0 6632 30
0 6633 30
0 6634 30
0 6635 29
0 6636 31
0 6637 30
0 6638 31
0 6639 30
0 6640 30
0 6641 30
0 6642 29
0 6643 29
0 6644 29
0 6645 29
0 6646 29
0 6647 29
0 6648 29
0 6649 29
0 6650 30
0 6651 30
0 6652 30
0 6653 30
0 6654 29
0 6655 29
0 6656 30
0 6657 29
0 6658 31
0 6659 31
0 6660 31
0 6661 30
0 6662 29
0 6663 29
0 6664 30
0 6665 30
0 6666 29
0 6667 29
0 6668 29
0 6669 30
0 6670 29
0 6671 29
0 6672 29
0 6673 29
0 6674 29
0 6675 30
0 6676 30
0 6677 29
0 6678 31
0 6679 30
0 6680 28
0 6681 29
0 6682 30
0 6683 29
0 6684 29
0 6685 29
0 6686 29
0 6687 29
0 6688 29
0 6689 29
0 6690 29
0 6691 29
0 6692 29
0 6693 29
0 6694 29
0 6695 29
0 6696 29
0 6697 29
0 6698 30
0 6699 30
0 6700 29
0 6701 29
0 6702 30
0 6703 29
0 6704 29
0 6705 29
0 6706 29
0 6707 29
0 6708 29
0 6709 29
0 6710 29
0 6711 29
0 6712 29
0 6713 29
0 6714 29
0 6715 29
0 6716 29
0 6717 29
0 6718 31
0 6719 30
0 6720 29
0 6721 30
0 6722 29
0 6723 29
0 6724 29
0 6725 29
0 6726 29
0 6727 29
0 6728 29
0 6729 29
0 6730 29
0 6731 30
0 6732 29
0 6733 29
0 6734 29
0 6735 30
0 6736 30
0 6737 30
0 6738 31
0 6739 30
0 6740 31
0 6741 30
0 6742 29
0 6743 30
0 6744 30
0 6745 30
0 6746 29
0 6747 29
0 6748 29
0 6749 29
0 6750 29
0 6751 29
0 6752 29
0 6753 29
0 6754 29
0 6755 29
0 6756 31
0 6757 29
0 6758 31
0 6759 30
0 6760 28
0 6761 29
0 6762 30
0 6763 29
0 6764 29
0 6765 29
0 6766 30
0 6767 29
0 6768 29
0 6769 29
0 6770 29
0 6771 29
0 6772 29
0 6773 30
0 6774 29
0 6775 29
0 6776 29
0 6777 29
0 6778 29
0 6779 30
0 6780 28
0 6781 29
0 6782 29
0 6783 29
0 6784 29
0 6785 29
0 6786 30
0 6787 29
0 6788 29
0 6789 29
0 6790 29
0 6791 29
0 6792 30
0 6793 30
0 6794 29
0 6795 29
0 6796 29
0 6797 29
0 6798 30
0 6799 30
0 6800 28
0 6801 29
0 6802 29
0 6803 30
0 6804 30
0 6805 30
0 6806 29
0 6807 29
0 6808 29
0 6809 29
0 6810 29
0 6811 29
0 6812 29
0 6813 29
0 6814 29
0 6815 29
0 6816 29
0 6817 29
0 6818 31
0 6819 30
0 6820 29
0 6821 31
0 6822 29
0 6823 29
0 6824 29
0 6825 30
0 6826 29
0 6827 29
0 6828 29
0 6829 29
0 6830 29
0 6831 29
0 6832 29
0 6833 29
0 6834 29
0 6835 30
0 6836 29
0 6837 29
0 6838 31
0 6839 30
0 6840 29
0 6841 30
0 6842 30
0 6843 29
0 6844 29
0 6845 29
0 6846 30
0 6847 29
0 6848 29
0 6849 29
0 6850 29
0 6851 29
0 6852 29
0 6853 29
0 6854 30
0 6855 29
0 6856 29
0 6857 29
0 6858 30
0 6859 30
0 6860 29
0 6861 29
0 6862 29
0 6863 29
0 6864 29
0 6865 29
0 6866 30
0 6867 30
0 6868 29
0 6869 29
0 6870 29
0 6871 29
0 6872 29
0 6873 29
0 6874 29
0 6875 30
0 6876 29
0 6877 30
0 6878 29
0 6879 30
0 6880 29
0 6881 29
0 6882 29
0 6883 30
0 6884 29
0 6885 29
0 6886 29
0 6887 30
0 6888 29
0 6889 29
0 6890 29
0 6891 30
0 6892 29
0 6893 29
0 6894 29
0 6895 29
0 6896 29
0 6897 29
0 6898 30
0 6899 29
0 6900 28
0 6901 29
0 6902 29
0 6903 29
0 6904 29
0 6905 29
0 6906 30
0 6907 29
0 6908 29
0 6909 29
0 6910 29
0 6911 29
0 6912 30
0 6913 30
0 6914 29
0 6915 29
0 6916 31
0 6917 30
0 6918 31
0 6919 30
0 6920 29
0 6921 29
0 6922 30
0 6923 29
0 6924 29
0 6925 30
0 6926 29
0 6927 29
0 6928 29
0 6929 29
0 6930 29
0 6931 29
0 6932 29
0 6933 30
0 6934 30
0 6935 29
0 6936 29
0 6937 29
0 6938 30
0 6939 30
0 6940 28
0 6941 29
0 6942 29
0 6943 29
0 6944 29
0 6945 29
0 6946 30
0 6947 29
0 6948 29
0 6949 29
0 6950 29
0 6951 29
0 6952 29
0 6953 29
0 6954 29
0 6955 29
0 6956 30
0 6957 29
0 6958 29
0 6959 30
0 6960 29
0 6961 29
0 6962 29
0 6963 30
0 6964 30
0 6965 30
0 6966 30
0 6967 30
0 6968 29
0 6969 29
0 6970 29
0 6971 29
0 6972 29
0 6973 29
0 6974 29
0 6975 30
0 6976 30
0 6977 30
0 6978 29
0 6979 29
0 6980 29
0 6981 29
0 6982 29
0 6983 30
0 6984 30
0 6985 30
0 6986 30
0 6987 29
0 6988 29
0 6989 30
0 6990 30
0 6991 29
0 6992 29
0 6993 29
0 6994 29
0 6995 29
0 6996 30
0 6997 29
0 6998 29
0 6999 30
0 7000 28
0 7001 29
0 7002 29
0 7003 30
0 7004 30
0 7005 29
0 7006 29
0 7007 30
0 7008 30
0 7009 30
0 7010 29
0 7011 29
0 7012 30
0 7013 30
0 7014 29
0 7015 29
0 7016 29
0 7017 29
0 7018 29
0 7019 29
0 7020 28
0 7021 29
0 7022 29
0 7023 29
0 7024 29
0 7025 29
0 7026 30
0 7027 30
0 7028 29
0 7029 29
0 7030 29
0 7031 29
0 7032 29
0 7033 29
0 7034 29
0 7035 29
0 7036 29
0 7037 30
0 7038 29
0 7039 30
0 7040 29
0 7041 29
0 7042 29
0 7043 30
0 7044 29
0 7045 29
0 7046 30
0 7047 30
0 7048 29
0 7049 29
0 7050 30
0 7051 29
0 7052 29
0 7053 29
0 7054 29
0 7055 30
0 7056 30
0 7057 30
0 7058 29
0 7059 30
0 7060 29
0 7061 29
0 7062 29
0 7063 30
0 7064 30
0 7065 30
0 7066 30
0 7067 30
0 7068 30
0 7069 29
0 7070 29
0 7071 29
0 7072 29
0 7073 30
0 7074 30
0 7075 30
0 7076 30
0 7077 29
0 7078 28
0 7079 30
0 7080 29
0 7081 30
0 7082 30
0 7083 30
0 7084 30
0 7085 30
0 7086 30
0 7087 30
0 7088 30
0 7089 30
0 7090 29
0 7091 29
0 7092 29
0 7093 29
0 7094 29
0 7095 30
0 7096 29
0 7097 30
0 7098 29
0 7099 30
0 7100 29
0 7101 29
0 7102 29
0 7103 30
0 7104 30
0 7105 30
0 7106 30
0 7107 30
0 7108 29
0 7109 30
0 7110 29
0 7111 29
0 7112 29
0 7113 29
0 7114 29
0 7115 29
0 7116 29
0 7117 30
0 7118 29
0 7119 30
0 7120 29
0 7121 29
0 7122 29
0 7123 30
0 7124 29
0 7125 30
0 7126 29
0 7127 29
0 7128 29
0 7129 29
0 7130 29
0 7131 29
0 7132 29
0 7133 29
0 7134 29
0 7135 30
0 7136 29
0 7137 30
0 7138 29
0 7139 29
0 7140 29
0 7141 29
0 7142 29
0 7143 30
0 7144 30
0 7145 30
0 7146 30
0 7147 30
0 7148 30
0 7149 29
0 7150 29
0 7151 29
0 7152 29
0 7153 30
0 7154 30
0 7155 30
0 7156 30
0 7157 30
0 7158 28
0 7159 30
0 7160 29
0 7161 30
0 7162 29
0 7163 29
0 7164 29
0 7165 29
0 7166 30
0 7167 29
0 7168 30
0 7169 30
0 7170 29
0 7171 29
0 7172 29
0 7173 29
0 7174 30
0 7175 30
0 7176 30
0 7177 31
0 7178 28
0 7179 30
0 7180 29
0 7181 30
0 7182 30
0 7183 29
0 7184 29
0 7185 29
0 7186 30
0 7187 30
0 7188 30
0 7189 30
0 7190 30
0 7191 30
0 7192 30
0 7193 30
0 7194 30
0 7195 29
0 7196 29
0 7197 30
0 7198 28
0 7199 30
0 7200 29
0 7201 30
0 7202 29
0 7203 30
0 7204 30
0 7205 30
0 7206 30
0 7207 30
0 7208 30
0 7209 29
0 7210 29
0 7211 29
0 7212 29
0 7213 29
0 7214 30
0 7215 30
0 7216 30
0 7217 31
0 7218 29
0 7219 30
0 7220 29
0 7221 29
0 7222 30
0 7223 30
0 7224 30
0 7225 30
0 7226 30
0 7227 30
0 7228 30
0 7229 29
0 7230 29
0 7231 29
0 7232 29
0 7233 30
0 7234 29
0 7235 30
0 7236 30
0 7237 30
0 7238 28
0 7239 30
0 7240 29
0 7241 30
0 7242 30
0 7243 29
0 7244 29
0 7245 29
0 7246 29
0 7247 30
0 7248 30
0 7249 30
0 7250 30
0 7251 30
0 7252 30
0 7253 30
0 7254 30
0 7255 29
0 7256 30
0 7257 30
0 7258 30
0 7259 29
0 7260 30
0 7261 30
0 7262 29
0 7263 29
0 7264 29
0 7265 29
0 7266 29
0 7267 29
0 7268 30
0 7269 30
0 7270 30
0 7271 30
0 7272 30
0 7273 29
0 7274 29
0 7275 29
0 7276 30
0 7277 30
0 7278 30
0 7279 30
0 7280 29
0 7281 30
0 7282 29
0 7283 29
0 7284 29
0 7285 29
0 7286 29
0 7287 29
0 7288 29
0 7289 30
0 7290 30
0 7291 30
0 7292 30
0 7293 30
0 7294 30
0 7295 29
0 7296 30
0 7297 30
0 7298 28
0 7299 30
0 7300 29
0 7301 29
0 7302 30
0 7303 29
0 7304 29
0 7305 29
0 7306 30
0 7307 30
0 7308 30
0 7309 30
0 7310 30
0 7311 30
0 7312 30
0 7313 30
0 7314 30
0 7315 29
0 7316 30
0 7317 30
0 7318 29
0 7319 30
0 7320 29
0 7321 30
0 7322 30
0 7323 29
0 7324 29
0 7325 29
0 7326 29
0 7327 29
0 7328 30
0 7329 30
0 7330 30
0 7331 30
0 7332 30
0 7333 30
0 7334 30
0 7335 29
0 7336 30
0 7337 30
0 7338 29
0 7339 29
0 7340 30
0 7341 30
0 7342 29
0 7343 29
0 7344 29
0 7345 29
0 7346 29
0 7347 29
0 7348 30
0 7349 30
0 7350 30
0 7351 30
0 7352 29
0 7353 29
0 7354 29
0 7355 29
0 7356 29
0 7357 29
0 7358 29
0 7359 30
0 7360 29
0 7361 29
0 7362 29
0 7363 29
0 7364 29
0 7365 29
0 7366 29
0 7367 29
0 7368 29
0 7369 29
0 7370 29
0 7371 29
0 7372 29
0 7373 29
0 7374 29
0 7375 29
0 7376 29
0 7377 29
0 7378 30
0 7379 30
0 7380 29
0 7381 30
0 7382 29
0 7383 29
0 7384 29
0 7385 29
0 7386 29
0 7387 29
0 7388 29
0 7389 29
0 7390 29
0 7391 29
0 7392 29
0 7393 29
0 7394 29
0 7395 29
0 7396 30
0 7397 30
0 7398 29
0 7399 29
0 7400 29
0 7401 30
0 7402 29
0 7403 29
0 7404 29
0 7405 29
0 7406 29
0 7407 29
0 7408 29
0 7409 30
0 7410 30
0 7411 30
0 7412 30
0 7413 30
0 7414 29
0 7415 29
0 7416 30
0 7417 29
0 7418 30
0 7419 30
0 7420 29
0 7421 30
0 7422 29
0 7423 29
0 7424 29
0 7425 29
0 7426 29
0 7427 30
0 7428 30
0 7429 29
0 7430 30
0 7431 30
0 7432 30
0 7433 30
0 7434 29
0 7435 29
0 7436 30
0 7437 29
0 7438 30
0 7439 30
0 7440 29
0 7441 30
0 7442 29
0 7443 29
0 7444 29
0 7445 29
0 7446 29
0 7447 29
0 7448 29
0 7449 29
0 7450 29
0 7451 29
0 7452 29
0 7453 29
0 7454 29
0 7455 29
0 7456 29
0 7457 29
0 7458 30
0 7459 30
0 7460 29
0 7461 29
0 7462 30
0 7463 30
0 7464 30
0 7465 30
0 7466 29
0 7467 29
0 7468 29
0 7469 29
0 7470 29
0 7471 29
0 7472 29
0 7473 29
0 7474 29
0 7475 29
0 7476 29
0 7477 29
0 7478 30
0 7479 30
0 7480 29
0 7481 29
0 7482 30
0 7483 29
0 7484 29
0 7485 29
0 7486 29
0 7487 29
0 7488 29
0 7489 29
0 7490 29
0 7491 29
0 7492 29
0 7493 29
0 7494 29
0 7495 29
0 7496 29
0 7497 29
0 7498 30
0 7499 30
0 7500 29
0 7501 29
0 7502 29
0 7503 29
0 7504 29
0 7505 29
0 7506 29
0 7507 29
0 7508 29
0 7509 30
0 7510 30
0 7511 29
0 7512 29
0 7513 29
0 7514 29
0 7515 29
0 7516 30
0 7517 29
0 7518 30
0 7519 30
0 7520 29
0 7521 29
0 7522 29
0 7523 29
0 7524 29
0 7525 29
0 7526 29
0 7527 29
0 7528 29
0 7529 29
0 7530 29
0 7531 29
0 7532 29
0 7533 29
0 7534 29
0 7535 29
0 7536 29
0 7537 29
0 7538 29
0 7539 30
0 7540 29
0 7541 29
0 7542 29
0 7543 30
0 7544 30
0 7545 30
0 7546 30
0 7547 29
0 7548 29
0 7549 29
0 7550 29
0 7551 29
0 7552 29
0 7553 30
0 7554 29
0 7555 29
0 7556 29
0 7557 29
0 7558 29
0 7559 30
0 7560 29
0 7561 28
0 7562 29
0 7563 29
0 7564 29
0 7565 29
0 7566 30
0 7567 30
0 7568 29
0 7569 29
0 7570 29
0 7571 29
0 7572 29
0 7573 29
0 7574 30
0 7575 29
0 7576 29
0 7577 29
0 7578 29
0 7579 29
0 7580 29
0 7581 28
0 7582 29
0 7583 29
0 7584 29
0 7585 30
0 7586 29
0 7587 29
0 7588 29
0 7589 29
0 7590 29
0 7591 29
0 7592 29
0 7593 29
0 7594 29
0 7595 29
0 7596 29
0 7597 29
0 7598 29
0 7599 30
0 7600 29
0 7601 29
0 7602 29
0 7603 29
0 7604 29
0 7605 29
0 7606 29
0 7607 29
0 7608 29
0 7609 29
0 7610 29
0 7611 29
0 7612 29
0 7613 29
0 7614 29
0 7615 30
0 7616 29
0 7617 29
0 7618 30
0 7619 30
0 7620 29
0 7621 29
0 7622 30
0 7623 29
0 7624 30
0 7625 30
0 7626 29
0 7627 29
0 7628 29
0 7629 29
0 7630 29
0 7631 29
0 7632 29
0 7633 29
0 7634 29
0 7635 30
0 7636 29
0 7637 29
0 7638 29
0 7639 30
0 7640 29
0 7641 29
0 7642 29
0 7643 29
0 7644 29
0 7645 29
0 7646 30
0 7647 30
0 7648 29
0 7649 29
0 7650 29
0 7651 29
0 7652 29
0 7653 30
0 7654 30
0 7655 29
0 7656 29
0 7657 30
0 7658 29
0 7659 29
0 7660 30
0 7661 29
0 7662 29
0 7663 29
0 7664 29
0 7665 29
0 7666 29
0 7667 30
0 7668 29
0 7669 29
0 7670 29
0 7671 29
0 7672 30
0 7673 29
0 7674 29
0 7675 29
0 7676 29
0 7677 30
0 7678 29
0 7679 29
0 7680 30
0 7681 29
0 7682 30
0 7683 30
0 7684 29
0 7685 30
0 7686 29
0 7687 29
0 7688 29
0 7689 29
0 7690 29
0 7691 29
0 7692 29
0 7693 29
0 7694 29
0 7695 29
0 7696 29
0 7697 29
0 7698 30
0 7699 30
0 7700 29
0 7701 29
0 7702 30
0 7703 29
0 7704 29
0 7705 30
0 7706 29
0 7707 29
0 7708 29
0 7709 29
0 7710 29
0 7711 29
0 7712 29
0 7713 29
0 7714 29
0 7715 30
0 7716 29
0 7717 29
0 7718 29
0 7719 30
0 7720 29
0 7721 29
0 7722 29
0 7723 30
0 7724 29
0 7725 29
0 7726 30
0 7727 30
0 7728 29
0 7729 29
0 7730 29
0 7731 29
0 7732 29
0 7733 30
0 7734 30
0 7735 29
0 7736 29
0 7737 30
0 7738 29
0 7739 29
0 7740 29
0 7741 29
0 7742 29
0 7743 29
0 7744 29
0 7745 29
0 7746 29
0 7747 30
0 7748 29
0 7749 29
0 7750 29
0 7751 30
0 7752 29
0 7753 29
0 7754 29
0 7755 29
0 7756 29
0 7757 29
0 7758 29
0 7759 28
0 7760 30
0 7761 29
0 7762 29
0 7763 29
0 7764 29
0 7765 29
0 7766 29
0 7767 29
0 7768 29
0 7769 29
0 7770 30
0 7771 29
0 7772 30
0 7773 29
0 7774 29
0 7775 29
0 7776 29
0 7777 29
0 7778 29
0 7779 29
0 7780 30
0 7781 28
0 7782 29
0 7783 29
0 7784 29
0 7785 29
0 7786 29
0 7787 30
0 7788 29
0 7789 29
0 7790 29
0 7791 29
0 7792 29
0 7793 30
0 7794 30
0 7795 30
0 7796 29
0 7797 29
0 7798 29
0 7799 29
0 7800 30
0 7801 29
0 7802 29
0 7803 29
0 7804 29
0 7805 29
0 7806 30
0 7807 30
0 7808 29
0 7809 29
0 7810 29
0 7811 29
0 7812 29
0 7813 29
0 7814 29
0 7815 29
0 7816 29
0 7817 29
0 7818 29
0 7819 29
0 7820 29
0 7821 28
0 7822 29
0 7823 29
0 7824 29
0 7825 29
0 7826 30
0 7827 30
0 7828 29
0 7829 29
0 7830 29
0 7831 30
0 7832 30
0 7833 29
0 7834 29
0 7835 29
0 7836 29
0 7837 29
0 7838 29
0 7839 29
0 7840 30
0 7841 29
0 7842 29
0 7843 29
0 7844 29
0 7845 29
0 7846 29
0 7847 29
0 7848 29
0 7849 29
0 7850 29
0 7851 29
0 7852 29
0 7853 29
0 7854 29
0 7855 30
0 7856 29
0 7857 29
0 7858 29
0 7859 29
0 7860 29
0 7861 29
0 7862 29
0 7863 30
0 7864 30
0 7865 30
0 7866 30
0 7867 29
0 7868 29
0 7869 29
0 7870 30
0 7871 29
0 7872 29
0 7873 29
0 7874 29
0 7875 29
0 7876 29
0 7877 29
0 7878 29
0 7879 29
0 7880 30
0 7881 29
0 7882 29
0 7883 29
0 7884 29
0 7885 29
0 7886 29
0 7887 29
0 7888 30
0 7889 30
0 7890 29
0 7891 29
0 7892 29
0 7893 30
0 7894 30
0 7895 29
0 7896 29
0 7897 30
0 7898 29
0 7899 29
0 7900 30
0 7901 28
0 7902 29
0 7903 29
0 7904 29
0 7905 29
0 7906 29
0 7907 30
0 7908 29
0 7909 29
0 7910 29
0 7911 29
0 7912 29
0 7913 29
0 7914 30
0 7915 29
0 7916 29
0 7917 30
0 7918 29
0 7919 29
0 7920 30
0 7921 29
0 7922 29
0 7923 29
0 7924 29
0 7925 29
0 7926 29
0 7927 29
0 7928 29
0 7929 29
0 7930 30
0 7931 29
0 7932 29
0 7933 29
0 7934 29
0 7935 29
0 7936 30
0 7937 29
0 7938 29
0 7939 29
0 7940 29
0 7941 29
0 7942 29
0 7943 30
0 7944 29
0 7945 30
0 7946 29
0 7947 29
0 7948 29
0 7949 29
0 7950 29
0 7951 29
0 7952 29
0 7953 29
0 7954 29
0 7955 30
0 7956 30
0 7957 29
0 7958 29
0 7959 28
0 7960 29
0 7961 29
0 7962 29
0 7963 30
0 7964 30
0 7965 30
0 7966 30
0 7967 30
0 7968 29
0 7969 29
0 7970 29
0 7971 29
0 7972 29
0 7973 29
0 7974 29
0 7975 29
0 7976 30
0 7977 29
0 7978 29
0 7979 28
0 7980 30
0 7981 29
0 7982 29
0 7983 30
0 7984 30
0 7985 30
0 7986 29
0 7987 29
0 7988 30
0 7989 29
0 7990 30
0 7991 29
0 7992 29
0 7993 29
0 7994 29
0 7995 29
0 7996 30
0 7997 29
0 7998 29
0 7999 29
0 8000 30
0 8001 29
0 8002 29
0 8003 29
0 8004 29
0 8005 29
0 8006 29
0 8007 29
0 8008 29
0 8009 29
0 8010 30
0 8011 30
0 8012 30
0 8013 29
0 8014 29
0 8015 29
0 8016 29
0 8017 29
0 8018 29
0 8019 29
0 8020 30
0 8021 29
0 8022 29
0 8023 30
0 8024 30
0 8025 30
0 8026 29
0 8027 29
0 8028 29
0 8029 29
0 8030 29
0 8031 29
0 8032 29
0 8033 29
0 8034 29
0 8035 30
0 8036 30
0 8037 29
0 8038 30
0 8039 28
0 8040 29
0 8041 30
0 8042 29
0 8043 30
0 8044 30
0 8045 30
0 8046 30
0 8047 30
0 8048 30
0 8049 30
0 8050 29
0 8051 29
0 8052 29
0 8053 29
0 8054 30
0 8055 30
0 8056 29
0 8057 30
0 8058 30
0 8059 29
0 8060 29
0 8061 30
0 8062 30
0 8063 29
0 8064 30
0 8065 30
0 8066 30
0 8067 29
0 8068 30
0 8069 29
0 8070 29
0 8071 29
0 8072 29
0 8073 29
0 8074 29
0 8075 30
0 8076 29
0 8077 29
0 8078 30
0 8079 29
0 8080 29
0 8081 29
0 8082 29
0 8083 30
0 8084 30
0 8085 30
0 8086 30
0 8087 29
0 8088 29
0 8089 29
0 8090 30
0 8091 29
0 8092 30
0 8093 29
0 8094 29
0 8095 29
0 8096 30
0 8097 29
0 8098 29
0 8099 29
0 8100 30
0 8101 29
0 8102 29
0 8103 29
0 8104 29
0 8105 30
0 8106 29
0 8107 29
0 8108 30
0 8109 29
0 8110 30
0 8111 29
0 8112 29
0 8113 29
0 8114 29
0 8115 29
0 8116 29
0 8117 29
0 8118 29
0 8119 29
0 8120 30
0 8121 29
0 8122 29
0 8123 30
0 8124 30
0 8125 30
0 8126 30
0 8127 30
0 8128 29
0 8129 29
0 8130 29
0 8131 29
0 8132 29
0 8133 29
0 8134 29
0 8135 30
0 8136 29
0 8137 29
0 8138 30
0 8139 29
0 8140 29
0 8141 30
0 8142 30
0 8143 29
0 8144 30
0 8145 29
0 8146 30
0 8147 30
0 8148 29
0 8149 29
0 8150 29
0 8151 29
0 8152 30
0 8153 30
0 8154 30
0 8155 29
0 8156 29
0 8157 30
0 8158 30
0 8159 29
0 8160 29
0 8161 31
0 8162 30
0 8163 30
0 8164 30
0 8165 30
0 8166 30
0 8167 30
0 8168 30
0 8169 29
0 8170 29
0 8171 29
0 8172 29
0 8173 29
0 8174 29
0 8175 30
0 8176 29
0 8177 29
0 8178 30
0 8179 28
0 8180 29
0 8181 29
0 8182 29
0 8183 30
0 8184 30
0 8185 30
0 8186 30
0 8187 29
0 8188 29
0 8189 29
0 8190 29
0 8191 29
0 8192 29
0 8193 29
0 8194 29
0 8195 29
0 8196 29
0 8197 29
0 8198 29
0 8199 28
0 8200 30
0 8201 29
0 8202 29
0 8203 30
0 8204 29
0 8205 29
0 8206 29
0 8207 29
0 8208 29
0 8209 29
0 8210 29
0 8211 29
0 8212 29
0 8213 29
0 8214 29
0 8215 30
0 8216 29
0 8217 29
0 8218 30
0 8219 28
0 8220 29
0 8221 29
0 8222 29
0 8223 30
0 8224 30
0 8225 30
0 8226 30
0 8227 30
0 8228 29
0 8229 29
0 8230 29
0 8231 29
0 8232 29
0 8233 30
0 8234 30
0 8235 30
0 8236 29
0 8237 30
0 8238 30
0 8239 29
0 8240 30
0 8241 31
0 8242 29
0 8243 29
0 8244 30
0 8245 29
0 8246 30
0 8247 30
0 8248 30
0 8249 30
0 8250 30
0 8251 30
0 8252 30
0 8253 30
0 8254 30
0 8255 30
0 8256 30
0 8257 30
0 8258 30
0 8259 28
0 8260 29
0 8261 29
0 8262 29
0 8263 30
0 8264 30
0 8265 29
0 8266 29
0 8267 30
0 8268 30
0 8269 29
0 8270 29
0 8271 29
0 8272 29
0 8273 30
0 8274 30
0 8275 30
0 8276 29
0 8277 29
0 8278 30
0 8279 29
0 8280 29
0 8281 30
0 8282 30
0 8283 30
0 8284 30
0 8285 30
0 8286 30
0 8287 30
0 8288 29
0 8289 29
0 8290 29
0 8291 29
0 8292 29
0 8293 29
0 8294 29
0 8295 30
0 8296 30
0 8297 29
0 8298 29
0 8299 29
0 8300 29
0 8301 29
0 8302 30
0 8303 30
0 8304 30
0 8305 30
0 8306 30
0 8307 30
0 8308 29
0 8309 29
0 8310 29
0 8311 29
0 8312 29
0 8313 29
0 8314 29
0 8315 30
0 8316 29
0 8317 29
0 8318 30
0 8319 29
0 8320 29
0 8321 30
0 8322 29
0 8323 30
0 8324 30
0 8325 30
0 8326 30
0 8327 30
0 8328 30
0 8329 29
0 8330 29
0 8331 29
0 8332 29
0 8333 30
0 8334 30
0 8335 30
0 8336 30
0 8337 30
0 8338 30
0 8339 29
0 8340 30
0 8341 31
0 8342 29
0 8343 30
0 8344 30
0 8345 30
0 8346 29
0 8347 29
0 8348 30
0 8349 30
0 8350 30
0 8351 30
0 8352 30
0 8353 30
0 8354 30
0 8355 29
0 8356 30
0 8357 30
0 8358 30
0 8359 29
0 8360 29
0 8361 31
0 8362 29
0 8363 30
0 8364 30
0 8365 29
0 8366 29
0 8367 30
0 8368 30
0 8369 30
0 8370 29
0 8371 30
0 8372 30
0 8373 30
0 8374 30
0 8375 29
0 8376 29
0 8377 30
0 8378 30
0 8379 29
0 8380 29
0 8381 30
0 8382 29
0 8383 29
0 8384 29
0 8385 29
0 8386 30
0 8387 30
0 8388 29
0 8389 29
0 8390 29
0 8391 29
0 8392 29
0 8393 29
0 8394 30
0 8395 30
0 8396 29
0 8397 29
0 8398 30
0 8399 29
0 8400 29
0 8401 30
0 8402 29
0 8403 30
0 8404 30
0 8405 30
0 8406 30
0 8407 30
0 8408 30
0 8409 29
0 8410 29
0 8411 29
0 8412 29
0 8413 30
0 8414 30
0 8415 30
0 8416 29
0 8417 30
0 8418 30
0 8419 29
0 8420 29
0 8421 30
0 8422 29
0 8423 29
0 8424 29
0 8425 30
0 8426 29
0 8427 30
0 8428 30
0 8429 30
0 8430 30
0 8431 30
0 8432 30
0 8433 29
0 8434 29
0 8435 30
0 8436 30
0 8437 30
0 8438 30
0 8439 29
0 8440 30
0 8441 31
0 8442 30
0 8443 30
0 8444 30
0 8445 30
0 8446 30
0 8447 29
0 8448 29
0 8449 30
0 8450 30
0 8451 30
0 8452 30
0 8453 29
0 8454 30
0 8455 30
0 8456 29
0 8457 30
0 8458 30
0 8459 29
0 8460 29
0 8461 31
0 8462 29
0 8463 30
0 8464 30
0 8465 29
0 8466 30
0 8467 30
0 8468 30
0 8469 30
0 8470 30
0 8471 30
0 8472 30
0 8473 30
0 8474 30
0 8475 29
0 8476 29
0 8477 30
0 8478 30
0 8479 29
0 8480 29
0 8481 30
0 8482 30
0 8483 30
0 8484 30
0 8485 30
0 8486 30
0 8487 30
0 8488 30
0 8489 29
0 8490 29
0 8491 29
0 8492 29
0 8493 30
0 8494 30
0 8495 30
0 8496 29
0 8497 30
0 8498 30
0 8499 29
0 8500 29
0 8501 30
0 8502 30
0 8503 29
0 8504 29
0 8505 29
0 8506 30
0 8507 30
0 8508 30
0 8509 30
0 8510 29
0 8511 30
0 8512 30
0 8513 30
0 8514 30
0 8515 30
0 8516 29
0 8517 30
0 8518 30
0 8519 29
0 8520 30
0 8521 31
0 8522 29
0 8523 29
0 8524 29
0 8525 29
0 8526 29
0 8527 29
0 8528 30
0 8529 30
0 8530 30
0 8531 30
0 8532 30
0 8533 30
0 8534 29
0 8535 30
0 8536 30
0 8537 30
0 8538 30
0 8539 30
0 8540 30
0 8541 31
0 8542 30
0 8543 30
0 8544 30
0 8545 30
0 8546 29
0 8547 29
0 8548 29
0 8549 30
0 8550 30
0 8551 30
0 8552 30
0 8553 29
0 8554 29
0 8555 30
0 8556 30
0 8557 30
0 8558 30
0 8559 29
0 8560 29
0 8561 31
0 8562 29
0 8563 29
0 8564 29
0 8565 29
0 8566 29
0 8567 30
0 8568 30
0 8569 30
0 8570 30
0 8571 30
0 8572 30
0 8573 30
0 8574 30
0 8575 30
0 8576 30
0 8577 30
0 8578 30
0 8579 28
0 8580 29
0 8581 29
0 8582 29
0 8583 29
0 8584 30
0 8585 29
0 8586 30
0 8587 30
0 8588 29
0 8589 29
0 8590 29
0 8591 29
0 8592 29
0 8593 30
0 8594 30
0 8595 30
0 8596 29
0 8597 29
0 8598 30
0 8599 29
0 8600 29
0 8601 31
0 8602 29
0 8603 29
0 8604 30
0 8605 29
0 8606 30
0 8607 30
0 8608 30
0 8609 30
0 8610 30
0 8611 30
0 8612 30
0 8613 30
0 8614 30
0 8615 30
0 8616 30
0 8617 30
0 8618 30
0 8619 29
0 8620 30
0 8621 31
0 8622 30
0 8623 30
0 8624 30
0 8625 30
0 8626 29
0 8627 29
0 8628 30
0 8629 30
0 8630 30
0 8631 30
0 8632 29
0 8633 30
0 8634 30
0 8635 30
0 8636 30
0 8637 29
0 8638 30
0 8639 30
0 8640 29
0 8641 30
0 8642 29
0 8643 30
0 8644 30
0 8645 30
0 8646 30
0 8647 30
0 8648 29
0 8649 29
0 8650 30
0 8651 30
0 8652 30
0 8653 29
0 8654 29
0 8655 30
0 8656 30
0 8657 30
0 8658 30
0 8659 29
0 8660 30
0 8661 31
0 8662 30
0 8663 30
0 8664 30
0 8665 30
0 8666 29
0 8667 30
0 8668 30
0 8669 30
0 8670 30
0 8671 30
0 8672 30
0 8673 30
0 8674 30
0 8675 29
0 8676 29
0 8677 29
0 8678 30
0 8679 29
0 8680 29
0 8681 31
0 8682 29
0 8683 29
0 8684 30
0 8685 29
0 8686 29
0 8687 30
0 8688 30
0 8689 30
0 8690 30
0 8691 30
0 8692 30
0 8693 30
0 8694 30
0 8695 30
0 8696 30
0 8697 30
0 8698 30
0 8699 29
0 8700 29
0 8701 31
0 8702 29
0 8703 30
0 8704 30
0 8705 30
0 8706 30
0 8707 30
0 8708 29
0 8709 29
0 8710 29
0 8711 30
0 8712 30
0 8713 30
0 8714 30
0 8715 30
0 8716 30
0 8717 30
0 8718 29
0 8719 29
0 8720 30
0 8721 31
0 8722 30
0 8723 30
0 8724 30
0 8725 30
0 8726 29
0 8727 29
0 8728 29
0 8729 29
0 8730 29
0 8731 29
0 8732 30
0 8733 30
0 8734 30
0 8735 30
0 8736 29
0 8737 29
0 8738 30
0 8739 30
0 8740 29
0 8741 31
0 8742 30
0 8743 30
0 8744 30
0 8745 30
0 8746 30
0 8747 29
0 8748 29
0 8749 30
0 8750 30
0 8751 30
0 8752 29
0 8753 30
0 8754 29
0 8755 30
0 8756 30
0 8757 30
0 8758 30
0 8759 29
0 8760 30
0 8761 31
0 8762 30
0 8763 30
0 8764 30
0 8765 30
0 8766 29
0 8767 29
0 8768 30
0 8769 30
0 8770 30
0 8771 30
0 8772 29
0 8773 29
0 8774 30
0 8775 29
0 8776 29
0 8777 30
0 8778 30
0 8779 29
0 8780 29
0 8781 31
0 8782 30
0 8783 30
0 8784 30
0 8785 30
0 8786 29
0 8787 30
0 8788 30
0 8789 30
0 8790 30
0 8791 30
0 8792 30
0 8793 30
0 8794 30
0 8795 29
0 8796 30
0 8797 30
0 8798 29
0 8799 29
0 8800 29
0 8801 31
0 8802 29
0 8803 29
0 8804 30
0 8805 29
0 8806 29
0 8807 29
0 8808 30
0 8809 30
0 8810 30
0 8811 30
0 8812 30
0 8813 30
0 8814 29
0 8815 30
0 8816 30
0 8817 29
0 8818 30
0 8819 29
0 8820 30
0 8821 31
0 8822 30
0 8823 30
0 8824 30
0 8825 31
0 8826 30
0 8827 30
0 8828 29
0 8829 29
0 8830 29
0 8831 29
0 8832 30
0 8833 30
0 8834 29
0 8835 30
0 8836 30
0 8837 30
0 8838 29
0 8839 30
0 8840 30
0 8841 30
0 8842 31
0 8843 30
0 8844 30
0 8845 30
0 8846 30
0 8847 30
0 8848 29
0 8849 29
0 8850 30
0 8851 29
0 8852 30
0 8853 29
0 8854 29
0 8855 30
0 8856 30
0 8857 29
0 8858 30
0 8859 30
0 8860 29
0 8861 31
0 8862 30
0 8863 30
0 8864 30
0 8865 30
0 8866 29
0 8867 29
0 8868 30
0 8869 30
0 8870 30
0 8871 30
0 8872 30
0 8873 30
0 8874 30
0 8875 29
0 8876 29
0 8877 30
0 8878 30
0 8879 29
0 8880 30
0 8881 31
0 8882 29
0 8883 29
0 8884 29
0 8885 29
0 8886 29
0 8887 29
0 8888 30
0 8889 30
0 8890 30
0 8891 30
0 8892 30
0 8893 30
0 8894 30
0 8895 30
0 8896 30
0 8897 30
0 8898 30
0 8899 29
0 8900 29
0 8901 31
0 8902 29
0 8903 30
0 8904 30
0 8905 30
0 8906 29
0 8907 29
0 8908 29
0 8909 30
0 8910 30
0 8911 30
0 8912 30
0 8913 30
0 8914 29
0 8915 30
0 8916 30
0 8917 30
0 8918 30
0 8919 30
0 8920 29
0 8921 31
0 8922 31
0 8923 30
0 8924 30
0 8925 31
0 8926 30
0 8927 30
0 8928 30
0 8929 30
0 8930 29
0 8931 29
0 8932 30
0 8933 30
0 8934 30
0 8935 31
0 8936 29
0 8937 29
0 8938 29
0 8939 30
0 8940 29
0 8941 30
0 8942 30
0 8943 31
0 8944 30
0 8945 31
0 8946 29
0 8947 29
0 8948 29
0 8949 29
0 8950 29
0 8951 29
0 8952 30
0 8953 30
0 8954 29
0 8955 30
0 8956 30
0 8957 30
0 8958 30
0 8959 30
0 8960 29
0 8961 31
0 8962 29
0 8963 29
0 8964 30
0 8965 30
0 8966 30
0 8967 30
0 8968 30
0 8969 30
0 8970 30
0 8971 30
0 8972 30
0 8973 30
0 8974 30
0 8975 30
0 8976 30
0 8977 30
0 8978 29
0 8979 29
0 8980 29
0 8981 30
0 8982 30
0 8983 30
0 8984 30
0 8985 30
0 8986 29
0 8987 29
0 8988 30
0 8989 30
0 8990 30
0 8991 30
0 8992 30
0 8993 30
0 8994 30
0 8995 29
0 8996 30
0 8997 30
0 8998 30
0 8999 29
0 9000 30
0 9001 31
0 9002 29
0 9003 30
0 9004 30
0 9005 30
0 9006 30
0 9007 29
0 9008 29
0 9009 29
0 9010 29
0 9011 29
0 9012 30
0 9013 30
0 9014 29
0 9015 30
0 9016 30
0 9017 29
0 9018 30
0 9019 30
0 9020 29
0 9021 30
0 9022 31
0 9023 30
0 9024 31
0 9025 31
0 9026 29
0 9027 29
0 9028 30
0 9029 30
0 9030 29
0 9031 30
0 9032 30
0 9033 30
0 9034 30
0 9035 30
0 9036 29
0 9037 29
0 9038 29
0 9039 30
0 9040 29
0 9041 30
0 9042 30
0 9043 30
0 9044 30
0 9045 30
0 9046 30
0 9047 30
0 9048 30
0 9049 29
0 9050 29
0 9051 29
0 9052 29
0 9053 29
0 9054 29
0 9055 30
0 9056 30
0 9057 29
0 9058 30
0 9059 29
0 9060 30
0 9061 31
0 9062 29
0 9063 30
0 9064 30
0 9065 30
0 9066 29
0 9067 29
0 9068 30
0 9069 30
0 9070 30
0 9071 30
0 9072 30
0 9073 30
0 9074 30
0 9075 29
0 9076 30
0 9077 30
0 9078 30
0 9079 29
0 9080 29
0 9081 31
0 9082 29
0 9083 30
0 9084 30
0 9085 29
0 9086 29
0 9087 29
0 9088 30
0 9089 30
0 9090 29
0 9091 29
0 9092 29
0 9093 29
0 9094 30
0 9095 30
0 9096 29
0 9097 30
0 9098 30
0 9099 29
0 9100 30
0 9101 31
0 9102 30
0 9103 30
0 9104 30
0 9105 30
0 9106 29
0 9107 29
0 9108 30
0 9109 30
0 9110 30
0 9111 30
0 9112 30
0 9113 30
0 9114 29
0 9115 30
0 9116 30
0 9117 30
0 9118 30
0 9119 30
0 9120 29
0 9121 30
0 9122 30
0 9123 30
0 9124 30
0 9125 30
0 9126 30
0 9127 30
0 9128 30
0 9129 30
0 9130 29
0 9131 29
0 9132 30
0 9133 30
0 9134 30
0 9135 30
0 9136 30
0 9137 29
0 9138 30
0 9139 30
0 9140 29
0 9141 31
0 9142 30
0 9143 30
0 9144 30
0 9145 30
0 9146 30
0 9147 30
0 9148 29
0 9149 29
0 9150 29
0 9151 29
0 9152 30
0 9153 30
0 9154 29
0 9155 29
0 9156 30
0 9157 30
0 9158 30
0 9159 29
0 9160 30
0 9161 31
0 9162 30
0 9163 30
0 9164 30
0 9165 30
0 9166 29
0 9167 29
0 9168 29
0 9169 30
0 9170 30
0 9171 30
0 9172 30
0 9173 30
0 9174 30
0 9175 30
0 9176 30
0 9177 30
0 9178 29
0 9179 29
0 9180 30
0 9181 31
0 9182 30
0 9183 30
0 9184 30
0 9185 30
0 9186 29
0 9187 29
0 9188 30
0 9189 30
0 9190 30
0 9191 30
0 9192 30
0 9193 29
0 9194 29
0 9195 29
0 9196 30
0 9197 30
0 9198 30
0 9199 29
0 9200 29
0 9201 31
0 9202 30
0 9203 30
0 9204 30
0 9205 30
0 9206 30
0 9207 29
0 9208 29
0 9209 29
0 9210 29
0 9211 29
0 9212 30
0 9213 30
0 9214 30
0 9215 30
0 9216 29
0 9217 29
0 9218 30
0 9219 30
0 9220 30
0 9221 31
0 9222 30
0 9223 30
0 9224 30
0 9225 31
0 9226 30
0 9227 30
0 9228 29
0 9229 29
0 9230 29
0 9231 30
0 9232 30
0 9233 30
0 9234 30
0 9235 30
0 9236 30
0 9237 29
0 9238 30
0 9239 30
0 9240 29
0 9241 30
0 9242 31
0 9243 30
0 9244 30
0 9245 30
0 9246 30
0 9247 30
0 9248 29
0 9249 29
0 9250 29
0 9251 29
0 9252 30
0 9253 30
0 9254 29
0 9255 30
0 9256 30
0 9257 30
0 9258 30
0 9259 29
0 9260 30
0 9261 31
0 9262 30
0 9263 30
0 9264 30
0 9265 30
0 9266 29
0 9267 29
0 9268 30
0 9269 30
0 9270 30
0 9271 30
0 9272 30
0 9273 30
0 9274 29
0 9275 30
0 9276 30
0 9277 30
0 9278 29
0 9279 29
0 9280 29
0 9281 31
0 9282 29
0 9283 29
0 9284 29
0 9285 29
0 9286 29
0 9287 30
0 9288 30
0 9289 30
0 9290 30
0 9291 30
0 9292 30
0 9293 30
0 9294 29
0 9295 30
0 9296 30
0 9297 30
0 9298 30
0 9299 29
0 9300 30
0 9301 31
0 9302 30
0 9303 30
0 9304 30
0 9305 30
0 9306 30
0 9307 29
0 9308 29
0 9309 29
0 9310 29
0 9311 29
0 9312 30
0 9313 30
0 9314 29
0 9315 30
0 9316 30
0 9317 29
0 9318 30
0 9319 30
0 9320 29
0 9321 30
0 9322 31
0 9323 31
0 9324 31
0 9325 31
0 9326 30
0 9327 30
0 9328 30
0 9329 30
0 9330 29
0 9331 29
0 9332 30
0 9333 30
0 9334 30
0 9335 30
0 9336 29
0 9337 29
0 9338 29
0 9339 30
0 9340 30
0 9341 30
0 9342 31
0 9343 31
0 9344 30
0 9345 31
0 9346 29
0 9347 29
0 9348 30
0 9349 30
0 9350 30
0 9351 30
0 9352 30
0 9353 30
0 9354 29
0 9355 30
0 9356 30
0 9357 30
0 9358 30
0 9359 29
0 9360 29
0 9361 31
0 9362 29
0 9363 29
0 9364 30
0 9365 30
0 9366 29
0 9367 29
0 9368 29
0 9369 30
0 9370 30
0 9371 30
0 9372 30
0 9373 30
0 9374 29
0 9375 30
0 9376 30
0 9377 30
0 9378 30
0 9379 29
0 9380 30
0 9381 31
0 9382 30
0 9383 30
0 9384 30
0 9385 30
0 9386 29
0 9387 29
0 9388 30
0 9389 30
0 9390 30
0 9391 30
0 9392 30
0 9393 30
0 9394 29
0 9395 30
0 9396 30
0 9397 30
0 9398 30
0 9399 30
0 9400 29
0 9401 30
0 9402 31
0 9403 30
0 9404 30
0 9405 31
0 9406 30
0 9407 30
0 9408 30
0 9409 30
0 9410 29
0 9411 29
0 9412 29
0 9413 30
0 9414 30
0 9415 30
0 9416 29
0 9417 29
0 9418 30
0 9419 30
0 9420 30
0 9421 30
0 9422 31
0 9423 31
0 9424 31
0 9425 32
0 9426 30
0 9427 30
0 9428 29
0 9429 29
0 9430 29
0 9431 30
0 9432 30
0 9433 30
0 9434 30
0 9435 31
0 9436 29
0 9437 29
0 9438 30
0 9439 31
0 9440 29
0 9441 30
0 9442 30
0 9443 30
0 9444 30
0 9445 30
0 9446 30
0 9447 29
0 9448 29
0 9449 30
0 9450 30
0 9451 30
0 9452 30
0 9453 29
0 9454 29
0 9455 30
0 9456 30
0 9457 29
0 9458 30
0 9459 29
0 9460 30
0 9461 31
0 9462 30
0 9463 30
0 9464 30
0 9465 30
0 9466 29
0 9467 29
0 9468 30
0 9469 30
0 9470 30
0 9471 30
0 9472 29
0 9473 29
0 9474 30
0 9475 29
0 9476 29
0 9477 29
0 9478 30
0 9479 29
0 9480 29
0 9481 31
0 9482 30
0 9483 30
0 9484 30
0 9485 30
0 9486 29
0 9487 29
0 9488 29
0 9489 30
0 9490 30
0 9491 30
0 9492 30
0 9493 30
0 9494 29
0 9495 30
0 9496 30
0 9497 29
0 9498 30
0 9499 30
0 9500 29
0 9501 31
0 9502 30
0 9503 30
0 9504 30
0 9505 31
0 9506 30
0 9507 29
0 9508 29
0 9509 29
0 9510 29
0 9511 30
0 9512 30
0 9513 30
0 9514 30
0 9515 30
0 9516 29
0 9517 29
0 9518 29
0 9519 31
0 9520 29
0 9521 30
0 9522 31
0 9523 31
0 9524 31
0 9525 31
0 9526 31
0 9527 30
0 9528 30
0 9529 30
0 9530 29
0 9531 30
0 9532 30
0 9533 30
0 9534 30
0 9535 31
0 9536 29
0 9537 29
0 9538 30
0 9539 30
0 9540 29
0 9541 31
0 9542 30
0 9543 30
0 9544 30
0 9545 30
0 9546 30
0 9547 29
0 9548 29
0 9549 30
0 9550 30
0 9551 30
0 9552 29
0 9553 30
0 9554 29
0 9555 29
0 9556 30
0 9557 30
0 9558 30
0 9559 29
0 9560 29
0 9561 31
0 9562 29
0 9563 30
0 9564 30
0 9565 30
0 9566 29
0 9567 29
0 9568 29
0 9569 30
0 9570 30
0 9571 30
0 9572 30
0 9573 30
0 9574 30
0 9575 30
0 9576 30
0 9577 30
0 9578 30
0 9579 29
0 9580 29
0 9581 31
0 9582 30
0 9583 30
0 9584 30
0 9585 30
0 9586 29
0 9587 29
0 9588 30
0 9589 30
0 9590 30
0 9591 30
0 9592 29
0 9593 30
0 9594 29
0 9595 30
0 9596 30
0 9597 29
0 9598 30
0 9599 30
0 9600 29
0 9601 31
0 9602 29
0 9603 30
0 9604 30
0 9605 30
0 9606 29
0 9607 29
0 9608 30
0 9609 30
0 9610 29
0 9611 29
0 9612 29
0 9613 30
0 9614 30
0 9615 30
0 9616 29
0 9617 29
0 9618 30
0 9619 30
0 9620 29
0 9621 30
0 9622 31
0 9623 31
0 9624 31
0 9625 31
0 9626 30
0 9627 30
0 9628 30
0 9629 30
0 9630 30
0 9631 30
0 9632 30
0 9633 30
0 9634 30
0 9635 30
0 9636 30
0 9637 29
0 9638 30
0 9639 30
0 9640 29
0 9641 31
0 9642 30
0 9643 30
0 9644 30
0 9645 30
0 9646 30
0 9647 29
0 9648 29
0 9649 30
0 9650 30
0 9651 30
0 9652 30
0 9653 30
0 9654 30
0 9655 30
0 9656 30
0 9657 30
0 9658 30
0 9659 29
0 9660 29
0 9661 31
0 9662 30
0 9663 30
0 9664 30
0 9665 30
0 9666 29
0 9667 30
0 9668 30
0 9669 30
0 9670 30
0 9671 30
0 9672 30
0 9673 30
0 9674 29
0 9675 30
0 9676 30
0 9677 30
0 9678 29
0 9679 29
0 9680 29
0 9681 31
0 9682 30
0 9683 30
0 9684 30
0 9685 30
0 9686 30
0 9687 29
0 9688 29
0 9689 29
0 9690 30
0 9691 29
0 9692 29
0 9693 29
0 9694 29
0 9695 30
0 9696 29
0 9697 29
0 9698 30
0 9699 30
0 9700 29
0 9701 30
0 9702 30
0 9703 30
0 9704 30
0 9705 31
0 9706 30
0 9707 30
0 9708 29
0 9709 30
0 9710 29
0 9711 30
0 9712 30
0 9713 30
0 9714 30
0 9715 31
0 9716 29
0 9717 30
0 9718 29
0 9719 31
0 9720 30
0 9721 30
0 9722 31
0 9723 32
0 9724 31
0 9725 31
0 9726 30
0 9727 30
0 9728 30
0 9729 30
0 9730 29
0 9731 30
0 9732 30
0 9733 30
0 9734 29
0 9735 30
0 9736 30
0 9737 29
0 9738 30
0 9739 29
0 9740 30
0 9741 31
0 9742 30
0 9743 30
0 9744 30
0 9745 30
0 9746 29
0 9747 29
0 9748 30
0 9749 30
0 9750 30
0 9751 30
0 9752 30
0 9753 30
0 9754 29
0 9755 30
0 9756 30
0 9757 30
0 9758 30
0 9759 29
0 9760 29
0 9761 31
0 9762 29
0 9763 29
0 9764 30
0 9765 29
0 9766 29
0 9767 29
0 9768 29
0 9769 30
0 9770 30
0 9771 30
0 9772 30
0 9773 30
0 9774 29
0 9775 30
0 9776 30
0 9777 30
0 9778 30
0 9779 29
0 9780 29
0 9781 31
0 9782 30
0 9783 30
0 9784 30
0 9785 30
0 9786 30
0 9787 29
0 9788 29
0 9789 29
0 9790 29
0 9791 30
0 9792 30
0 9793 30
0 9794 29
0 9795 30
0 9796 30
0 9797 30
0 9798 30
0 9799 30
0 9800 29
0 9801 30
0 9802 31
0 9803 31
0 9804 30
0 9805 31
0 9806 30
0 9807 30
0 9808 30
0 9809 30
0 9810 29
0 9811 30
0 9812 30
0 9813 30
0 9814 30
0 9815 31
0 9816 29
0 9817 30
0 9818 30
0 9819 30
0 9820 30
0 9821 30
0 9822 31
0 9823 32
0 9824 31
0 9825 31
0 9826 30
0 9827 29
0 9828 29
0 9829 29
0 9830 29
0 9831 29
0 9832 30
0 9833 30
0 9834 30
0 9835 30
0 9836 29
0 9837 29
0 9838 30
0 9839 30
0 9840 29
0 9841 31
0 9842 30
0 9843 30
0 9844 30
0 9845 30
0 9846 29
0 9847 29
0 9848 29
0 9849 29
0 9850 30
0 9851 30
0 9852 30
0 9853 30
0 9854 29
0 9855 30
0 9856 30
0 9857 30
0 9858 30
0 9859 29
0 9860 29
0 9861 30
0 9862 29
0 9863 30
0 9864 30
0 9865 30
0 9866 29
0 9867 29
0 9868 30
0 9869 30
0 9870 30
0 9871 30
0 9872 30
0 9873 30
0 9874 30
0 9875 29
0 9876 30
0 9877 30
0 9878 30
0 9879 29
0 9880 30
0 9881 31
0 9882 30
0 9883 30
0 9884 30
0 9885 30
0 9886 30
0 9887 30
0 9888 29
0 9889 30
0 9890 30
0 9891 30
0 9892 30
0 9893 30
0 9894 29
0 9895 30
0 9896 30
0 9897 29
0 9898 30
0 9899 30
0 9900 29
0 9901 30
0 9902 31
0 9903 31
0 9904 31
0 9905 31
0 9906 30
0 9907 30
0 9908 29
0 9909 30
0 9910 29
0 9911 30
0 9912 30
0 9913 30
0 9914 30
0 9915 31
0 9916 29
0 9917 29
0 9918 30
0 9919 30
0 9920 30
0 9921 30
0 9922 31
0 9923 30
0 9924 30
0 9925 30
0 9926 30
0 9927 30
0 9928 30
0 9929 30
0 9930 29
0 9931 29
0 9932 30
0 9933 30
0 9934 30
0 9935 30
0 9936 29
0 9937 29
0 9938 30
0 9939 30
0 9940 29
0 9941 31
0 9942 30
0 9943 30
0 9944 30
0 9945 30
0 9946 29
0 9947 29
0 9948 29
0 9949 30
0 9950 30
0 9951 30
0 9952 30
0 9953 30
0 9954 29
0 9955 29
0 9956 30
0 9957 30
0 9958 30
0 9959 29
0 9960 30
0 9961 31
0 9962 30
0 9963 30
0 9964 30
0 9965 30
0 9966 29
0 9967 29
0 9968 29
0 9969 30
0 9970 30
0 9971 30
0 9972 30
0 9973 30
0 9974 30
0 9975 30
0 9976 30
0 9977 30
0 9978 30
0 9979 30
0 9980 29
0 9981 30
0 9982 30
0 9983 30
0 9984 30
0 9985 30
0 9986 29
0 9987 29
0 9988 30
0 9989 30
0 9990 30
0 9991 30
0 9992 30
0 9993 30
0 9994 30
0 9995 30
0 9996 29
0 9997 29
0 9998 30
0 9999 30
