1 0 27
1 1 27
1 2 27
1 3 27
1 4 30
1 5 29
1 6 26
1 7 26
1 8 26
1 9 26
1 10 25
1 11 28
1 12 25
1 13 29
1 14 26
1 15 30
1 16 27
1 17 30
1 18 26
1 19 27
1 20 25
1 21 28
1 22 25
1 23 28
1 24 26
1 25 29
1 26 26
1 27 28
1 28 25
1 29 27
1 30 25
1 31 27
1 32 26
1 33 29
1 34 26
1 35 27
1 36 26
1 37 29
1 38 26
1 39 29
1 40 25
1 41 28
1 42 25
1 43 29
1 44 27
1 45 29
1 46 26
1 47 29
1 48 26
1 49 27
1 50 25
1 51 28
1 52 25
1 53 27
1 54 25
1 55 27
1 56 26
1 57 27
1 58 25
1 59 27
1 60 25
1 61 27
1 62 26
1 63 29
1 64 26
1 65 28
1 66 26
1 67 27
1 68 25
1 69 28
1 70 25
1 71 27
1 72 25
1 73 27
1 74 26
1 75 27
1 76 25
1 77 27
1 78 26
1 79 29
1 80 25
1 81 28
1 82 25
1 83 27
1 84 25
1 85 27
1 86 25
1 87 28
1 88 25
1 89 28
1 90 26
1 91 28
1 92 26
1 93 28
1 94 25
1 95 27
1 96 26
1 97 28
1 98 26
1 99 29
1 100 26
1 101 29
1 102 25
1 103 27
1 104 25
1 105 27
1 106 25
1 107 28
1 108 26
1 109 28
1 110 26
1 111 28
1 112 26
1 113 28
1 114 25
1 115 28
1 116 26
1 117 29
1 118 26
1 119 29
1 120 26
1 121 29
1 122 25
1 123 27
1 124 25
1 125 27
1 126 25
1 127 27
1 128 25
1 129 28
1 130 26
1 131 29
1 132 26
1 133 28
1 134 25
1 135 28
1 136 26
1 137 28
1 138 27
1 139 29
1 140 26
1 141 28
1 142 25
1 143 27
1 144 25
1 145 27
1 146 25
1 147 27
1 148 25
1 149 28
1 150 25
1 151 28
1 152 25
1 153 28
1 154 25
1 155 27
1 156 26
1 157 28
1 158 26
1 159 29
1 160 25
1 161 28
1 162 25
1 163 27
1 164 25
1 165 28
1 166 25
1 167 28
1 168 26
1 169 29
1 170 26
1 171 29
1 172 26
1 173 29
1 174 26
1 175 28
1 176 26
1 177 29
1 178 27
1 179 28
1 180 26
1 181 29
1 182 26
1 183 28
1 184 26
1 185 29
1 186 27
1 187 29
1 188 26
1 189 28
1 190 26
1 191 28
1 192 26
1 193 28
1 194 26
1 195 29
1 196 26
1 197 28
1 198 26
1 199 29
1 200 26
1 201 28
1 202 26
1 203 29
1 204 26
1 205 29
1 206 26
1 207 28
1 208 26
1 209 28
1 210 26
1 211 29
1 212 26
1 213 28
1 214 26
1 215 29
1 216 26
1 217 29
1 218 26
1 219 29
1 220 26
1 221 28
1 222 26
1 223 29
1 224 25
1 225 29
1 226 26
1 227 28
1 228 26
1 229 29
1 230 26
1 231 28
1 232 26
1 233 28
1 234 26
1 235 29
1 236 26
1 237 28
1 238 26
1 239 29
1 240 26
1 241 28
1 242 26
1 243 29
1 244 26
1 245 29
1 246 26
1 247 29
1 248 26
1 249 28
1 250 26
1 251 28
1 252 26
1 253 28
1 254 26
1 255 29
1 256 26
1 257 28
1 258 26
1 259 29
1 260 26
1 261 28
1 262 26
1 263 29
1 264 26
1 265 28
1 266 26
1 267 29
1 268 26
1 269 29
1 270 25
1 271 29
1 272 26
1 273 29
1 274 26
1 275 29
1 276 26
1 277 29
1 278 26
1 279 30
1 280 26
1 281 29
1 282 26
1 283 29
1 284 26
1 285 29
1 286 26
1 287 29
1 288 26
1 289 29
1 290 26
1 291 29
1 292 26
1 293 29
1 294 26
1 295 29
1 296 26
1 297 29
1 298 26
1 299 30
1 300 25
1 301 30
1 302 26
1 303 29
1 304 26
1 305 29
1 306 26
1 307 29
1 308 26
1 309 30
1 310 25
1 311 30
1 312 25
1 313 29
1 314 26
1 315 29
1 316 26
1 317 30
1 318 25
1 319 30
1 320 25
1 321 30
1 322 26
1 323 29
1 324 26
1 325 29
1 326 26
1 327 29
1 328 26
1 329 30
1 330 26
1 331 30
1 332 26
1 333 29
1 334 26
1 335 29
1 336 26
1 337 29
1 338 25
1 339 30
1 340 25
1 341 30
1 342 26
1 343 29
1 344 26
1 345 29
1 346 26
1 347 29
1 348 26
1 349 29
1 350 26
1 351 29
1 352 26
1 353 29
1 354 26
1 355 29
1 356 25
1 357 30
1 358 26
1 359 29
1 360 25
1 361 30
1 362 26
1 363 29
1 364 25
1 365 29
1 366 26
1 367 29
1 368 26
1 369 30
1 370 26
1 371 29
1 372 26
1 373 30
1 374 25
1 375 30
1 376 26
1 377 29
1 378 26
1 379 28
1 380 26
1 381 30
1 382 25
1 383 30
1 384 25
1 385 30
1 386 26
1 387 28
1 388 26
1 389 28
1 390 26
1 391 28
1 392 26
1 393 29
1 394 26
1 395 30
1 396 26
1 397 28
1 398 26
1 399 28
1 400 26
1 401 29
1 402 26
1 403 30
1 404 26
1 405 29
1 406 26
1 407 28
1 408 26
1 409 28
1 410 26
1 411 28
1 412 26
1 413 29
1 414 26
1 415 30
1 416 26
1 417 28
1 418 26
1 419 28
1 420 26
1 421 30
1 422 25
1 423 30
1 424 26
1 425 30
1 426 26
1 427 29
1 428 26
1 429 28
1 430 26
1 431 28
1 432 26
1 433 30
1 434 25
1 435 30
1 436 26
1 437 29
1 438 26
1 439 28
1 440 26
1 441 30
1 442 25
1 443 30
1 444 25
1 445 30
1 446 25
1 447 29
1 448 26
1 449 28
1 450 26
1 451 28
1 452 26
1 453 29
1 454 26
1 455 30
1 456 26
1 457 28
1 458 26
1 459 28
1 460 26
1 461 30
1 462 26
1 463 30
1 464 25
1 465 29
1 466 26
1 467 28
1 468 26
1 469 28
1 470 26
1 471 28
1 472 26
1 473 28
1 474 26
1 475 28
1 476 26
1 477 28
1 478 26
1 479 27
1 480 26
1 481 28
1 482 26
1 483 28
1 484 26
1 485 28
1 486 26
1 487 28
1 488 26
1 489 27
1 490 26
1 491 27
1 492 26
1 493 27
1 494 26
1 495 28
1 496 26
1 497 27
1 498 25
1 499 27
1 500 26
1 501 27
1 502 26
1 503 28
1 504 26
1 505 28
1 506 26
1 507 28
1 508 26
1 509 27
1 510 26
1 511 27
1 512 26
1 513 27
1 514 26
1 515 28
1 516 26
1 517 27
1 518 25
1 519 27
1 520 26
1 521 27
1 522 26
1 523 28
1 524 26
1 525 28
1 526 26
1 527 28
1 528 26
1 529 27
1 530 26
1 531 27
1 532 26
1 533 28
1 534 26
1 535 28
1 536 26
1 537 28
1 538 25
1 539 27
1 540 26
1 541 27
1 542 26
1 543 29
1 544 26
1 545 29
1 546 26
1 547 28
1 548 26
1 549 27
1 550 26
1 551 27
1 552 26
1 553 27
1 554 26
1 555 28
1 556 26
1 557 27
1 558 25
1 559 27
1 560 26
1 561 27
1 562 26
1 563 28
1 564 26
1 565 28
1 566 26
1 567 27
1 568 26
1 569 27
1 570 25
1 571 27
1 572 25
1 573 27
1 574 26
1 575 27
1 576 26
1 577 27
1 578 24
1 579 28
1 580 24
1 581 27
1 582 25
1 583 27
1 584 26
1 585 27
1 586 26
1 587 27
1 588 25
1 589 27
1 590 24
1 591 27
1 592 25
1 593 27
1 594 24
1 595 27
1 596 25
1 597 28
1 598 24
1 599 27
1 600 24
1 601 27
1 602 25
1 603 27
1 604 26
1 605 27
1 606 26
1 607 27
1 608 25
1 609 27
1 610 24
1 611 27
1 612 24
1 613 27
1 614 25
1 615 27
1 616 24
1 617 27
1 618 24
1 619 27
1 620 25
1 621 27
1 622 26
1 623 27
1 624 26
1 625 27
1 626 26
1 627 27
1 628 26
1 629 27
1 630 24
1 631 27
1 632 26
1 633 27
1 634 26
1 635 27
1 636 26
1 637 27
1 638 25
1 639 27
1 640 25
1 641 27
1 642 26
1 643 27
1 644 26
1 645 27
1 646 26
1 647 27
1 648 26
1 649 27
1 650 24
1 651 27
1 652 25
1 653 27
1 654 26
1 655 27
1 656 24
1 657 27
1 658 25
1 659 27
1 660 24
1 661 27
1 662 26
1 663 27
1 664 26
1 665 27
1 666 25
1 667 27
1 668 24
1 669 27
1 670 24
1 671 26
1 672 24
1 673 27
1 674 24
1 675 27
1 676 24
1 677 28
1 678 26
1 679 28
1 680 25
1 681 28
1 682 24
1 683 27
1 684 24
1 685 27
1 686 24
1 687 27
1 688 24
1 689 27
1 690 24
1 691 27
1 692 24
1 693 27
1 694 24
1 695 27
1 696 24
1 697 28
1 698 26
1 699 27
1 700 24
1 701 27
1 702 24
1 703 27
1 704 25
1 705 27
1 706 24
1 707 28
1 708 24
1 709 28
1 710 24
1 711 27
1 712 24
1 713 27
1 714 23
1 715 27
1 716 24
1 717 28
1 718 24
1 719 28
1 720 25
1 721 27
1 722 24
1 723 27
1 724 26
1 725 27
1 726 26
1 727 27
1 728 24
1 729 27
1 730 25
1 731 27
1 732 24
1 733 27
1 734 25
1 735 27
1 736 25
1 737 27
1 738 25
1 739 27
1 740 23
1 741 27
1 742 26
1 743 27
1 744 26
1 745 27
1 746 25
1 747 27
1 748 24
1 749 27
1 750 24
1 751 27
1 752 23
1 753 26
1 754 25
1 755 27
1 756 24
1 757 28
1 758 25
1 759 28
1 760 24
1 761 27
1 762 24
1 763 27
1 764 24
1 765 27
1 766 24
1 767 27
1 768 24
1 769 28
1 770 26
1 771 27
1 772 26
1 773 28
1 774 25
1 775 27
1 776 26
1 777 27
1 778 25
1 779 27
1 780 25
1 781 27
1 782 24
1 783 27
1 784 24
1 785 27
1 786 24
1 787 27
1 788 26
1 789 27
1 790 26
1 791 28
1 792 25
1 793 27
1 794 24
1 795 27
1 796 26
1 797 27
1 798 26
1 799 27
1 800 25
1 801 27
1 802 24
1 803 27
1 804 24
1 805 27
1 806 24
1 807 28
1 808 26
1 809 28
1 810 26
1 811 27
1 812 25
1 813 27
1 814 24
1 815 27
1 816 25
1 817 27
1 818 25
1 819 27
1 820 25
1 821 27
1 822 24
1 823 27
1 824 24
1 825 27
1 826 24
1 827 27
1 828 24
1 829 27
1 830 24
1 831 27
1 832 24
1 833 27
1 834 24
1 835 27
1 836 25
1 837 28
1 838 26
1 839 28
1 840 24
1 841 27
1 842 24
1 843 27
1 844 24
1 845 27
1 846 25
1 847 27
1 848 24
1 849 28
1 850 25
1 851 28
1 852 25
1 853 27
1 854 24
1 855 27
1 856 26
1 857 27
1 858 25
1 859 27
1 860 25
1 861 27
1 862 25
1 863 27
1 864 24
1 865 27
1 866 25
1 867 27
1 868 26
1 869 27
1 870 26
1 871 27
1 872 26
1 873 27
1 874 26
1 875 27
1 876 26
1 877 27
1 878 25
1 879 26
1 880 25
1 881 27
1 882 24
1 883 27
1 884 24
1 885 28
1 886 26
1 887 27
1 888 26
1 889 27
1 890 26
1 891 27
1 892 26
1 893 27
1 894 26
1 895 27
1 896 26
1 897 27
1 898 25
1 899 27
1 900 26
1 901 27
1 902 25
1 903 27
1 904 24
1 905 27
1 906 24
1 907 27
1 908 26
1 909 27
1 910 26
1 911 27
1 912 25
1 913 28
1 914 26
1 915 27
1 916 26
1 917 27
1 918 26
1 919 27
1 920 25
1 921 27
1 922 24
1 923 27
1 924 24
1 925 27
1 926 24
1 927 27
1 928 24
1 929 28
1 930 26
1 931 27
1 932 25
1 933 28
1 934 25
1 935 27
1 936 24
1 937 27
1 938 25
1 939 27
1 940 25
1 941 27
1 942 24
1 943 27
1 944 24
1 945 27
1 946 24
1 947 28
1 948 25
1 949 27
1 950 26
1 951 27
1 952 26
1 953 28
1 954 25
1 955 27
1 956 26
1 957 27
1 958 25
1 959 26
1 960 25
1 961 27
1 962 26
1 963 27
1 964 26
1 965 28
1 966 26
1 967 27
1 968 26
1 969 27
1 970 26
1 971 28
1 972 26
1 973 27
1 974 26
1 975 27
1 976 26
1 977 28
1 978 25
1 979 27
1 980 26
1 981 28
1 982 26
1 983 28
1 984 26
1 985 28
1 986 26
1 987 27
1 988 25
1 989 27
1 990 26
1 991 27
1 992 26
1 993 27
1 994 26
1 995 27
1 996 25
1 997 27
1 998 25
1 999 27
1 1000 26
1 1001 27
1 1002 26
1 1003 27
1 1004 26
1 1005 28
1 1006 26
1 1007 27
1 1008 26
1 1009 27
1 1010 26
1 1011 26
1 1012 26
1 1013 28
1 1014 26
1 1015 27
1 1016 26
1 1017 27
1 1018 25
1 1019 26
1 1020 25
1 1021 27
1 1022 24
1 1023 27
1 1024 24
1 1025 27
1 1026 26
1 1027 27
1 1028 26
1 1029 28
1 1030 26
1 1031 27
1 1032 26
1 1033 28
1 1034 26
1 1035 27
1 1036 26
1 1037 27
1 1038 25
1 1039 27
1 1040 26
1 1041 27
1 1042 26
1 1043 27
1 1044 24
1 1045 27
1 1046 25
1 1047 27
1 1048 26
1 1049 27
1 1050 26
1 1051 27
1 1052 26
1 1053 27
1 1054 26
1 1055 27
1 1056 26
1 1057 27
1 1058 25
1 1059 27
1 1060 26
1 1061 28
1 1062 26
1 1063 28
1 1064 26
1 1065 27
1 1066 26
1 1067 28
1 1068 26
1 1069 27
1 1070 25
1 1071 27
1 1072 26
1 1073 27
1 1074 26
1 1075 27
1 1076 25
1 1077 27
1 1078 25
1 1079 26
1 1080 26
1 1081 28
1 1082 26
1 1083 27
1 1084 26
1 1085 28
1 1086 26
1 1087 27
1 1088 26
1 1089 27
1 1090 25
1 1091 27
1 1092 25
1 1093 27
1 1094 26
1 1095 27
1 1096 26
1 1097 28
1 1098 25
1 1099 27
1 1100 26
1 1101 28
1 1102 26
1 1103 27
1 1104 25
1 1105 28
1 1106 26
1 1107 27
1 1108 26
1 1109 27
1 1110 26
1 1111 27
1 1112 26
1 1113 27
1 1114 26
1 1115 27
1 1116 26
1 1117 27
1 1118 25
1 1119 27
1 1120 26
1 1121 27
1 1122 26
1 1123 28
1 1124 25
1 1125 28
1 1126 26
1 1127 27
1 1128 26
1 1129 27
1 1130 26
1 1131 27
1 1132 26
1 1133 28
1 1134 26
1 1135 27
1 1136 26
1 1137 27
1 1138 25
1 1139 27
1 1140 25
1 1141 27
1 1142 24
1 1143 27
1 1144 24
1 1145 27
1 1146 25
1 1147 27
1 1148 26
1 1149 27
1 1150 26
1 1151 27
1 1152 26
1 1153 27
1 1154 26
1 1155 27
1 1156 25
1 1157 27
1 1158 25
1 1159 27
1 1160 26
1 1161 28
1 1162 26
1 1163 27
1 1164 26
1 1165 27
1 1166 26
1 1167 27
1 1168 26
1 1169 27
1 1170 25
1 1171 27
1 1172 26
1 1173 27
1 1174 26
1 1175 27
1 1176 26
1 1177 27
1 1178 25
1 1179 26
1 1180 25
1 1181 26
1 1182 26
1 1183 28
1 1184 26
1 1185 27
1 1186 26
1 1187 27
1 1188 25
1 1189 27
1 1190 25
1 1191 27
1 1192 26
1 1193 27
1 1194 26
1 1195 27
1 1196 25
1 1197 27
1 1198 25
1 1199 27
1 1200 26
1 1201 28
1 1202 26
1 1203 27
1 1204 26
1 1205 27
1 1206 26
1 1207 27
1 1208 26
1 1209 27
1 1210 26
1 1211 27
1 1212 26
1 1213 27
1 1214 26
1 1215 27
1 1216 26
1 1217 27
1 1218 25
1 1219 27
1 1220 26
1 1221 28
1 1222 25
1 1223 27
1 1224 24
1 1225 27
1 1226 26
1 1227 27
1 1228 26
1 1229 27
1 1230 26
1 1231 27
1 1232 26
1 1233 27
1 1234 26
1 1235 28
1 1236 26
1 1237 27
1 1238 25
1 1239 27
1 1240 26
1 1241 27
1 1242 26
1 1243 27
1 1244 24
1 1245 27
1 1246 26
1 1247 27
1 1248 26
1 1249 27
1 1250 25
1 1251 27
1 1252 26
1 1253 27
1 1254 26
1 1255 27
1 1256 26
1 1257 27
1 1258 25
1 1259 26
1 1260 25
1 1261 27
1 1262 26
1 1263 27
1 1264 26
1 1265 27
1 1266 26
1 1267 27
1 1268 25
1 1269 27
1 1270 25
1 1271 27
1 1272 26
1 1273 27
1 1274 26
1 1275 27
1 1276 25
1 1277 27
1 1278 25
1 1279 26
1 1280 25
1 1281 26
1 1282 26
1 1283 27
1 1284 26
1 1285 28
1 1286 26
1 1287 27
1 1288 25
1 1289 27
1 1290 25
1 1291 27
1 1292 26
1 1293 27
1 1294 26
1 1295 27
1 1296 26
1 1297 27
1 1298 25
1 1299 27
1 1300 26
1 1301 27
1 1302 26
1 1303 27
1 1304 25
1 1305 28
1 1306 26
1 1307 27
1 1308 26
1 1309 27
1 1310 26
1 1311 28
1 1312 26
1 1313 27
1 1314 26
1 1315 27
1 1316 26
1 1317 27
1 1318 25
1 1319 27
1 1320 26
1 1321 27
1 1322 24
1 1323 27
1 1324 24
1 1325 27
1 1326 25
1 1327 27
1 1328 26
1 1329 27
1 1330 25
1 1331 27
1 1332 26
1 1333 28
1 1334 26
1 1335 27
1 1336 26
1 1337 27
1 1338 25
1 1339 26
1 1340 25
1 1341 27
1 1342 24
1 1343 27
1 1344 24
1 1345 28
1 1346 26
1 1347 27
1 1348 25
1 1349 27
1 1350 26
1 1351 27
1 1352 26
1 1353 27
1 1354 26
1 1355 27
1 1356 26
1 1357 28
1 1358 25
1 1359 27
1 1360 25
1 1361 28
1 1362 26
1 1363 27
1 1364 26
1 1365 27
1 1366 26
1 1367 28
1 1368 26
1 1369 27
1 1370 25
1 1371 27
1 1372 26
1 1373 27
1 1374 26
1 1375 27
1 1376 26
1 1377 27
1 1378 26
1 1379 26
1 1380 26
1 1381 27
1 1382 26
1 1383 27
1 1384 26
1 1385 27
1 1386 26
1 1387 27
1 1388 26
1 1389 27
1 1390 26
1 1391 27
1 1392 26
1 1393 27
1 1394 26
1 1395 27
1 1396 25
1 1397 27
1 1398 25
1 1399 27
1 1400 26
1 1401 28
1 1402 26
1 1403 27
1 1404 26
1 1405 28
1 1406 26
1 1407 27
1 1408 26
1 1409 28
1 1410 25
1 1411 27
1 1412 26
1 1413 27
1 1414 26
1 1415 27
1 1416 26
1 1417 27
1 1418 25
1 1419 27
1 1420 25
1 1421 27
1 1422 24
1 1423 27
1 1424 24
1 1425 27
1 1426 25
1 1427 27
1 1428 26
1 1429 27
1 1430 26
1 1431 27
1 1432 26
1 1433 28
1 1434 26
1 1435 27
1 1436 26
1 1437 27
1 1438 25
1 1439 27
1 1440 26
1 1441 27
1 1442 26
1 1443 27
1 1444 26
1 1445 27
1 1446 26
1 1447 27
1 1448 26
1 1449 28
1 1450 25
1 1451 27
1 1452 26
1 1453 27
1 1454 26
1 1455 27
1 1456 26
1 1457 27
1 1458 25
1 1459 26
1 1460 26
1 1461 26
1 1462 26
1 1463 28
1 1464 26
1 1465 27
1 1466 26
1 1467 27
1 1468 25
1 1469 27
1 1470 25
1 1471 27
1 1472 26
1 1473 26
1 1474 25
1 1475 27
1 1476 25
1 1477 27
1 1478 25
1 1479 26
1 1480 25
1 1481 28
1 1482 26
1 1483 27
1 1484 26
1 1485 27
1 1486 26
1 1487 27
1 1488 26
1 1489 27
1 1490 25
1 1491 27
1 1492 26
1 1493 27
1 1494 26
1 1495 28
1 1496 26
1 1497 28
1 1498 25
1 1499 27
1 1500 26
1 1501 28
1 1502 25
1 1503 28
1 1504 24
1 1505 27
1 1506 26
1 1507 27
1 1508 26
1 1509 27
1 1510 26
1 1511 27
1 1512 26
1 1513 28
1 1514 26
1 1515 27
1 1516 26
1 1517 27
1 1518 25
1 1519 27
1 1520 25
1 1521 27
1 1522 24
1 1523 27
1 1524 24
1 1525 27
1 1526 25
1 1527 27
1 1528 26
1 1529 27
1 1530 26
1 1531 27
1 1532 26
1 1533 28
1 1534 26
1 1535 27
1 1536 26
1 1537 27
1 1538 25
1 1539 27
1 1540 26
1 1541 28
1 1542 26
1 1543 27
1 1544 24
1 1545 28
1 1546 26
1 1547 27
1 1548 26
1 1549 27
1 1550 26
1 1551 27
1 1552 26
1 1553 27
1 1554 26
1 1555 27
1 1556 25
1 1557 27
1 1558 25
1 1559 27
1 1560 26
1 1561 28
1 1562 26
1 1563 27
1 1564 26
1 1565 27
1 1566 26
1 1567 27
1 1568 26
1 1569 27
1 1570 25
1 1571 27
1 1572 26
1 1573 27
1 1574 26
1 1575 27
1 1576 26
1 1577 27
1 1578 25
1 1579 27
1 1580 26
1 1581 26
1 1582 26
1 1583 27
1 1584 25
1 1585 28
1 1586 26
1 1587 28
1 1588 26
1 1589 27
1 1590 26
1 1591 27
1 1592 26
1 1593 27
1 1594 26
1 1595 27
1 1596 26
1 1597 27
1 1598 25
1 1599 27
1 1600 26
1 1601 27
1 1602 26
1 1603 27
1 1604 25
1 1605 27
1 1606 26
1 1607 27
1 1608 26
1 1609 27
1 1610 26
1 1611 27
1 1612 26
1 1613 28
1 1614 26
1 1615 27
1 1616 25
1 1617 27
1 1618 25
1 1619 27
1 1620 25
1 1621 27
1 1622 24
1 1623 27
1 1624 23
1 1625 27
1 1626 24
1 1627 28
1 1628 26
1 1629 27
1 1630 26
1 1631 28
1 1632 25
1 1633 28
1 1634 26
1 1635 27
1 1636 26
1 1637 27
1 1638 25
1 1639 27
1 1640 25
1 1641 27
1 1642 24
1 1643 27
1 1644 24
1 1645 27
1 1646 25
1 1647 27
1 1648 26
1 1649 27
1 1650 26
1 1651 27
1 1652 26
1 1653 27
1 1654 26
1 1655 27
1 1656 26
1 1657 27
1 1658 25
1 1659 27
1 1660 25
1 1661 27
1 1662 26
1 1663 27
1 1664 25
1 1665 27
1 1666 26
1 1667 27
1 1668 25
1 1669 27
1 1670 25
1 1671 27
1 1672 26
1 1673 27
1 1674 26
1 1675 27
1 1676 26
1 1677 28
1 1678 25
1 1679 27
1 1680 26
1 1681 28
1 1682 26
1 1683 27
1 1684 26
1 1685 28
1 1686 26
1 1687 27
1 1688 26
1 1689 27
1 1690 25
1 1691 27
1 1692 26
1 1693 28
1 1694 26
1 1695 28
1 1696 26
1 1697 27
1 1698 25
1 1699 26
1 1700 25
1 1701 27
1 1702 24
1 1703 27
1 1704 23
1 1705 27
1 1706 25
1 1707 27
1 1708 26
1 1709 27
1 1710 26
1 1711 28
1 1712 25
1 1713 27
1 1714 24
1 1715 27
1 1716 26
1 1717 27
1 1718 26
1 1719 28
1 1720 25
1 1721 27
1 1722 25
1 1723 27
1 1724 24
1 1725 26
1 1726 24
1 1727 27
1 1728 24
1 1729 28
1 1730 26
1 1731 27
1 1732 26
1 1733 28
1 1734 25
1 1735 27
1 1736 26
1 1737 27
1 1738 25
1 1739 27
1 1740 25
1 1741 27
1 1742 24
1 1743 27
1 1744 24
1 1745 27
1 1746 25
1 1747 27
1 1748 26
1 1749 27
1 1750 26
1 1751 27
1 1752 26
1 1753 28
1 1754 26
1 1755 27
1 1756 26
1 1757 28
1 1758 25
1 1759 27
1 1760 26
1 1761 28
1 1762 26
1 1763 28
1 1764 25
1 1765 27
1 1766 26
1 1767 27
1 1768 26
1 1769 27
1 1770 26
1 1771 27
1 1772 26
1 1773 27
1 1774 26
1 1775 27
1 1776 26
1 1777 27
1 1778 25
1 1779 27
1 1780 25
1 1781 27
1 1782 24
1 1783 27
1 1784 24
1 1785 27
1 1786 26
1 1787 27
1 1788 26
1 1789 27
1 1790 26
1 1791 27
1 1792 26
1 1793 27
1 1794 26
1 1795 27
1 1796 26
1 1797 27
1 1798 25
1 1799 27
1 1800 25
1 1801 27
1 1802 24
1 1803 27
1 1804 24
1 1805 26
1 1806 24
1 1807 27
1 1808 24
1 1809 27
1 1810 26
1 1811 27
1 1812 25
1 1813 27
1 1814 24
1 1815 26
1 1816 24
1 1817 28
1 1818 26
1 1819 28
1 1820 24
1 1821 27
1 1822 24
1 1823 27
1 1824 24
1 1825 27
1 1826 25
1 1827 28
1 1828 25
1 1829 27
1 1830 26
1 1831 28
1 1832 25
1 1833 27
1 1834 24
1 1835 27
1 1836 26
1 1837 27
1 1838 25
1 1839 26
1 1840 26
1 1841 27
1 1842 25
1 1843 28
1 1844 24
1 1845 27
1 1846 25
1 1847 27
1 1848 26
1 1849 28
1 1850 26
1 1851 27
1 1852 26
1 1853 28
1 1854 25
1 1855 27
1 1856 26
1 1857 27
1 1858 25
1 1859 27
1 1860 26
1 1861 27
1 1862 24
1 1863 27
1 1864 24
1 1865 27
1 1866 25
1 1867 27
1 1868 26
1 1869 27
1 1870 26
1 1871 27
1 1872 26
1 1873 28
1 1874 26
1 1875 28
1 1876 26
1 1877 27
1 1878 25
1 1879 27
1 1880 25
1 1881 27
1 1882 24
1 1883 27
1 1884 24
1 1885 27
1 1886 24
1 1887 28
1 1888 26
1 1889 27
1 1890 26
1 1891 27
1 1892 25
1 1893 28
1 1894 24
1 1895 27
1 1896 26
1 1897 27
1 1898 25
1 1899 27
1 1900 25
1 1901 27
1 1902 24
1 1903 27
1 1904 24
1 1905 27
1 1906 24
1 1907 27
1 1908 24
1 1909 27
1 1910 24
1 1911 27
1 1912 24
1 1913 27
1 1914 24
1 1915 27
1 1916 25
1 1917 28
1 1918 26
1 1919 28
1 1920 24
1 1921 27
1 1922 24
1 1923 27
1 1924 23
1 1925 26
1 1926 24
1 1927 27
1 1928 24
1 1929 28
1 1930 25
1 1931 27
1 1932 24
1 1933 27
1 1934 24
1 1935 27
1 1936 25
1 1937 27
1 1938 25
1 1939 27
1 1940 25
1 1941 27
1 1942 24
1 1943 27
1 1944 24
1 1945 27
1 1946 24
1 1947 27
1 1948 26
1 1949 27
1 1950 26
1 1951 27
1 1952 25
1 1953 28
1 1954 26
1 1955 27
1 1956 26
1 1957 27
1 1958 26
1 1959 27
1 1960 25
1 1961 27
1 1962 24
1 1963 27
1 1964 24
1 1965 27
1 1966 25
1 1967 27
1 1968 26
1 1969 27
1 1970 26
1 1971 27
1 1972 26
1 1973 27
1 1974 24
1 1975 27
1 1976 25
1 1977 27
1 1978 25
1 1979 27
1 1980 25
1 1981 27
1 1982 24
1 1983 27
1 1984 24
1 1985 26
1 1986 24
1 1987 28
1 1988 24
1 1989 27
1 1990 26
1 1991 27
1 1992 24
1 1993 27
1 1994 24
1 1995 27
1 1996 25
1 1997 28
1 1998 26
1 1999 28
1 2000 24
1 2001 27
1 2002 24
1 2003 27
1 2004 24
1 2005 27
1 2006 24
1 2007 27
1 2008 24
1 2009 27
1 2010 24
1 2011 26
1 2012 24
1 2013 27
1 2014 24
1 2015 27
1 2016 24
1 2017 27
1 2018 25
1 2019 27
1 2020 24
1 2021 27
1 2022 24
1 2023 27
1 2024 26
1 2025 27
1 2026 25
1 2027 27
1 2028 24
1 2029 27
1 2030 24
1 2031 27
1 2032 24
1 2033 27
1 2034 24
1 2035 27
1 2036 25
1 2037 27
1 2038 26
1 2039 28
1 2040 24
1 2041 27
1 2042 24
1 2043 27
1 2044 24
1 2045 27
1 2046 24
1 2047 27
1 2048 24
1 2049 27
1 2050 26
1 2051 27
1 2052 26
1 2053 28
1 2054 25
1 2055 27
1 2056 26
1 2057 27
1 2058 26
1 2059 27
1 2060 25
1 2061 27
1 2062 24
1 2063 27
1 2064 24
1 2065 27
1 2066 24
1 2067 27
1 2068 24
1 2069 28
1 2070 26
1 2071 27
1 2072 24
1 2073 27
1 2074 24
1 2075 26
1 2076 26
1 2077 28
1 2078 26
1 2079 28
1 2080 24
1 2081 27
1 2082 24
1 2083 27
1 2084 24
1 2085 27
1 2086 24
1 2087 27
1 2088 23
1 2089 26
1 2090 24
1 2091 27
1 2092 24
1 2093 26
1 2094 24
1 2095 27
1 2096 25
1 2097 29
1 2098 25
1 2099 27
1 2100 24
1 2101 26
1 2102 26
1 2103 27
1 2104 26
1 2105 27
1 2106 25
1 2107 27
1 2108 24
1 2109 27
1 2110 24
1 2111 27
1 2112 24
1 2113 27
1 2114 24
1 2115 27
1 2116 24
1 2117 28
1 2118 24
1 2119 27
1 2120 24
1 2121 27
1 2122 25
1 2123 27
1 2124 26
1 2125 27
1 2126 25
1 2127 27
1 2128 24
1 2129 28
1 2130 24
1 2131 27
1 2132 24
1 2133 27
1 2134 24
1 2135 27
1 2136 24
1 2137 28
1 2138 26
1 2139 28
1 2140 24
1 2141 27
1 2142 24
1 2143 27
1 2144 24
1 2145 27
1 2146 24
1 2147 28
1 2148 24
1 2149 28
1 2150 25
1 2151 27
1 2152 24
1 2153 27
1 2154 24
1 2155 27
1 2156 24
1 2157 27
1 2158 26
1 2159 28
1 2160 24
1 2161 27
1 2162 24
1 2163 27
1 2164 24
1 2165 27
1 2166 24
1 2167 27
1 2168 24
1 2169 27
1 2170 24
1 2171 27
1 2172 24
1 2173 26
1 2174 24
1 2175 27
1 2176 24
1 2177 28
1 2178 26
1 2179 27
1 2180 24
1 2181 27
1 2182 24
1 2183 27
1 2184 25
1 2185 27
1 2186 24
1 2187 27
1 2188 24
1 2189 27
1 2190 23
1 2191 26
1 2192 24
1 2193 27
1 2194 24
1 2195 27
1 2196 24
1 2197 28
1 2198 24
1 2199 27
1 2200 24
1 2201 27
1 2202 25
1 2203 27
1 2204 26
1 2205 27
1 2206 26
1 2207 27
1 2208 26
1 2209 27
1 2210 25
1 2211 27
1 2212 23
1 2213 27
1 2214 24
1 2215 27
1 2216 24
1 2217 27
1 2218 25
1 2219 27
1 2220 24
1 2221 27
1 2222 26
1 2223 27
1 2224 26
1 2225 27
1 2226 25
1 2227 27
1 2228 24
1 2229 27
1 2230 24
1 2231 26
1 2232 24
1 2233 27
1 2234 24
1 2235 27
1 2236 25
1 2237 27
1 2238 24
1 2239 27
1 2240 24
1 2241 27
1 2242 24
1 2243 27
1 2244 24
1 2245 27
1 2246 24
1 2247 27
1 2248 24
1 2249 27
1 2250 24
1 2251 27
1 2252 24
1 2253 27
1 2254 23
1 2255 27
1 2256 24
1 2257 28
1 2258 26
1 2259 27
1 2260 24
1 2261 27
1 2262 24
1 2263 27
1 2264 25
1 2265 27
1 2266 24
1 2267 27
1 2268 24
1 2269 27
1 2270 24
1 2271 27
1 2272 23
1 2273 26
1 2274 24
1 2275 27
1 2276 24
1 2277 28
1 2278 24
1 2279 27
1 2280 23
1 2281 27
1 2282 25
1 2283 27
1 2284 26
1 2285 27
1 2286 26
1 2287 27
1 2288 26
1 2289 27
1 2290 24
1 2291 27
1 2292 24
1 2293 27
1 2294 25
1 2295 27
1 2296 24
1 2297 27
1 2298 24
1 2299 26
1 2300 25
1 2301 27
1 2302 26
1 2303 28
1 2304 26
1 2305 27
1 2306 25
1 2307 27
1 2308 23
1 2309 27
1 2310 24
1 2311 27
1 2312 25
1 2313 27
1 2314 25
1 2315 27
1 2316 24
1 2317 27
1 2318 24
1 2319 27
1 2320 24
1 2321 27
1 2322 25
1 2323 27
1 2324 26
1 2325 27
1 2326 26
1 2327 27
1 2328 24
1 2329 27
1 2330 24
1 2331 27
1 2332 24
1 2333 27
1 2334 24
1 2335 27
1 2336 24
1 2337 27
1 2338 25
1 2339 28
1 2340 24
1 2341 27
1 2342 25
1 2343 27
1 2344 26
1 2345 27
1 2346 26
1 2347 27
1 2348 24
1 2349 27
1 2350 24
1 2351 26
1 2352 24
1 2353 27
1 2354 24
1 2355 27
1 2356 24
1 2357 26
1 2358 24
1 2359 27
1 2360 24
1 2361 27
1 2362 24
1 2363 27
1 2364 25
1 2365 27
1 2366 25
1 2367 27
1 2368 24
1 2369 27
1 2370 24
1 2371 28
1 2372 23
1 2373 26
1 2374 24
1 2375 27
1 2376 25
1 2377 27
1 2378 24
1 2379 27
1 2380 24
1 2381 27
1 2382 26
1 2383 27
1 2384 26
1 2385 27
1 2386 26
1 2387 27
1 2388 26
1 2389 27
1 2390 24
1 2391 27
1 2392 26
1 2393 27
1 2394 26
1 2395 27
1 2396 26
1 2397 27
1 2398 25
1 2399 27
1 2400 25
1 2401 27
1 2402 26
1 2403 28
1 2404 26
1 2405 27
1 2406 26
1 2407 27
1 2408 26
1 2409 27
1 2410 25
1 2411 27
1 2412 26
1 2413 27
1 2414 26
1 2415 27
1 2416 26
1 2417 27
1 2418 24
1 2419 27
1 2420 25
1 2421 27
1 2422 26
1 2423 27
1 2424 26
1 2425 27
1 2426 26
1 2427 27
1 2428 25
1 2429 27
1 2430 24
1 2431 27
1 2432 25
1 2433 27
1 2434 24
1 2435 27
1 2436 24
1 2437 28
1 2438 24
1 2439 28
1 2440 24
1 2441 27
1 2442 24
1 2443 27
1 2444 26
1 2445 27
1 2446 26
1 2447 27
1 2448 25
1 2449 27
1 2450 24
1 2451 27
1 2452 24
1 2453 27
1 2454 25
1 2455 27
1 2456 24
1 2457 27
1 2458 25
1 2459 27
1 2460 25
1 2461 27
1 2462 26
1 2463 27
1 2464 26
1 2465 27
1 2466 25
1 2467 27
1 2468 24
1 2469 27
1 2470 24
1 2471 27
1 2472 25
1 2473 27
1 2474 26
1 2475 27
1 2476 25
1 2477 27
1 2478 25
1 2479 28
1 2480 25
1 2481 27
1 2482 26
1 2483 28
1 2484 26
1 2485 28
1 2486 26
1 2487 27
1 2488 26
1 2489 27
1 2490 26
1 2491 27
1 2492 26
1 2493 27
1 2494 26
1 2495 28
1 2496 26
1 2497 27
1 2498 26
1 2499 27
1 2500 25
1 2501 27
1 2502 26
1 2503 28
1 2504 26
1 2505 28
1 2506 26
1 2507 28
1 2508 26
1 2509 27
1 2510 26
1 2511 27
1 2512 26
1 2513 27
1 2514 26
1 2515 28
1 2516 26
1 2517 27
1 2518 25
1 2519 27
1 2520 25
1 2521 27
1 2522 26
1 2523 28
1 2524 26
1 2525 28
1 2526 26
1 2527 27
1 2528 26
1 2529 27
1 2530 24
1 2531 27
1 2532 25
1 2533 27
1 2534 26
1 2535 27
1 2536 26
1 2537 27
1 2538 24
1 2539 27
1 2540 25
1 2541 27
1 2542 26
1 2543 27
1 2544 26
1 2545 27
1 2546 26
1 2547 27
1 2548 24
1 2549 27
1 2550 24
1 2551 27
1 2552 25
1 2553 27
1 2554 24
1 2555 27
1 2556 24
1 2557 27
1 2558 24
1 2559 27
1 2560 24
1 2561 27
1 2562 25
1 2563 27
1 2564 26
1 2565 27
1 2566 26
1 2567 27
1 2568 26
1 2569 27
1 2570 24
1 2571 27
1 2572 26
1 2573 27
1 2574 26
1 2575 27
1 2576 26
1 2577 27
1 2578 24
1 2579 27
1 2580 25
1 2581 27
1 2582 26
1 2583 28
1 2584 26
1 2585 28
1 2586 26
1 2587 28
1 2588 26
1 2589 27
1 2590 26
1 2591 27
1 2592 26
1 2593 28
1 2594 26
1 2595 28
1 2596 26
1 2597 27
1 2598 26
1 2599 27
1 2600 26
1 2601 28
1 2602 26
1 2603 28
1 2604 26
1 2605 28
1 2606 26
1 2607 28
1 2608 26
1 2609 27
1 2610 26
1 2611 27
1 2612 26
1 2613 27
1 2614 26
1 2615 28
1 2616 26
1 2617 27
1 2618 25
1 2619 27
1 2620 26
1 2621 27
1 2622 26
1 2623 28
1 2624 26
1 2625 28
1 2626 26
1 2627 27
1 2628 26
1 2629 27
1 2630 26
1 2631 27
1 2632 26
1 2633 27
1 2634 26
1 2635 27
1 2636 26
1 2637 27
1 2638 24
1 2639 27
1 2640 25
1 2641 27
1 2642 26
1 2643 27
1 2644 26
1 2645 27
1 2646 26
1 2647 27
1 2648 26
1 2649 27
1 2650 26
1 2651 27
1 2652 26
1 2653 27
1 2654 26
1 2655 27
1 2656 26
1 2657 27
1 2658 24
1 2659 27
1 2660 25
1 2661 27
1 2662 26
1 2663 28
1 2664 26
1 2665 28
1 2666 26
1 2667 27
1 2668 26
1 2669 27
1 2670 26
1 2671 27
1 2672 26
1 2673 27
1 2674 26
1 2675 28
1 2676 26
1 2677 27
1 2678 25
1 2679 27
1 2680 26
1 2681 27
1 2682 26
1 2683 28
1 2684 26
1 2685 28
1 2686 26
1 2687 28
1 2688 26
1 2689 27
1 2690 26
1 2691 27
1 2692 26
1 2693 27
1 2694 26
1 2695 28
1 2696 26
1 2697 27
1 2698 25
1 2699 27
1 2700 26
1 2701 28
1 2702 26
1 2703 28
1 2704 26
1 2705 28
1 2706 26
1 2707 28
1 2708 26
1 2709 27
1 2710 26
1 2711 27
1 2712 26
1 2713 28
1 2714 26
1 2715 28
1 2716 26
1 2717 27
1 2718 25
1 2719 27
1 2720 26
1 2721 27
1 2722 26
1 2723 28
1 2724 26
1 2725 28
1 2726 26
1 2727 28
1 2728 26
1 2729 27
1 2730 26
1 2731 27
1 2732 26
1 2733 27
1 2734 26
1 2735 28
1 2736 26
1 2737 27
1 2738 25
1 2739 27
1 2740 25
1 2741 27
1 2742 26
1 2743 28
1 2744 26
1 2745 28
1 2746 26
1 2747 27
1 2748 26
1 2749 27
1 2750 26
1 2751 27
1 2752 26
1 2753 27
1 2754 26
1 2755 28
1 2756 26
1 2757 27
1 2758 25
1 2759 27
1 2760 26
1 2761 27
1 2762 26
1 2763 28
1 2764 26
1 2765 28
1 2766 26
1 2767 28
1 2768 26
1 2769 27
1 2770 26
1 2771 27
1 2772 26
1 2773 27
1 2774 26
1 2775 28
1 2776 26
1 2777 27
1 2778 25
1 2779 27
1 2780 26
1 2781 28
1 2782 26
1 2783 30
1 2784 26
1 2785 28
1 2786 26
1 2787 28
1 2788 26
1 2789 27
1 2790 26
1 2791 28
1 2792 26
1 2793 28
1 2794 26
1 2795 29
1 2796 26
1 2797 28
1 2798 26
1 2799 27
1 2800 26
1 2801 28
1 2802 26
1 2803 28
1 2804 26
1 2805 29
1 2806 26
1 2807 28
1 2808 26
1 2809 28
1 2810 26
1 2811 28
1 2812 26
1 2813 28
1 2814 26
1 2815 28
1 2816 26
1 2817 27
1 2818 26
1 2819 27
1 2820 26
1 2821 27
1 2822 26
1 2823 28
1 2824 26
1 2825 28
1 2826 26
1 2827 28
1 2828 26
1 2829 27
1 2830 26
1 2831 27
1 2832 26
1 2833 27
1 2834 26
1 2835 28
1 2836 26
1 2837 27
1 2838 25
1 2839 27
1 2840 26
1 2841 27
1 2842 26
1 2843 28
1 2844 26
1 2845 28
1 2846 26
1 2847 28
1 2848 26
1 2849 27
1 2850 26
1 2851 27
1 2852 26
1 2853 27
1 2854 26
1 2855 28
1 2856 26
1 2857 27
1 2858 25
1 2859 27
1 2860 26
1 2861 27
1 2862 26
1 2863 28
1 2864 26
1 2865 28
1 2866 26
1 2867 28
1 2868 26
1 2869 27
1 2870 26
1 2871 28
1 2872 26
1 2873 28
1 2874 26
1 2875 30
1 2876 26
1 2877 28
1 2878 25
1 2879 27
1 2880 26
1 2881 29
1 2882 26
1 2883 29
1 2884 26
1 2885 29
1 2886 26
1 2887 28
1 2888 26
1 2889 28
1 2890 26
1 2891 28
1 2892 26
1 2893 28
1 2894 26
1 2895 30
1 2896 26
1 2897 28
1 2898 25
1 2899 27
1 2900 26
1 2901 29
1 2902 26
1 2903 30
1 2904 26
1 2905 30
1 2906 26
1 2907 28
1 2908 26
1 2909 28
1 2910 26
1 2911 28
1 2912 26
1 2913 28
1 2914 26
1 2915 28
1 2916 26
1 2917 27
1 2918 25
1 2919 27
1 2920 26
1 2921 28
1 2922 26
1 2923 29
1 2924 26
1 2925 29
1 2926 26
1 2927 28
1 2928 26
1 2929 27
1 2930 26
1 2931 27
1 2932 26
1 2933 27
1 2934 26
1 2935 28
1 2936 26
1 2937 27
1 2938 25
1 2939 27
1 2940 26
1 2941 27
1 2942 26
1 2943 28
1 2944 26
1 2945 28
1 2946 26
1 2947 28
1 2948 26
1 2949 27
1 2950 26
1 2951 27
1 2952 26
1 2953 27
1 2954 26
1 2955 28
1 2956 26
1 2957 27
1 2958 26
1 2959 27
1 2960 26
1 2961 28
1 2962 26
1 2963 28
1 2964 26
1 2965 28
1 2966 26
1 2967 28
1 2968 26
1 2969 28
1 2970 26
1 2971 28
1 2972 26
1 2973 28
1 2974 26
1 2975 29
1 2976 26
1 2977 28
1 2978 25
1 2979 27
1 2980 26
1 2981 29
1 2982 26
1 2983 30
1 2984 25
1 2985 30
1 2986 26
1 2987 29
1 2988 26
1 2989 28
1 2990 26
1 2991 28
1 2992 26
1 2993 30
1 2994 26
1 2995 30
1 2996 26
1 2997 28
1 2998 26
1 2999 28
1 3000 26
1 3001 30
1 3002 25
1 3003 30
1 3004 26
1 3005 30
1 3006 26
1 3007 29
1 3008 26
1 3009 28
1 3010 26
1 3011 28
1 3012 26
1 3013 28
1 3014 26
1 3015 29
1 3016 26
1 3017 28
1 3018 25
1 3019 27
1 3020 26
1 3021 28
1 3022 26
1 3023 28
1 3024 26
1 3025 29
1 3026 26
1 3027 28
1 3028 26
1 3029 27
1 3030 26
1 3031 27
1 3032 26
1 3033 28
1 3034 26
1 3035 28
1 3036 26
1 3037 28
1 3038 26
1 3039 27
1 3040 26
1 3041 28
1 3042 26
1 3043 28
1 3044 26
1 3045 28
1 3046 26
1 3047 28
1 3048 26
1 3049 28
1 3050 26
1 3051 28
1 3052 26
1 3053 28
1 3054 26
1 3055 28
1 3056 26
1 3057 28
1 3058 25
1 3059 27
1 3060 26
1 3061 29
1 3062 26
1 3063 30
1 3064 26
1 3065 30
1 3066 26
1 3067 28
1 3068 26
1 3069 28
1 3070 26
1 3071 28
1 3072 26
1 3073 28
1 3074 26
1 3075 28
1 3076 26
1 3077 28
1 3078 26
1 3079 27
1 3080 26
1 3081 30
1 3082 25
1 3083 30
1 3084 26
1 3085 30
1 3086 26
1 3087 29
1 3088 26
1 3089 28
1 3090 26
1 3091 28
1 3092 26
1 3093 30
1 3094 26
1 3095 30
1 3096 26
1 3097 28
1 3098 26
1 3099 27
1 3100 26
1 3101 29
1 3102 26
1 3103 30
1 3104 25
1 3105 30
1 3106 26
1 3107 28
1 3108 26
1 3109 28
1 3110 26
1 3111 28
1 3112 26
1 3113 28
1 3114 26
1 3115 30
1 3116 26
1 3117 28
1 3118 26
1 3119 27
1 3120 26
1 3121 29
1 3122 26
1 3123 28
1 3124 26
1 3125 28
1 3126 26
1 3127 28
1 3128 26
1 3129 28
1 3130 26
1 3131 28
1 3132 26
1 3133 28
1 3134 26
1 3135 28
1 3136 26
1 3137 28
1 3138 25
1 3139 27
1 3140 26
1 3141 27
1 3142 26
1 3143 28
1 3144 26
1 3145 29
1 3146 26
1 3147 28
1 3148 26
1 3149 28
1 3150 26
1 3151 28
1 3152 26
1 3153 28
1 3154 26
1 3155 28
1 3156 26
1 3157 28
1 3158 26
1 3159 27
1 3160 26
1 3161 29
1 3162 26
1 3163 30
1 3164 26
1 3165 30
1 3166 26
1 3167 29
1 3168 26
1 3169 28
1 3170 26
1 3171 28
1 3172 26
1 3173 29
1 3174 26
1 3175 30
1 3176 26
1 3177 28
1 3178 26
1 3179 28
1 3180 26
1 3181 30
1 3182 25
1 3183 30
1 3184 25
1 3185 30
1 3186 25
1 3187 29
1 3188 26
1 3189 29
1 3190 26
1 3191 29
1 3192 26
1 3193 30
1 3194 26
1 3195 30
1 3196 26
1 3197 29
1 3198 26
1 3199 28
1 3200 26
1 3201 29
1 3202 26
1 3203 29
1 3204 26
1 3205 30
1 3206 26
1 3207 29
1 3208 26
1 3209 28
1 3210 26
1 3211 28
1 3212 26
1 3213 28
1 3214 26
1 3215 30
1 3216 26
1 3217 28
1 3218 26
1 3219 27
1 3220 26
1 3221 29
1 3222 26
1 3223 30
1 3224 26
1 3225 29
1 3226 26
1 3227 28
1 3228 26
1 3229 28
1 3230 26
1 3231 28
1 3232 26
1 3233 28
1 3234 26
1 3235 28
1 3236 26
1 3237 28
1 3238 26
1 3239 27
1 3240 26
1 3241 29
1 3242 26
1 3243 29
1 3244 26
1 3245 30
1 3246 26
1 3247 28
1 3248 26
1 3249 28
1 3250 26
1 3251 28
1 3252 26
1 3253 28
1 3254 26
1 3255 30
1 3256 26
1 3257 28
1 3258 26
1 3259 28
1 3260 26
1 3261 30
1 3262 25
1 3263 30
1 3264 25
1 3265 30
1 3266 26
1 3267 28
1 3268 26
1 3269 28
1 3270 26
1 3271 28
1 3272 26
1 3273 30
1 3274 26
1 3275 30
1 3276 26
1 3277 29
1 3278 26
1 3279 28
1 3280 26
1 3281 30
1 3282 25
1 3283 29
1 3284 26
1 3285 29
1 3286 26
1 3287 29
1 3288 25
1 3289 30
1 3290 26
1 3291 29
1 3292 26
1 3293 30
1 3294 26
1 3295 30
1 3296 26
1 3297 29
1 3298 26
1 3299 28
1 3300 26
1 3301 30
1 3302 25
1 3303 30
1 3304 25
1 3305 30
1 3306 26
1 3307 29
1 3308 26
1 3309 28
1 3310 26
1 3311 28
1 3312 26
1 3313 28
1 3314 26
1 3315 29
1 3316 26
1 3317 28
1 3318 26
1 3319 27
1 3320 26
1 3321 29
1 3322 26
1 3323 30
1 3324 26
1 3325 29
1 3326 26
1 3327 28
1 3328 26
1 3329 28
1 3330 26
1 3331 27
1 3332 26
1 3333 27
1 3334 26
1 3335 28
1 3336 26
1 3337 28
1 3338 25
1 3339 27
1 3340 26
1 3341 29
1 3342 26
1 3343 30
1 3344 25
1 3345 30
1 3346 26
1 3347 28
1 3348 26
1 3349 28
1 3350 26
1 3351 28
1 3352 26
1 3353 30
1 3354 26
1 3355 30
1 3356 26
1 3357 29
1 3358 26
1 3359 28
1 3360 26
1 3361 30
1 3362 25
1 3363 29
1 3364 26
1 3365 30
1 3366 26
1 3367 30
1 3368 26
1 3369 28
1 3370 26
1 3371 28
1 3372 26
1 3373 30
1 3374 26
1 3375 30
1 3376 26
1 3377 28
1 3378 26
1 3379 28
1 3380 26
1 3381 30
1 3382 25
1 3383 29
1 3384 26
1 3385 29
1 3386 26
1 3387 30
1 3388 26
1 3389 29
1 3390 26
1 3391 30
1 3392 26
1 3393 30
1 3394 26
1 3395 30
1 3396 26
1 3397 29
1 3398 26
1 3399 28
1 3400 26
1 3401 30
1 3402 25
1 3403 30
1 3404 25
1 3405 30
1 3406 26
1 3407 29
1 3408 26
1 3409 28
1 3410 26
1 3411 28
1 3412 26
1 3413 29
1 3414 26
1 3415 30
1 3416 26
1 3417 28
1 3418 25
1 3419 27
1 3420 26
1 3421 29
1 3422 26
1 3423 30
1 3424 25
1 3425 30
1 3426 26
1 3427 28
1 3428 26
1 3429 28
1 3430 26
1 3431 28
1 3432 26
1 3433 28
1 3434 26
1 3435 30
1 3436 26
1 3437 28
1 3438 26
1 3439 28
1 3440 26
1 3441 29
1 3442 26
1 3443 30
1 3444 26
1 3445 30
1 3446 26
1 3447 28
1 3448 26
1 3449 28
1 3450 26
1 3451 28
1 3452 26
1 3453 30
1 3454 26
1 3455 30
1 3456 26
1 3457 29
1 3458 26
1 3459 28
1 3460 26
1 3461 29
1 3462 26
1 3463 30
1 3464 26
1 3465 30
1 3466 25
1 3467 29
1 3468 26
1 3469 29
1 3470 26
1 3471 29
1 3472 26
1 3473 30
1 3474 25
1 3475 29
1 3476 26
1 3477 29
1 3478 26
1 3479 28
1 3480 26
1 3481 30
1 3482 25
1 3483 29
1 3484 26
1 3485 29
1 3486 26
1 3487 29
1 3488 25
1 3489 29
1 3490 26
1 3491 28
1 3492 26
1 3493 30
1 3494 25
1 3495 30
1 3496 26
1 3497 29
1 3498 26
1 3499 28
1 3500 26
1 3501 30
1 3502 25
1 3503 30
1 3504 25
1 3505 30
1 3506 26
1 3507 29
1 3508 26
1 3509 28
1 3510 26
1 3511 28
1 3512 26
1 3513 29
1 3514 26
1 3515 30
1 3516 26
1 3517 28
1 3518 26
1 3519 28
1 3520 26
1 3521 29
1 3522 26
1 3523 29
1 3524 26
1 3525 29
1 3526 26
1 3527 28
1 3528 26
1 3529 28
1 3530 26
1 3531 28
1 3532 26
1 3533 28
1 3534 26
1 3535 30
1 3536 26
1 3537 28
1 3538 26
1 3539 27
1 3540 26
1 3541 30
1 3542 26
1 3543 30
1 3544 25
1 3545 30
1 3546 26
1 3547 29
1 3548 26
1 3549 28
1 3550 26
1 3551 28
1 3552 26
1 3553 30
1 3554 26
1 3555 30
1 3556 26
1 3557 29
1 3558 26
1 3559 28
1 3560 26
1 3561 30
1 3562 25
1 3563 29
1 3564 26
1 3565 29
1 3566 26
1 3567 30
1 3568 25
1 3569 30
1 3570 26
1 3571 29
1 3572 26
1 3573 30
1 3574 25
1 3575 29
1 3576 25
1 3577 30
1 3578 26
1 3579 29
1 3580 25
1 3581 30
1 3582 26
1 3583 29
1 3584 26
1 3585 29
1 3586 25
1 3587 29
1 3588 26
1 3589 28
1 3590 26
1 3591 29
1 3592 26
1 3593 30
1 3594 26
1 3595 30
1 3596 26
1 3597 29
1 3598 26
1 3599 28
1 3600 26
1 3601 30
1 3602 25
1 3603 30
1 3604 25
1 3605 30
1 3606 26
1 3607 29
1 3608 26
1 3609 28
1 3610 26
1 3611 28
1 3612 26
1 3613 30
1 3614 26
1 3615 30
1 3616 26
1 3617 28
1 3618 25
1 3619 27
1 3620 26
1 3621 29
1 3622 26
1 3623 30
1 3624 25
1 3625 30
1 3626 26
1 3627 28
1 3628 26
1 3629 28
1 3630 26
1 3631 28
1 3632 26
1 3633 28
1 3634 26
1 3635 30
1 3636 26
1 3637 28
1 3638 26
1 3639 28
1 3640 26
1 3641 29
1 3642 26
1 3643 30
1 3644 25
1 3645 30
1 3646 25
1 3647 30
1 3648 26
1 3649 28
1 3650 26
1 3651 28
1 3652 26
1 3653 30
1 3654 26
1 3655 30
1 3656 26
1 3657 29
1 3658 26
1 3659 28
1 3660 26
1 3661 30
1 3662 25
1 3663 29
1 3664 26
1 3665 29
1 3666 26
1 3667 30
1 3668 25
1 3669 29
1 3670 26
1 3671 30
1 3672 25
1 3673 30
1 3674 25
1 3675 29
1 3676 26
1 3677 30
1 3678 26
1 3679 30
1 3680 25
1 3681 30
1 3682 26
1 3683 29
1 3684 26
1 3685 30
1 3686 26
1 3687 30
1 3688 25
1 3689 30
1 3690 26
1 3691 30
1 3692 26
1 3693 30
1 3694 25
1 3695 30
1 3696 26
1 3697 29
1 3698 26
1 3699 28
1 3700 26
1 3701 30
1 3702 25
1 3703 30
1 3704 26
1 3705 29
1 3706 25
1 3707 29
1 3708 26
1 3709 29
1 3710 26
1 3711 28
1 3712 26
1 3713 30
1 3714 26
1 3715 29
1 3716 26
1 3717 28
1 3718 26
1 3719 28
1 3720 26
1 3721 30
1 3722 25
1 3723 30
1 3724 26
1 3725 30
1 3726 26
1 3727 29
1 3728 26
1 3729 28
1 3730 26
1 3731 28
1 3732 26
1 3733 30
1 3734 26
1 3735 30
1 3736 26
1 3737 29
1 3738 26
1 3739 28
1 3740 26
1 3741 30
1 3742 25
1 3743 30
1 3744 26
1 3745 29
1 3746 25
1 3747 29
1 3748 26
1 3749 29
1 3750 26
1 3751 30
1 3752 26
1 3753 30
1 3754 25
1 3755 30
1 3756 26
1 3757 30
1 3758 26
1 3759 28
1 3760 25
1 3761 30
1 3762 25
1 3763 29
1 3764 26
1 3765 29
1 3766 26
1 3767 29
1 3768 25
1 3769 30
1 3770 26
1 3771 30
1 3772 25
1 3773 30
1 3774 25
1 3775 29
1 3776 25
1 3777 29
1 3778 26
1 3779 28
1 3780 26
1 3781 30
1 3782 25
1 3783 29
1 3784 26
1 3785 29
1 3786 26
1 3787 30
1 3788 25
1 3789 30
1 3790 26
1 3791 29
1 3792 26
1 3793 30
1 3794 26
1 3795 30
1 3796 26
1 3797 29
1 3798 26
1 3799 29
1 3800 26
1 3801 30
1 3802 25
1 3803 30
1 3804 25
1 3805 30
1 3806 25
1 3807 29
1 3808 26
1 3809 28
1 3810 26
1 3811 28
1 3812 26
1 3813 29
1 3814 26
1 3815 30
1 3816 26
1 3817 28
1 3818 26
1 3819 28
1 3820 26
1 3821 29
1 3822 26
1 3823 30
1 3824 25
1 3825 30
1 3826 25
1 3827 29
1 3828 26
1 3829 28
1 3830 26
1 3831 28
1 3832 26
1 3833 30
1 3834 26
1 3835 30
1 3836 26
1 3837 29
1 3838 26
1 3839 28
1 3840 26
1 3841 30
1 3842 25
1 3843 29
1 3844 25
1 3845 30
1 3846 25
1 3847 30
1 3848 26
1 3849 29
1 3850 26
1 3851 29
1 3852 26
1 3853 30
1 3854 25
1 3855 30
1 3856 26
1 3857 29
1 3858 26
1 3859 29
1 3860 26
1 3861 30
1 3862 26
1 3863 29
1 3864 26
1 3865 29
1 3866 26
1 3867 29
1 3868 25
1 3869 30
1 3870 25
1 3871 30
1 3872 25
1 3873 30
1 3874 25
1 3875 29
1 3876 26
1 3877 30
1 3878 26
1 3879 28
1 3880 25
1 3881 30
1 3882 25
1 3883 29
1 3884 26
1 3885 29
1 3886 26
1 3887 30
1 3888 25
1 3889 30
1 3890 26
1 3891 29
1 3892 26
1 3893 30
1 3894 26
1 3895 30
1 3896 26
1 3897 29
1 3898 26
1 3899 28
1 3900 26
1 3901 30
1 3902 25
1 3903 29
1 3904 26
1 3905 30
1 3906 26
1 3907 29
1 3908 26
1 3909 28
1 3910 26
1 3911 28
1 3912 26
1 3913 30
1 3914 26
1 3915 30
1 3916 26
1 3917 28
1 3918 26
1 3919 28
1 3920 26
1 3921 29
1 3922 25
1 3923 30
1 3924 25
1 3925 30
1 3926 25
1 3927 29
1 3928 26
1 3929 28
1 3930 26
1 3931 28
1 3932 26
1 3933 30
1 3934 26
1 3935 30
1 3936 26
1 3937 29
1 3938 26
1 3939 28
1 3940 26
1 3941 30
1 3942 25
1 3943 30
1 3944 26
1 3945 29
1 3946 26
1 3947 29
1 3948 26
1 3949 29
1 3950 26
1 3951 30
1 3952 26
1 3953 30
1 3954 26
1 3955 30
1 3956 26
1 3957 29
1 3958 26
1 3959 28
1 3960 26
1 3961 30
1 3962 25
1 3963 29
1 3964 26
1 3965 29
1 3966 26
1 3967 29
1 3968 26
1 3969 30
1 3970 26
1 3971 29
1 3972 26
1 3973 30
1 3974 25
1 3975 29
1 3976 25
1 3977 30
1 3978 26
1 3979 29
1 3980 26
1 3981 30
1 3982 26
1 3983 29
1 3984 25
1 3985 29
1 3986 26
1 3987 30
1 3988 25
1 3989 30
1 3990 26
1 3991 30
1 3992 26
1 3993 30
1 3994 26
1 3995 30
1 3996 26
1 3997 29
1 3998 26
1 3999 28
1 4000 26
1 4001 30
1 4002 25
1 4003 29
1 4004 25
1 4005 30
1 4006 25
1 4007 29
1 4008 26
1 4009 28
1 4010 26
1 4011 28
1 4012 26
1 4013 30
1 4014 26
1 4015 30
1 4016 26
1 4017 28
1 4018 26
1 4019 28
1 4020 26
1 4021 30
1 4022 25
1 4023 30
1 4024 25
1 4025 30
1 4026 25
1 4027 29
1 4028 26
1 4029 28
1 4030 26
1 4031 28
1 4032 26
1 4033 30
1 4034 26
1 4035 29
1 4036 26
1 4037 29
1 4038 26
1 4039 28
1 4040 26
1 4041 30
1 4042 25
1 4043 29
1 4044 26
1 4045 29
1 4046 26
1 4047 30
1 4048 25
1 4049 30
1 4050 26
1 4051 30
1 4052 26
1 4053 30
1 4054 25
1 4055 29
1 4056 25
1 4057 30
1 4058 26
1 4059 29
1 4060 25
1 4061 30
1 4062 26
1 4063 29
1 4064 26
1 4065 29
1 4066 26
1 4067 29
1 4068 26
1 4069 30
1 4070 25
1 4071 30
1 4072 25
1 4073 29
1 4074 26
1 4075 29
1 4076 25
1 4077 30
1 4078 26
1 4079 30
1 4080 25
1 4081 30
1 4082 26
1 4083 29
1 4084 26
1 4085 29
1 4086 26
1 4087 29
1 4088 25
1 4089 30
1 4090 26
1 4091 30
1 4092 26
1 4093 30
1 4094 25
1 4095 30
1 4096 26
1 4097 29
1 4098 26
1 4099 28
1 4100 26
1 4101 30
1 4102 25
1 4103 30
1 4104 25
1 4105 30
1 4106 25
1 4107 29
1 4108 26
1 4109 28
1 4110 26
1 4111 28
1 4112 26
1 4113 30
1 4114 26
1 4115 30
1 4116 26
1 4117 29
1 4118 26
1 4119 28
1 4120 26
1 4121 30
1 4122 25
1 4123 30
1 4124 25
1 4125 30
1 4126 25
1 4127 29
1 4128 26
1 4129 28
1 4130 26
1 4131 28
1 4132 26
1 4133 30
1 4134 26
1 4135 30
1 4136 26
1 4137 29
1 4138 26
1 4139 28
1 4140 26
1 4141 30
1 4142 25
1 4143 29
1 4144 26
1 4145 29
1 4146 26
1 4147 30
1 4148 25
1 4149 30
1 4150 26
1 4151 30
1 4152 25
1 4153 30
1 4154 25
1 4155 29
1 4156 25
1 4157 30
1 4158 26
1 4159 30
1 4160 25
1 4161 30
1 4162 26
1 4163 29
1 4164 26
1 4165 29
1 4166 26
1 4167 29
1 4168 26
1 4169 30
1 4170 25
1 4171 30
1 4172 25
1 4173 30
1 4174 26
1 4175 29
1 4176 26
1 4177 30
1 4178 26
1 4179 28
1 4180 26
1 4181 30
1 4182 25
1 4183 29
1 4184 25
1 4185 29
1 4186 26
1 4187 30
1 4188 25
1 4189 30
1 4190 26
1 4191 29
1 4192 26
1 4193 30
1 4194 26
1 4195 30
1 4196 26
1 4197 29
1 4198 26
1 4199 28
1 4200 26
1 4201 30
1 4202 25
1 4203 29
1 4204 25
1 4205 30
1 4206 26
1 4207 29
1 4208 26
1 4209 28
1 4210 26
1 4211 28
1 4212 26
1 4213 30
1 4214 26
1 4215 30
1 4216 26
1 4217 29
1 4218 26
1 4219 28
1 4220 26
1 4221 30
1 4222 25
1 4223 30
1 4224 25
1 4225 30
1 4226 26
1 4227 28
1 4228 26
1 4229 28
1 4230 26
1 4231 28
1 4232 26
1 4233 30
1 4234 26
1 4235 30
1 4236 26
1 4237 29
1 4238 26
1 4239 28
1 4240 26
1 4241 30
1 4242 25
1 4243 29
1 4244 26
1 4245 29
1 4246 26
1 4247 29
1 4248 26
1 4249 30
1 4250 25
1 4251 30
1 4252 25
1 4253 30
1 4254 26
1 4255 29
1 4256 26
1 4257 30
1 4258 26
1 4259 30
1 4260 25
1 4261 30
1 4262 26
1 4263 29
1 4264 26
1 4265 29
1 4266 26
1 4267 29
1 4268 26
1 4269 30
1 4270 25
1 4271 30
1 4272 25
1 4273 30
1 4274 26
1 4275 29
1 4276 25
1 4277 30
1 4278 26
1 4279 29
1 4280 25
1 4281 30
1 4282 26
1 4283 29
1 4284 26
1 4285 29
1 4286 26
1 4287 30
1 4288 25
1 4289 30
1 4290 26
1 4291 28
1 4292 26
1 4293 30
1 4294 25
1 4295 30
1 4296 26
1 4297 29
1 4298 26
1 4299 28
1 4300 26
1 4301 30
1 4302 25
1 4303 29
1 4304 26
1 4305 30
1 4306 25
1 4307 29
1 4308 26
1 4309 28
1 4310 26
1 4311 29
1 4312 26
1 4313 30
1 4314 26
1 4315 30
1 4316 26
1 4317 28
1 4318 26
1 4319 28
1 4320 26
1 4321 30
1 4322 25
1 4323 29
1 4324 25
1 4325 30
1 4326 25
1 4327 30
1 4328 25
1 4329 29
1 4330 26
1 4331 29
1 4332 26
1 4333 30
1 4334 25
1 4335 30
1 4336 26
1 4337 29
1 4338 26
1 4339 28
1 4340 26
1 4341 30
1 4342 26
1 4343 29
1 4344 26
1 4345 29
1 4346 26
1 4347 29
1 4348 26
1 4349 30
1 4350 25
1 4351 30
1 4352 25
1 4353 30
1 4354 25
1 4355 30
1 4356 26
1 4357 30
1 4358 26
1 4359 28
1 4360 25
1 4361 30
1 4362 24
1 4363 29
1 4364 25
1 4365 29
1 4366 26
1 4367 29
1 4368 26
1 4369 30
1 4370 25
1 4371 30
1 4372 25
1 4373 30
1 4374 26
1 4375 29
1 4376 25
1 4377 30
1 4378 26
1 4379 28
1 4380 26
1 4381 30
1 4382 26
1 4383 29
1 4384 26
1 4385 29
1 4386 25
1 4387 30
1 4388 26
1 4389 29
1 4390 26
1 4391 29
1 4392 26
1 4393 30
1 4394 25
1 4395 30
1 4396 26
1 4397 29
1 4398 26
1 4399 29
1 4400 25
1 4401 30
1 4402 25
1 4403 30
1 4404 25
1 4405 30
1 4406 25
1 4407 29
1 4408 26
1 4409 29
1 4410 26
1 4411 29
1 4412 26
1 4413 30
1 4414 26
1 4415 30
1 4416 26
1 4417 29
1 4418 26
1 4419 28
1 4420 26
1 4421 30
1 4422 25
1 4423 29
1 4424 26
1 4425 29
1 4426 26
1 4427 30
1 4428 26
1 4429 30
1 4430 26
1 4431 29
1 4432 26
1 4433 30
1 4434 25
1 4435 30
1 4436 26
1 4437 29
1 4438 26
1 4439 29
1 4440 25
1 4441 30
1 4442 26
1 4443 29
1 4444 26
1 4445 29
1 4446 26
1 4447 29
1 4448 26
1 4449 30
1 4450 25
1 4451 30
1 4452 25
1 4453 30
1 4454 26
1 4455 29
1 4456 26
1 4457 30
1 4458 26
1 4459 30
1 4460 25
1 4461 30
1 4462 26
1 4463 29
1 4464 26
1 4465 29
1 4466 26
1 4467 29
1 4468 26
1 4469 30
1 4470 25
1 4471 30
1 4472 25
1 4473 30
1 4474 25
1 4475 29
1 4476 26
1 4477 30
1 4478 26
1 4479 30
1 4480 25
1 4481 30
1 4482 25
1 4483 29
1 4484 25
1 4485 30
1 4486 25
1 4487 30
1 4488 26
1 4489 29
1 4490 26
1 4491 28
1 4492 26
1 4493 30
1 4494 26
1 4495 30
1 4496 26
1 4497 29
1 4498 26
1 4499 28
1 4500 26
1 4501 30
1 4502 25
1 4503 29
1 4504 26
1 4505 29
1 4506 25
1 4507 30
1 4508 26
1 4509 29
1 4510 26
1 4511 28
1 4512 26
1 4513 30
1 4514 26
1 4515 30
1 4516 26
1 4517 29
1 4518 26
1 4519 28
1 4520 26
1 4521 30
1 4522 25
1 4523 29
1 4524 26
1 4525 29
1 4526 26
1 4527 30
1 4528 25
1 4529 29
1 4530 26
1 4531 29
1 4532 26
1 4533 30
1 4534 25
1 4535 30
1 4536 26
1 4537 29
1 4538 26
1 4539 28
1 4540 26
1 4541 30
1 4542 25
1 4543 29
1 4544 25
1 4545 29
1 4546 26
1 4547 29
1 4548 25
1 4549 30
1 4550 25
1 4551 30
1 4552 25
1 4553 29
1 4554 26
1 4555 29
1 4556 26
1 4557 29
1 4558 25
1 4559 30
1 4560 25
1 4561 30
1 4562 25
1 4563 29
1 4564 26
1 4565 29
1 4566 26
1 4567 29
1 4568 26
1 4569 30
1 4570 25
1 4571 30
1 4572 25
1 4573 30
1 4574 26
1 4575 29
1 4576 25
1 4577 29
1 4578 26
1 4579 29
1 4580 26
1 4581 30
1 4582 26
1 4583 29
1 4584 26
1 4585 29
1 4586 26
1 4587 30
1 4588 26
1 4589 30
1 4590 26
1 4591 30
1 4592 26
1 4593 30
1 4594 26
1 4595 30
1 4596 26
1 4597 29
1 4598 26
1 4599 28
1 4600 26
1 4601 30
1 4602 25
1 4603 29
1 4604 26
1 4605 29
1 4606 26
1 4607 30
1 4608 25
1 4609 29
1 4610 26
1 4611 28
1 4612 26
1 4613 28
1 4614 26
1 4615 30
1 4616 26
1 4617 29
1 4618 26
1 4619 28
1 4620 26
1 4621 30
1 4622 25
1 4623 29
1 4624 26
1 4625 29
1 4626 25
1 4627 29
1 4628 26
1 4629 29
1 4630 26
1 4631 30
1 4632 25
1 4633 30
1 4634 26
1 4635 29
1 4636 25
1 4637 30
1 4638 26
1 4639 30
1 4640 25
1 4641 30
1 4642 26
1 4643 29
1 4644 26
1 4645 29
1 4646 26
1 4647 29
1 4648 26
1 4649 29
1 4650 25
1 4651 30
1 4652 26
1 4653 29
1 4654 26
1 4655 29
1 4656 26
1 4657 29
1 4658 26
1 4659 30
1 4660 25
1 4661 30
1 4662 25
1 4663 29
1 4664 26
1 4665 29
1 4666 26
1 4667 29
1 4668 26
1 4669 30
1 4670 25
1 4671 30
1 4672 25
1 4673 30
1 4674 25
1 4675 29
1 4676 26
1 4677 29
1 4678 26
1 4679 29
1 4680 26
1 4681 30
1 4682 25
1 4683 29
1 4684 26
1 4685 29
1 4686 26
1 4687 30
1 4688 25
1 4689 29
1 4690 26
1 4691 28
1 4692 26
1 4693 30
1 4694 26
1 4695 30
1 4696 26
1 4697 29
1 4698 26
1 4699 28
1 4700 26
1 4701 30
1 4702 25
1 4703 29
1 4704 26
1 4705 29
1 4706 25
1 4707 29
1 4708 26
1 4709 28
1 4710 26
1 4711 29
1 4712 26
1 4713 30
1 4714 26
1 4715 30
1 4716 26
1 4717 29
1 4718 26
1 4719 28
1 4720 26
1 4721 30
1 4722 25
1 4723 29
1 4724 26
1 4725 29
1 4726 26
1 4727 30
1 4728 25
1 4729 30
1 4730 26
1 4731 30
1 4732 25
1 4733 30
1 4734 25
1 4735 29
1 4736 25
1 4737 30
1 4738 26
1 4739 28
1 4740 26
1 4741 30
1 4742 26
1 4743 29
1 4744 25
1 4745 29
1 4746 26
1 4747 29
1 4748 26
1 4749 30
1 4750 25
1 4751 30
1 4752 25
1 4753 30
1 4754 26
1 4755 29
1 4756 25
1 4757 30
1 4758 26
1 4759 30
1 4760 26
1 4761 30
1 4762 25
1 4763 29
1 4764 25
1 4765 29
1 4766 26
1 4767 29
1 4768 26
1 4769 30
1 4770 25
1 4771 30
1 4772 26
1 4773 30
1 4774 25
1 4775 30
1 4776 25
1 4777 29
1 4778 26
1 4779 28
1 4780 26
1 4781 30
1 4782 25
1 4783 29
1 4784 26
1 4785 29
1 4786 26
1 4787 30
1 4788 26
1 4789 30
1 4790 26
1 4791 29
1 4792 26
1 4793 30
1 4794 26
1 4795 30
1 4796 26
1 4797 29
1 4798 26
1 4799 28
1 4800 26
1 4801 30
1 4802 25
1 4803 30
1 4804 25
1 4805 30
1 4806 26
1 4807 29
1 4808 26
1 4809 29
1 4810 26
1 4811 28
1 4812 26
1 4813 30
1 4814 25
1 4815 30
1 4816 26
1 4817 29
1 4818 26
1 4819 28
1 4820 26
1 4821 30
1 4822 25
1 4823 29
1 4824 26
1 4825 29
1 4826 26
1 4827 30
1 4828 25
1 4829 30
1 4830 26
1 4831 30
1 4832 25
1 4833 30
1 4834 25
1 4835 29
1 4836 26
1 4837 30
1 4838 26
1 4839 30
1 4840 25
1 4841 30
1 4842 26
1 4843 29
1 4844 26
1 4845 29
1 4846 26
1 4847 29
1 4848 26
1 4849 29
1 4850 26
1 4851 30
1 4852 26
1 4853 29
1 4854 26
1 4855 29
1 4856 26
1 4857 29
1 4858 25
1 4859 30
1 4860 25
1 4861 30
1 4862 26
1 4863 29
1 4864 25
1 4865 29
1 4866 26
1 4867 30
1 4868 25
1 4869 29
1 4870 26
1 4871 29
1 4872 26
1 4873 30
1 4874 25
1 4875 29
1 4876 26
1 4877 29
1 4878 26
1 4879 29
1 4880 25
1 4881 30
1 4882 25
1 4883 29
1 4884 26
1 4885 29
1 4886 25
1 4887 30
1 4888 26
1 4889 29
1 4890 26
1 4891 29
1 4892 26
1 4893 30
1 4894 26
1 4895 30
1 4896 26
1 4897 29
1 4898 26
1 4899 28
1 4900 26
1 4901 30
1 4902 25
1 4903 29
1 4904 26
1 4905 29
1 4906 26
1 4907 30
1 4908 26
1 4909 30
1 4910 26
1 4911 29
1 4912 26
1 4913 30
1 4914 25
1 4915 30
1 4916 26
1 4917 29
1 4918 26
1 4919 28
1 4920 26
1 4921 30
1 4922 25
1 4923 29
1 4924 26
1 4925 29
1 4926 26
1 4927 30
1 4928 26
1 4929 30
1 4930 26
1 4931 29
1 4932 26
1 4933 30
1 4934 26
1 4935 29
1 4936 25
1 4937 30
1 4938 26
1 4939 30
1 4940 25
1 4941 30
1 4942 26
1 4943 29
1 4944 25
1 4945 29
1 4946 26
1 4947 29
1 4948 26
1 4949 30
1 4950 25
1 4951 30
1 4952 26
1 4953 29
1 4954 26
1 4955 29
1 4956 26
1 4957 29
1 4958 26
1 4959 30
1 4960 25
1 4961 30
1 4962 25
1 4963 29
1 4964 26
1 4965 29
1 4966 26
1 4967 29
1 4968 26
1 4969 30
1 4970 25
1 4971 30
1 4972 26
1 4973 30
1 4974 25
1 4975 29
1 4976 25
1 4977 29
1 4978 26
1 4979 28
1 4980 26
1 4981 30
1 4982 25
1 4983 29
1 4984 26
1 4985 29
1 4986 26
1 4987 30
1 4988 26
1 4989 29
1 4990 26
1 4991 30
1 4992 26
1 4993 30
1 4994 26
1 4995 30
1 4996 26
1 4997 28
1 4998 26
1 4999 28
1 5000 26
1 5001 30
1 5002 25
1 5003 29
1 5004 26
1 5005 29
1 5006 26
1 5007 30
1 5008 26
1 5009 30
1 5010 26
1 5011 28
1 5012 26
1 5013 30
1 5014 26
1 5015 30
1 5016 26
1 5017 29
1 5018 26
1 5019 28
1 5020 26
1 5021 30
1 5022 25
1 5023 29
1 5024 26
1 5025 29
1 5026 26
1 5027 30
1 5028 25
1 5029 30
1 5030 25
1 5031 30
1 5032 25
1 5033 30
1 5034 26
1 5035 29
1 5036 25
1 5037 30
1 5038 26
1 5039 29
1 5040 25
1 5041 30
1 5042 26
1 5043 29
1 5044 25
1 5045 29
1 5046 25
1 5047 29
1 5048 26
1 5049 29
1 5050 26
1 5051 30
1 5052 26
1 5053 29
1 5054 26
1 5055 29
1 5056 26
1 5057 30
1 5058 26
1 5059 28
1 5060 25
1 5061 30
1 5062 26
1 5063 29
1 5064 25
1 5065 29
1 5066 26
1 5067 29
1 5068 25
1 5069 30
1 5070 26
1 5071 30
1 5072 26
1 5073 30
1 5074 25
1 5075 30
1 5076 26
1 5077 29
1 5078 26
1 5079 28
1 5080 26
1 5081 30
1 5082 25
1 5083 29
1 5084 26
1 5085 29
1 5086 26
1 5087 30
1 5088 25
1 5089 30
1 5090 26
1 5091 28
1 5092 26
1 5093 30
1 5094 26
1 5095 30
1 5096 26
1 5097 29
1 5098 26
1 5099 28
1 5100 26
1 5101 30
1 5102 25
1 5103 29
1 5104 26
1 5105 29
1 5106 25
1 5107 29
1 5108 26
1 5109 29
1 5110 26
1 5111 30
1 5112 26
1 5113 30
1 5114 25
1 5115 30
1 5116 26
1 5117 29
1 5118 26
1 5119 30
1 5120 25
1 5121 30
1 5122 25
1 5123 30
1 5124 25
1 5125 30
1 5126 26
1 5127 30
1 5128 26
1 5129 30
1 5130 26
1 5131 30
1 5132 25
1 5133 30
1 5134 26
1 5135 29
1 5136 26
1 5137 30
1 5138 26
1 5139 28
1 5140 26
1 5141 30
1 5142 26
1 5143 29
1 5144 26
1 5145 29
1 5146 26
1 5147 29
1 5148 26
1 5149 29
1 5150 26
1 5151 30
1 5152 26
1 5153 30
1 5154 26
1 5155 29
1 5156 25
1 5157 30
1 5158 26
1 5159 30
1 5160 25
1 5161 30
1 5162 26
1 5163 29
1 5164 26
1 5165 29
1 5166 26
1 5167 29
1 5168 25
1 5169 30
1 5170 26
1 5171 29
1 5172 26
1 5173 30
1 5174 25
1 5175 30
1 5176 26
1 5177 29
1 5178 26
1 5179 28
1 5180 26
1 5181 30
1 5182 25
1 5183 29
1 5184 26
1 5185 29
1 5186 25
1 5187 29
1 5188 26
1 5189 28
1 5190 26
1 5191 30
1 5192 26
1 5193 30
1 5194 26
1 5195 30
1 5196 26
1 5197 29
1 5198 26
1 5199 28
1 5200 26
1 5201 30
1 5202 25
1 5203 29
1 5204 26
1 5205 29
1 5206 26
1 5207 30
1 5208 25
1 5209 30
1 5210 26
1 5211 29
1 5212 26
1 5213 30
1 5214 25
1 5215 29
1 5216 25
1 5217 29
1 5218 26
1 5219 28
1 5220 26
1 5221 30
1 5222 25
1 5223 29
1 5224 25
1 5225 29
1 5226 26
1 5227 29
1 5228 26
1 5229 30
1 5230 25
1 5231 30
1 5232 25
1 5233 29
1 5234 26
1 5235 29
1 5236 25
1 5237 29
1 5238 26
1 5239 30
1 5240 25
1 5241 30
1 5242 26
1 5243 29
1 5244 25
1 5245 29
1 5246 26
1 5247 29
1 5248 26
1 5249 29
1 5250 25
1 5251 30
1 5252 26
1 5253 30
1 5254 25
1 5255 29
1 5256 25
1 5257 30
1 5258 26
1 5259 28
1 5260 26
1 5261 30
1 5262 26
1 5263 29
1 5264 26
1 5265 29
1 5266 26
1 5267 30
1 5268 25
1 5269 30
1 5270 26
1 5271 29
1 5272 26
1 5273 30
1 5274 25
1 5275 29
1 5276 26
1 5277 29
1 5278 26
1 5279 28
1 5280 26
1 5281 30
1 5282 25
1 5283 29
1 5284 25
1 5285 30
1 5286 26
1 5287 30
1 5288 26
1 5289 29
1 5290 26
1 5291 28
1 5292 26
1 5293 30
1 5294 25
1 5295 30
1 5296 26
1 5297 29
1 5298 26
1 5299 28
1 5300 26
1 5301 30
1 5302 25
1 5303 29
1 5304 26
1 5305 29
1 5306 26
1 5307 30
1 5308 25
1 5309 30
1 5310 26
1 5311 30
1 5312 25
1 5313 30
1 5314 25
1 5315 30
1 5316 26
1 5317 30
1 5318 26
1 5319 29
1 5320 25
1 5321 30
1 5322 26
1 5323 29
1 5324 26
1 5325 29
1 5326 26
1 5327 29
1 5328 26
1 5329 30
1 5330 25
1 5331 30
1 5332 25
1 5333 30
1 5334 26
1 5335 29
1 5336 26
1 5337 29
1 5338 26
1 5339 30
1 5340 25
1 5341 29
1 5342 26
1 5343 29
1 5344 26
1 5345 29
1 5346 26
1 5347 29
1 5348 26
1 5349 30
1 5350 25
1 5351 30
1 5352 25
1 5353 29
1 5354 26
1 5355 29
1 5356 25
1 5357 30
1 5358 26
1 5359 29
1 5360 25
1 5361 30
1 5362 25
1 5363 29
1 5364 26
1 5365 29
1 5366 26
1 5367 29
1 5368 25
1 5369 30
1 5370 26
1 5371 30
1 5372 26
1 5373 30
1 5374 25
1 5375 30
1 5376 26
1 5377 29
1 5378 26
1 5379 28
1 5380 26
1 5381 30
1 5382 25
1 5383 30
1 5384 26
1 5385 30
1 5386 25
1 5387 30
1 5388 26
1 5389 29
1 5390 26
1 5391 28
1 5392 26
1 5393 30
1 5394 26
1 5395 30
1 5396 26
1 5397 29
1 5398 26
1 5399 28
1 5400 26
1 5401 30
1 5402 25
1 5403 29
1 5404 26
1 5405 29
1 5406 26
1 5407 30
1 5408 25
1 5409 30
1 5410 26
1 5411 28
1 5412 26
1 5413 30
1 5414 25
1 5415 30
1 5416 25
1 5417 29
1 5418 26
1 5419 29
1 5420 25
1 5421 30
1 5422 26
1 5423 29
1 5424 25
1 5425 29
1 5426 26
1 5427 29
1 5428 25
1 5429 30
1 5430 25
1 5431 30
1 5432 26
1 5433 29
1 5434 26
1 5435 29
1 5436 26
1 5437 29
1 5438 26
1 5439 30
1 5440 26
1 5441 30
1 5442 26
1 5443 29
1 5444 26
1 5445 29
1 5446 26
1 5447 29
1 5448 26
1 5449 30
1 5450 25
1 5451 30
1 5452 26
1 5453 30
1 5454 26
1 5455 29
1 5456 26
1 5457 30
1 5458 26
1 5459 28
1 5460 26
1 5461 30
1 5462 25
1 5463 29
1 5464 26
1 5465 29
1 5466 26
1 5467 29
1 5468 25
1 5469 30
1 5470 26
1 5471 30
1 5472 26
1 5473 30
1 5474 25
1 5475 30
1 5476 26
1 5477 29
1 5478 26
1 5479 28
1 5480 26
1 5481 30
1 5482 25
1 5483 30
1 5484 25
1 5485 30
1 5486 25
1 5487 30
1 5488 26
1 5489 29
1 5490 26
1 5491 28
1 5492 26
1 5493 30
1 5494 26
1 5495 30
1 5496 26
1 5497 29
1 5498 26
1 5499 28
1 5500 26
1 5501 30
1 5502 25
1 5503 29
1 5504 26
1 5505 29
1 5506 25
1 5507 29
1 5508 26
1 5509 30
1 5510 26
1 5511 29
1 5512 26
1 5513 30
1 5514 25
1 5515 29
1 5516 26
1 5517 29
1 5518 26
1 5519 30
1 5520 25
1 5521 30
1 5522 26
1 5523 29
1 5524 26
1 5525 29
1 5526 26
1 5527 29
1 5528 26
1 5529 30
1 5530 25
1 5531 30
1 5532 25
1 5533 30
1 5534 26
1 5535 29
1 5536 26
1 5537 29
1 5538 26
1 5539 29
1 5540 25
1 5541 30
1 5542 25
1 5543 29
1 5544 25
1 5545 29
1 5546 26
1 5547 29
1 5548 26
1 5549 30
1 5550 25
1 5551 30
1 5552 25
1 5553 29
1 5554 26
1 5555 29
1 5556 26
1 5557 30
1 5558 26
1 5559 28
1 5560 25
1 5561 30
1 5562 25
1 5563 29
1 5564 26
1 5565 29
1 5566 26
1 5567 30
1 5568 26
1 5569 30
1 5570 26
1 5571 28
1 5572 26
1 5573 30
1 5574 26
1 5575 30
1 5576 26
1 5577 29
1 5578 26
1 5579 28
1 5580 26
1 5581 30
1 5582 25
1 5583 29
1 5584 26
1 5585 30
1 5586 25
1 5587 29
1 5588 26
1 5589 29
1 5590 26
1 5591 28
1 5592 26
1 5593 30
1 5594 25
1 5595 30
1 5596 26
1 5597 29
1 5598 26
1 5599 28
1 5600 26
1 5601 30
1 5602 25
1 5603 29
1 5604 25
1 5605 30
1 5606 26
1 5607 30
1 5608 25
1 5609 30
1 5610 26
1 5611 30
1 5612 26
1 5613 30
1 5614 25
1 5615 29
1 5616 25
1 5617 30
1 5618 26
1 5619 28
1 5620 26
1 5621 30
1 5622 25
1 5623 29
1 5624 26
1 5625 29
1 5626 26
1 5627 29
1 5628 26
1 5629 30
1 5630 25
1 5631 29
1 5632 26
1 5633 29
1 5634 26
1 5635 29
1 5636 26
1 5637 30
1 5638 26
1 5639 30
1 5640 25
1 5641 30
1 5642 26
1 5643 29
1 5644 26
1 5645 29
1 5646 26
1 5647 29
1 5648 26
1 5649 30
1 5650 25
1 5651 30
1 5652 25
1 5653 30
1 5654 25
1 5655 29
1 5656 25
1 5657 29
1 5658 26
1 5659 29
1 5660 26
1 5661 30
1 5662 26
1 5663 29
1 5664 26
1 5665 29
1 5666 25
1 5667 29
1 5668 26
1 5669 28
1 5670 26
1 5671 30
1 5672 26
1 5673 30
1 5674 26
1 5675 30
1 5676 26
1 5677 29
1 5678 26
1 5679 28
1 5680 26
1 5681 30
1 5682 25
1 5683 30
1 5684 25
1 5685 30
1 5686 26
1 5687 29
1 5688 26
1 5689 28
1 5690 26
1 5691 28
1 5692 26
1 5693 30
1 5694 25
1 5695 30
1 5696 26
1 5697 29
1 5698 26
1 5699 28
1 5700 26
1 5701 30
1 5702 25
1 5703 30
1 5704 26
1 5705 29
1 5706 25
1 5707 30
1 5708 26
1 5709 29
1 5710 26
1 5711 30
1 5712 26
1 5713 30
1 5714 25
1 5715 29
1 5716 25
1 5717 30
1 5718 26
1 5719 29
1 5720 25
1 5721 30
1 5722 26
1 5723 29
1 5724 25
1 5725 29
1 5726 26
1 5727 29
1 5728 26
1 5729 30
1 5730 25
1 5731 30
1 5732 25
1 5733 30
1 5734 26
1 5735 29
1 5736 26
1 5737 29
1 5738 26
1 5739 30
1 5740 25
1 5741 30
1 5742 25
1 5743 29
1 5744 26
1 5745 29
1 5746 26
1 5747 29
1 5748 26
1 5749 30
1 5750 25
1 5751 30
1 5752 25
1 5753 30
1 5754 25
1 5755 29
1 5756 26
1 5757 29
1 5758 26
1 5759 28
1 5760 26
1 5761 30
1 5762 25
1 5763 30
1 5764 25
1 5765 30
1 5766 26
1 5767 30
1 5768 26
1 5769 29
1 5770 26
1 5771 28
1 5772 26
1 5773 30
1 5774 26
1 5775 30
1 5776 26
1 5777 29
1 5778 26
1 5779 28
1 5780 26
1 5781 30
1 5782 25
1 5783 30
1 5784 25
1 5785 30
1 5786 25
1 5787 29
1 5788 26
1 5789 29
1 5790 26
1 5791 29
1 5792 26
1 5793 30
1 5794 26
1 5795 30
1 5796 26
1 5797 29
1 5798 26
1 5799 28
1 5800 26
1 5801 30
1 5802 25
1 5803 29
1 5804 26
1 5805 29
1 5806 26
1 5807 29
1 5808 25
1 5809 30
1 5810 26
1 5811 29
1 5812 26
1 5813 30
1 5814 25
1 5815 29
1 5816 25
1 5817 30
1 5818 26
1 5819 30
1 5820 25
1 5821 30
1 5822 26
1 5823 29
1 5824 25
1 5825 29
1 5826 26
1 5827 29
1 5828 25
1 5829 30
1 5830 25
1 5831 30
1 5832 26
1 5833 29
1 5834 26
1 5835 29
1 5836 25
1 5837 29
1 5838 26
1 5839 30
1 5840 25
1 5841 30
1 5842 26
1 5843 29
1 5844 26
1 5845 29
1 5846 26
1 5847 30
1 5848 25
1 5849 30
1 5850 26
1 5851 30
1 5852 26
1 5853 30
1 5854 25
1 5855 30
1 5856 26
1 5857 29
1 5858 26
1 5859 28
1 5860 26
1 5861 30
1 5862 25
1 5863 29
1 5864 26
1 5865 29
1 5866 25
1 5867 29
1 5868 26
1 5869 29
1 5870 26
1 5871 28
1 5872 26
1 5873 30
1 5874 26
1 5875 30
1 5876 26
1 5877 28
1 5878 26
1 5879 28
1 5880 26
1 5881 30
1 5882 25
1 5883 30
1 5884 25
1 5885 30
1 5886 25
1 5887 30
1 5888 26
1 5889 28
1 5890 26
1 5891 28
1 5892 26
1 5893 30
1 5894 26
1 5895 30
1 5896 26
1 5897 28
1 5898 26
1 5899 28
1 5900 26
1 5901 30
1 5902 25
1 5903 29
1 5904 26
1 5905 29
1 5906 26
1 5907 30
1 5908 26
1 5909 30
1 5910 26
1 5911 30
1 5912 26
1 5913 30
1 5914 25
1 5915 29
1 5916 25
1 5917 30
1 5918 26
1 5919 30
1 5920 25
1 5921 30
1 5922 26
1 5923 29
1 5924 26
1 5925 29
1 5926 26
1 5927 29
1 5928 26
1 5929 29
1 5930 26
1 5931 29
1 5932 26
1 5933 29
1 5934 26
1 5935 29
1 5936 26
1 5937 30
1 5938 26
1 5939 28
1 5940 26
1 5941 30
1 5942 25
1 5943 29
1 5944 25
1 5945 29
1 5946 26
1 5947 29
1 5948 25
1 5949 30
1 5950 26
1 5951 30
1 5952 26
1 5953 30
1 5954 26
1 5955 30
1 5956 26
1 5957 29
1 5958 26
1 5959 28
1 5960 26
1 5961 30
1 5962 25
1 5963 30
1 5964 25
1 5965 30
1 5966 25
1 5967 29
1 5968 26
1 5969 29
1 5970 26
1 5971 28
1 5972 26
1 5973 29
1 5974 26
1 5975 30
1 5976 26
1 5977 29
1 5978 26
1 5979 28
1 5980 26
1 5981 30
1 5982 25
1 5983 29
1 5984 26
1 5985 29
1 5986 25
1 5987 29
1 5988 26
1 5989 28
1 5990 26
1 5991 28
1 5992 26
1 5993 30
1 5994 25
1 5995 30
1 5996 26
1 5997 29
1 5998 26
1 5999 28
1 6000 25
1 6001 30
1 6002 25
1 6003 29
1 6004 26
1 6005 29
1 6006 26
1 6007 29
1 6008 26
1 6009 30
1 6010 25
1 6011 30
1 6012 25
1 6013 30
1 6014 26
1 6015 29
1 6016 25
1 6017 30
1 6018 26
1 6019 29
1 6020 26
1 6021 30
1 6022 26
1 6023 29
1 6024 25
1 6025 29
1 6026 26
1 6027 29
1 6028 26
1 6029 30
1 6030 25
1 6031 30
1 6032 25
1 6033 29
1 6034 26
1 6035 29
1 6036 26
1 6037 30
1 6038 26
1 6039 28
1 6040 25
1 6041 30
1 6042 24
1 6043 29
1 6044 26
1 6045 29
1 6046 26
1 6047 29
1 6048 25
1 6049 30
1 6050 26
1 6051 28
1 6052 26
1 6053 30
1 6054 26
1 6055 30
1 6056 26
1 6057 29
1 6058 26
1 6059 28
1 6060 26
1 6061 30
1 6062 25
1 6063 30
1 6064 25
1 6065 30
1 6066 26
1 6067 29
1 6068 26
1 6069 28
1 6070 26
1 6071 28
1 6072 26
1 6073 30
1 6074 25
1 6075 30
1 6076 26
1 6077 29
1 6078 26
1 6079 28
1 6080 26
1 6081 30
1 6082 26
1 6083 30
1 6084 25
1 6085 30
1 6086 26
1 6087 29
1 6088 26
1 6089 29
1 6090 26
1 6091 29
1 6092 26
1 6093 30
1 6094 25
1 6095 30
1 6096 26
1 6097 29
1 6098 26
1 6099 28
1 6100 26
1 6101 30
1 6102 26
1 6103 29
1 6104 26
1 6105 29
1 6106 26
1 6107 29
1 6108 25
1 6109 30
1 6110 26
1 6111 30
1 6112 25
1 6113 30
1 6114 25
1 6115 29
1 6116 26
1 6117 29
1 6118 26
1 6119 29
1 6120 25
1 6121 30
1 6122 26
1 6123 29
1 6124 25
1 6125 29
1 6126 26
1 6127 29
1 6128 26
1 6129 30
1 6130 25
1 6131 30
1 6132 25
1 6133 30
1 6134 26
1 6135 29
1 6136 25
1 6137 30
1 6138 26
1 6139 30
1 6140 25
1 6141 30
1 6142 26
1 6143 29
1 6144 26
1 6145 29
1 6146 25
1 6147 29
1 6148 26
1 6149 28
1 6150 26
1 6151 28
1 6152 26
1 6153 30
1 6154 26
1 6155 30
1 6156 26
1 6157 29
1 6158 26
1 6159 28
1 6160 26
1 6161 30
1 6162 25
1 6163 30
1 6164 25
1 6165 30
1 6166 26
1 6167 29
1 6168 26
1 6169 28
1 6170 26
1 6171 28
1 6172 26
1 6173 30
1 6174 26
1 6175 30
1 6176 26
1 6177 29
1 6178 26
1 6179 28
1 6180 26
1 6181 30
1 6182 25
1 6183 30
1 6184 26
1 6185 29
1 6186 25
1 6187 29
1 6188 26
1 6189 29
1 6190 26
1 6191 29
1 6192 26
1 6193 30
1 6194 25
1 6195 30
1 6196 26
1 6197 29
1 6198 26
1 6199 30
1 6200 25
1 6201 30
1 6202 26
1 6203 29
1 6204 26
1 6205 29
1 6206 26
1 6207 30
1 6208 26
1 6209 30
1 6210 26
1 6211 29
1 6212 26
1 6213 30
1 6214 25
1 6215 29
1 6216 25
1 6217 30
1 6218 26
1 6219 29
1 6220 25
1 6221 30
1 6222 26
1 6223 29
1 6224 26
1 6225 29
1 6226 26
1 6227 29
1 6228 26
1 6229 30
1 6230 25
1 6231 30
1 6232 25
1 6233 30
1 6234 26
1 6235 29
1 6236 25
1 6237 29
1 6238 26
1 6239 30
1 6240 25
1 6241 30
1 6242 25
1 6243 30
1 6244 25
1 6245 30
1 6246 25
1 6247 30
1 6248 26
1 6249 29
1 6250 26
1 6251 28
1 6252 26
1 6253 30
1 6254 26
1 6255 30
1 6256 26
1 6257 29
1 6258 26
1 6259 28
1 6260 26
1 6261 29
1 6262 25
1 6263 30
1 6264 25
1 6265 30
1 6266 25
1 6267 29
1 6268 26
1 6269 28
1 6270 26
1 6271 28
1 6272 26
1 6273 29
1 6274 26
1 6275 30
1 6276 26
1 6277 28
1 6278 26
1 6279 28
1 6280 26
1 6281 30
1 6282 25
1 6283 30
1 6284 25
1 6285 30
1 6286 26
1 6287 29
1 6288 26
1 6289 28
1 6290 26
1 6291 28
1 6292 26
1 6293 30
1 6294 25
1 6295 30
1 6296 25
1 6297 29
1 6298 26
1 6299 28
1 6300 26
1 6301 30
1 6302 26
1 6303 29
1 6304 26
1 6305 29
1 6306 26
1 6307 30
1 6308 25
1 6309 30
1 6310 26
1 6311 30
1 6312 25
1 6313 30
1 6314 26
1 6315 29
1 6316 25
1 6317 30
1 6318 26
1 6319 30
1 6320 25
1 6321 30
1 6322 26
1 6323 29
1 6324 26
1 6325 29
1 6326 26
1 6327 29
1 6328 26
1 6329 30
1 6330 25
1 6331 30
1 6332 25
1 6333 30
1 6334 25
1 6335 30
1 6336 25
1 6337 29
1 6338 26
1 6339 28
1 6340 26
1 6341 30
1 6342 25
1 6343 29
1 6344 26
1 6345 29
1 6346 26
1 6347 30
1 6348 26
1 6349 29
1 6350 26
1 6351 28
1 6352 26
1 6353 30
1 6354 26
1 6355 30
1 6356 26
1 6357 29
1 6358 26
1 6359 28
1 6360 26
1 6361 30
1 6362 25
1 6363 30
1 6364 25
1 6365 30
1 6366 26
1 6367 30
1 6368 26
1 6369 28
1 6370 26
1 6371 28
1 6372 26
1 6373 30
1 6374 26
1 6375 30
1 6376 26
1 6377 29
1 6378 26
1 6379 28
1 6380 26
1 6381 30
1 6382 25
1 6383 30
1 6384 25
1 6385 30
1 6386 25
1 6387 29
1 6388 26
1 6389 29
1 6390 26
1 6391 30
1 6392 26
1 6393 30
1 6394 25
1 6395 29
1 6396 26
1 6397 30
1 6398 26
1 6399 28
1 6400 25
1 6401 30
1 6402 25
1 6403 29
1 6404 25
1 6405 30
1 6406 26
1 6407 30
1 6408 25
1 6409 30
1 6410 26
1 6411 30
1 6412 26
1 6413 30
1 6414 26
1 6415 29
1 6416 25
1 6417 30
1 6418 26
1 6419 30
1 6420 25
1 6421 30
1 6422 25
1 6423 29
1 6424 26
1 6425 29
1 6426 26
1 6427 29
1 6428 26
1 6429 30
1 6430 25
1 6431 30
1 6432 25
1 6433 30
1 6434 25
1 6435 30
1 6436 26
1 6437 29
1 6438 26
1 6439 28
1 6440 26
1 6441 30
1 6442 25
1 6443 29
1 6444 26
1 6445 30
1 6446 25
1 6447 29
1 6448 26
1 6449 28
1 6450 26
1 6451 28
1 6452 26
1 6453 29
1 6454 26
1 6455 30
1 6456 26
1 6457 29
1 6458 26
1 6459 28
1 6460 26
1 6461 30
1 6462 25
1 6463 30
1 6464 25
1 6465 30
1 6466 26
1 6467 28
1 6468 26
1 6469 28
1 6470 26
1 6471 28
1 6472 26
1 6473 30
1 6474 26
1 6475 30
1 6476 26
1 6477 28
1 6478 26
1 6479 28
1 6480 26
1 6481 30
1 6482 25
1 6483 30
1 6484 25
1 6485 30
1 6486 25
1 6487 30
1 6488 26
1 6489 29
1 6490 26
1 6491 28
1 6492 26
1 6493 30
1 6494 25
1 6495 30
1 6496 25
1 6497 29
1 6498 26
1 6499 28
1 6500 26
1 6501 30
1 6502 26
1 6503 29
1 6504 26
1 6505 29
1 6506 26
1 6507 29
1 6508 25
1 6509 30
1 6510 26
1 6511 30
1 6512 25
1 6513 30
1 6514 25
1 6515 29
1 6516 25
1 6517 30
1 6518 26
1 6519 29
1 6520 25
1 6521 30
1 6522 26
1 6523 29
1 6524 26
1 6525 29
1 6526 26
1 6527 29
1 6528 26
1 6529 30
1 6530 26
1 6531 29
1 6532 26
1 6533 30
1 6534 26
1 6535 30
1 6536 26
1 6537 29
1 6538 26
1 6539 28
1 6540 26
1 6541 30
1 6542 25
1 6543 29
1 6544 26
1 6545 29
1 6546 25
1 6547 30
1 6548 26
1 6549 28
1 6550 26
1 6551 28
1 6552 26
1 6553 30
1 6554 25
1 6555 30
1 6556 26
1 6557 29
1 6558 26
1 6559 28
1 6560 26
1 6561 30
1 6562 25
1 6563 30
1 6564 25
1 6565 30
1 6566 26
1 6567 29
1 6568 26
1 6569 28
1 6570 26
1 6571 28
1 6572 26
1 6573 30
1 6574 26
1 6575 30
1 6576 26
1 6577 29
1 6578 26
1 6579 28
1 6580 26
1 6581 30
1 6582 25
1 6583 29
1 6584 26
1 6585 29
1 6586 26
1 6587 30
1 6588 26
1 6589 30
1 6590 26
1 6591 29
1 6592 26
1 6593 30
1 6594 26
1 6595 30
1 6596 26
1 6597 29
1 6598 26
1 6599 29
1 6600 25
1 6601 30
1 6602 26
1 6603 29
1 6604 26
1 6605 29
1 6606 26
1 6607 29
1 6608 26
1 6609 30
1 6610 25
1 6611 30
1 6612 25
1 6613 30
1 6614 26
1 6615 29
1 6616 26
1 6617 30
1 6618 26
1 6619 29
1 6620 25
1 6621 30
1 6622 26
1 6623 29
1 6624 26
1 6625 29
1 6626 26
1 6627 29
1 6628 26
1 6629 30
1 6630 26
1 6631 30
1 6632 26
1 6633 30
1 6634 26
1 6635 30
1 6636 26
1 6637 29
1 6638 26
1 6639 28
1 6640 26
1 6641 30
1 6642 25
1 6643 30
1 6644 25
1 6645 30
1 6646 25
1 6647 29
1 6648 26
1 6649 28
1 6650 26
1 6651 28
1 6652 26
1 6653 30
1 6654 26
1 6655 30
1 6656 26
1 6657 28
1 6658 25
1 6659 27
1 6660 26
1 6661 29
1 6662 26
1 6663 30
1 6664 25
1 6665 30
1 6666 26
1 6667 29
1 6668 26
1 6669 28
1 6670 26
1 6671 28
1 6672 26
1 6673 30
1 6674 26
1 6675 30
1 6676 26
1 6677 28
1 6678 26
1 6679 28
1 6680 26
1 6681 30
1 6682 25
1 6683 29
1 6684 26
1 6685 29
1 6686 26
1 6687 30
1 6688 25
1 6689 29
1 6690 26
1 6691 28
1 6692 26
1 6693 30
1 6694 25
1 6695 29
1 6696 25
1 6697 30
1 6698 26
1 6699 28
1 6700 26
1 6701 30
1 6702 26
1 6703 29
1 6704 26
1 6705 29
1 6706 26
1 6707 29
1 6708 26
1 6709 30
1 6710 25
1 6711 30
1 6712 25
1 6713 30
1 6714 26
1 6715 29
1 6716 25
1 6717 30
1 6718 26
1 6719 29
1 6720 25
1 6721 30
1 6722 25
1 6723 29
1 6724 26
1 6725 29
1 6726 26
1 6727 29
1 6728 25
1 6729 29
1 6730 26
1 6731 29
1 6732 26
1 6733 30
1 6734 25
1 6735 30
1 6736 26
1 6737 29
1 6738 26
1 6739 28
1 6740 26
1 6741 30
1 6742 25
1 6743 30
1 6744 26
1 6745 30
1 6746 25
1 6747 29
1 6748 26
1 6749 28
1 6750 26
1 6751 28
1 6752 26
1 6753 30
1 6754 26
1 6755 30
1 6756 26
1 6757 28
1 6758 26
1 6759 28
1 6760 26
1 6761 30
1 6762 25
1 6763 29
1 6764 25
1 6765 30
1 6766 26
1 6767 29
1 6768 26
1 6769 28
1 6770 26
1 6771 28
1 6772 26
1 6773 30
1 6774 26
1 6775 30
1 6776 26
1 6777 29
1 6778 26
1 6779 28
1 6780 26
1 6781 30
1 6782 25
1 6783 29
1 6784 26
1 6785 29
1 6786 25
1 6787 29
1 6788 26
1 6789 28
1 6790 26
1 6791 29
1 6792 26
1 6793 30
1 6794 25
1 6795 30
1 6796 26
1 6797 29
1 6798 26
1 6799 29
1 6800 25
1 6801 30
1 6802 25
1 6803 29
1 6804 26
1 6805 29
1 6806 26
1 6807 29
1 6808 26
1 6809 30
1 6810 25
1 6811 30
1 6812 25
1 6813 30
1 6814 26
1 6815 29
1 6816 25
1 6817 29
1 6818 26
1 6819 28
1 6820 26
1 6821 30
1 6822 26
1 6823 29
1 6824 26
1 6825 29
1 6826 26
1 6827 30
1 6828 26
1 6829 30
1 6830 26
1 6831 29
1 6832 26
1 6833 30
1 6834 26
1 6835 30
1 6836 26
1 6837 28
1 6838 26
1 6839 28
1 6840 26
1 6841 30
1 6842 25
1 6843 30
1 6844 25
1 6845 30
1 6846 25
1 6847 29
1 6848 26
1 6849 28
1 6850 26
1 6851 28
1 6852 26
1 6853 29
1 6854 26
1 6855 30
1 6856 26
1 6857 29
1 6858 26
1 6859 28
1 6860 26
1 6861 30
1 6862 25
1 6863 30
1 6864 25
1 6865 30
1 6866 25
1 6867 29
1 6868 26
1 6869 28
1 6870 26
1 6871 28
1 6872 26
1 6873 30
1 6874 26
1 6875 30
1 6876 26
1 6877 29
1 6878 26
1 6879 28
1 6880 26
1 6881 30
1 6882 25
1 6883 29
1 6884 25
1 6885 29
1 6886 26
1 6887 30
1 6888 25
1 6889 30
1 6890 26
1 6891 30
1 6892 26
1 6893 30
1 6894 25
1 6895 29
1 6896 25
1 6897 29
1 6898 26
1 6899 28
1 6900 26
1 6901 30
1 6902 26
1 6903 29
1 6904 25
1 6905 29
1 6906 26
1 6907 29
1 6908 26
1 6909 30
1 6910 25
1 6911 30
1 6912 25
1 6913 30
1 6914 25
1 6915 30
1 6916 26
1 6917 29
1 6918 26
1 6919 29
1 6920 25
1 6921 30
1 6922 25
1 6923 29
1 6924 26
1 6925 29
1 6926 25
1 6927 30
1 6928 26
1 6929 29
1 6930 26
1 6931 28
1 6932 26
1 6933 30
1 6934 26
1 6935 30
1 6936 26
1 6937 29
1 6938 26
1 6939 28
1 6940 26
1 6941 30
1 6942 25
1 6943 30
1 6944 25
1 6945 30
1 6946 26
1 6947 28
1 6948 26
1 6949 28
1 6950 26
1 6951 28
1 6952 26
1 6953 30
1 6954 26
1 6955 30
1 6956 26
1 6957 28
1 6958 26
1 6959 28
1 6960 26
1 6961 30
1 6962 26
1 6963 30
1 6964 26
1 6965 30
1 6966 26
1 6967 29
1 6968 26
1 6969 28
1 6970 26
1 6971 28
1 6972 26
1 6973 30
1 6974 26
1 6975 30
1 6976 26
1 6977 29
1 6978 26
1 6979 28
1 6980 26
1 6981 30
1 6982 25
1 6983 30
1 6984 26
1 6985 29
1 6986 26
1 6987 29
1 6988 26
1 6989 30
1 6990 26
1 6991 30
1 6992 26
1 6993 30
1 6994 25
1 6995 30
1 6996 26
1 6997 30
1 6998 26
1 6999 29
1 7000 25
1 7001 30
1 7002 26
1 7003 29
1 7004 25
1 7005 29
1 7006 26
1 7007 29
1 7008 26
1 7009 30
1 7010 25
1 7011 29
1 7012 26
1 7013 30
1 7014 25
1 7015 29
1 7016 25
1 7017 29
1 7018 26
1 7019 28
1 7020 26
1 7021 30
1 7022 26
1 7023 29
1 7024 26
1 7025 29
1 7026 26
1 7027 29
1 7028 26
1 7029 29
1 7030 26
1 7031 28
1 7032 26
1 7033 30
1 7034 26
1 7035 30
1 7036 26
1 7037 29
1 7038 26
1 7039 28
1 7040 26
1 7041 30
1 7042 26
1 7043 29
1 7044 26
1 7045 30
1 7046 26
1 7047 28
1 7048 26
1 7049 28
1 7050 26
1 7051 28
1 7052 26
1 7053 29
1 7054 26
1 7055 30
1 7056 26
1 7057 28
1 7058 26
1 7059 28
1 7060 26
1 7061 29
1 7062 26
1 7063 30
1 7064 25
1 7065 30
1 7066 25
1 7067 29
1 7068 26
1 7069 28
1 7070 26
1 7071 28
1 7072 26
1 7073 30
1 7074 26
1 7075 30
1 7076 26
1 7077 29
1 7078 26
1 7079 28
1 7080 26
1 7081 30
1 7082 25
1 7083 29
1 7084 26
1 7085 29
1 7086 26
1 7087 30
1 7088 25
1 7089 30
1 7090 26
1 7091 29
1 7092 26
1 7093 30
1 7094 25
1 7095 29
1 7096 25
1 7097 30
1 7098 26
1 7099 30
1 7100 25
1 7101 30
1 7102 26
1 7103 29
1 7104 25
1 7105 29
1 7106 26
1 7107 29
1 7108 26
1 7109 30
1 7110 26
1 7111 30
1 7112 25
1 7113 30
1 7114 25
1 7115 29
1 7116 26
1 7117 30
1 7118 26
1 7119 28
1 7120 25
1 7121 30
1 7122 25
1 7123 29
1 7124 26
1 7125 29
1 7126 25
1 7127 30
1 7128 26
1 7129 30
1 7130 26
1 7131 29
1 7132 26
1 7133 30
1 7134 26
1 7135 30
1 7136 26
1 7137 29
1 7138 26
1 7139 28
1 7140 26
1 7141 30
1 7142 25
1 7143 30
1 7144 25
1 7145 30
1 7146 26
1 7147 29
1 7148 26
1 7149 28
1 7150 26
1 7151 28
1 7152 26
1 7153 30
1 7154 26
1 7155 30
1 7156 26
1 7157 28
1 7158 26
1 7159 28
1 7160 26
1 7161 29
1 7162 26
1 7163 30
1 7164 25
1 7165 30
1 7166 25
1 7167 29
1 7168 26
1 7169 28
1 7170 26
1 7171 28
1 7172 26
1 7173 28
1 7174 26
1 7175 30
1 7176 26
1 7177 29
1 7178 26
1 7179 28
1 7180 26
1 7181 30
1 7182 25
1 7183 29
1 7184 26
1 7185 29
1 7186 26
1 7187 30
1 7188 26
1 7189 30
1 7190 26
1 7191 30
1 7192 26
1 7193 30
1 7194 25
1 7195 29
1 7196 25
1 7197 29
1 7198 26
1 7199 29
1 7200 25
1 7201 30
1 7202 25
1 7203 29
1 7204 26
1 7205 29
1 7206 26
1 7207 29
1 7208 26
1 7209 30
1 7210 26
1 7211 30
1 7212 25
1 7213 30
1 7214 25
1 7215 30
1 7216 26
1 7217 29
1 7218 26
1 7219 28
1 7220 26
1 7221 30
1 7222 25
1 7223 29
1 7224 26
1 7225 29
1 7226 25
1 7227 29
1 7228 26
1 7229 28
1 7230 26
1 7231 28
1 7232 26
1 7233 30
1 7234 26
1 7235 29
1 7236 26
1 7237 28
1 7238 26
1 7239 28
1 7240 26
1 7241 29
1 7242 26
1 7243 30
1 7244 25
1 7245 30
1 7246 26
1 7247 29
1 7248 26
1 7249 28
1 7250 26
1 7251 28
1 7252 26
1 7253 30
1 7254 26
1 7255 30
1 7256 26
1 7257 29
1 7258 26
1 7259 28
1 7260 26
1 7261 30
1 7262 25
1 7263 30
1 7264 25
1 7265 30
1 7266 26
1 7267 29
1 7268 26
1 7269 28
1 7270 26
1 7271 28
1 7272 26
1 7273 30
1 7274 25
1 7275 30
1 7276 26
1 7277 29
1 7278 26
1 7279 29
1 7280 25
1 7281 30
1 7282 25
1 7283 30
1 7284 25
1 7285 29
1 7286 26
1 7287 29
1 7288 25
1 7289 30
1 7290 26
1 7291 30
1 7292 25
1 7293 30
1 7294 25
1 7295 29
1 7296 25
1 7297 30
1 7298 26
1 7299 28
1 7300 26
1 7301 30
1 7302 25
1 7303 29
1 7304 25
1 7305 29
1 7306 26
1 7307 29
1 7308 25
1 7309 30
1 7310 26
1 7311 29
1 7312 26
1 7313 30
1 7314 25
1 7315 29
1 7316 26
1 7317 29
1 7318 26
1 7319 28
1 7320 26
1 7321 30
1 7322 25
1 7323 29
1 7324 26
1 7325 30
1 7326 25
1 7327 30
1 7328 26
1 7329 28
1 7330 26
1 7331 28
1 7332 26
1 7333 30
1 7334 26
1 7335 30
1 7336 26
1 7337 28
1 7338 26
1 7339 28
1 7340 26
1 7341 30
1 7342 25
1 7343 30
1 7344 25
1 7345 30
1 7346 26
1 7347 28
1 7348 26
1 7349 28
1 7350 26
1 7351 28
1 7352 26
1 7353 29
1 7354 26
1 7355 30
1 7356 26
1 7357 28
1 7358 26
1 7359 28
1 7360 26
1 7361 30
1 7362 25
1 7363 30
1 7364 25
1 7365 30
1 7366 26
1 7367 29
1 7368 26
1 7369 29
1 7370 26
1 7371 28
1 7372 26
1 7373 30
1 7374 26
1 7375 30
1 7376 25
1 7377 29
1 7378 26
1 7379 28
1 7380 26
1 7381 30
1 7382 25
1 7383 29
1 7384 26
1 7385 29
1 7386 26
1 7387 29
1 7388 25
1 7389 30
1 7390 26
1 7391 30
1 7392 25
1 7393 30
1 7394 25
1 7395 29
1 7396 26
1 7397 29
1 7398 26
1 7399 30
1 7400 25
1 7401 30
1 7402 26
1 7403 29
1 7404 26
1 7405 29
1 7406 26
1 7407 29
1 7408 25
1 7409 30
1 7410 26
1 7411 30
1 7412 26
1 7413 30
1 7414 25
1 7415 30
1 7416 26
1 7417 29
1 7418 26
1 7419 28
1 7420 26
1 7421 30
1 7422 25
1 7423 29
1 7424 26
1 7425 30
1 7426 26
1 7427 28
1 7428 26
1 7429 28
1 7430 26
1 7431 28
1 7432 26
1 7433 29
1 7434 26
1 7435 30
1 7436 26
1 7437 28
1 7438 26
1 7439 27
1 7440 26
1 7441 29
1 7442 26
1 7443 30
1 7444 26
1 7445 30
1 7446 26
1 7447 29
1 7448 26
1 7449 28
1 7450 26
1 7451 28
1 7452 26
1 7453 30
1 7454 26
1 7455 30
1 7456 26
1 7457 28
1 7458 26
1 7459 28
1 7460 26
1 7461 30
1 7462 25
1 7463 30
1 7464 25
1 7465 30
1 7466 25
1 7467 29
1 7468 26
1 7469 29
1 7470 26
1 7471 30
1 7472 26
1 7473 30
1 7474 26
1 7475 30
1 7476 26
1 7477 29
1 7478 26
1 7479 28
1 7480 26
1 7481 30
1 7482 25
1 7483 29
1 7484 26
1 7485 29
1 7486 26
1 7487 29
1 7488 26
1 7489 30
1 7490 26
1 7491 29
1 7492 26
1 7493 30
1 7494 25
1 7495 29
1 7496 26
1 7497 29
1 7498 26
1 7499 28
1 7500 26
1 7501 30
1 7502 26
1 7503 29
1 7504 26
1 7505 29
1 7506 26
1 7507 30
1 7508 26
1 7509 29
1 7510 26
1 7511 30
1 7512 26
1 7513 30
1 7514 26
1 7515 30
1 7516 26
1 7517 29
1 7518 26
1 7519 28
1 7520 26
1 7521 30
1 7522 25
1 7523 30
1 7524 26
1 7525 30
1 7526 26
1 7527 29
1 7528 26
1 7529 28
1 7530 26
1 7531 28
1 7532 26
1 7533 29
1 7534 26
1 7535 30
1 7536 26
1 7537 28
1 7538 26
1 7539 28
1 7540 26
1 7541 30
1 7542 25
1 7543 30
1 7544 25
1 7545 30
1 7546 26
1 7547 29
1 7548 26
1 7549 28
1 7550 26
1 7551 28
1 7552 26
1 7553 29
1 7554 26
1 7555 30
1 7556 26
1 7557 28
1 7558 26
1 7559 27
1 7560 26
1 7561 30
1 7562 25
1 7563 29
1 7564 26
1 7565 30
1 7566 25
1 7567 30
1 7568 26
1 7569 29
1 7570 26
1 7571 29
1 7572 26
1 7573 30
1 7574 25
1 7575 30
1 7576 26
1 7577 29
1 7578 26
1 7579 28
1 7580 25
1 7581 30
1 7582 26
1 7583 29
1 7584 25
1 7585 29
1 7586 26
1 7587 30
1 7588 26
1 7589 30
1 7590 26
1 7591 30
1 7592 25
1 7593 30
1 7594 25
1 7595 29
1 7596 25
1 7597 30
1 7598 26
1 7599 28
1 7600 25
1 7601 30
1 7602 25
1 7603 29
1 7604 26
1 7605 29
1 7606 26
1 7607 30
1 7608 25
1 7609 30
1 7610 26
1 7611 29
1 7612 26
1 7613 30
1 7614 25
1 7615 30
1 7616 26
1 7617 29
1 7618 26
1 7619 28
1 7620 26
1 7621 30
1 7622 25
1 7623 30
1 7624 25
1 7625 30
1 7626 25
1 7627 29
1 7628 26
1 7629 28
1 7630 26
1 7631 28
1 7632 26
1 7633 30
1 7634 26
1 7635 30
1 7636 26
1 7637 28
1 7638 26
1 7639 28
1 7640 26
1 7641 30
1 7642 25
1 7643 30
1 7644 25
1 7645 30
1 7646 26
1 7647 29
1 7648 26
1 7649 28
1 7650 26
1 7651 28
1 7652 26
1 7653 30
1 7654 26
1 7655 30
1 7656 26
1 7657 29
1 7658 26
1 7659 28
1 7660 26
1 7661 30
1 7662 25
1 7663 29
1 7664 26
1 7665 29
1 7666 26
1 7667 30
1 7668 26
1 7669 29
1 7670 26
1 7671 29
1 7672 26
1 7673 30
1 7674 25
1 7675 29
1 7676 26
1 7677 29
1 7678 26
1 7679 30
1 7680 25
1 7681 30
1 7682 25
1 7683 30
1 7684 25
1 7685 30
1 7686 25
1 7687 30
1 7688 25
1 7689 30
1 7690 26
1 7691 29
1 7692 26
1 7693 30
1 7694 25
1 7695 29
1 7696 25
1 7697 29
1 7698 26
1 7699 28
1 7700 26
1 7701 30
1 7702 25
1 7703 29
1 7704 26
1 7705 29
1 7706 26
1 7707 29
1 7708 26
1 7709 29
1 7710 26
1 7711 30
1 7712 26
1 7713 30
1 7714 26
1 7715 30
1 7716 26
1 7717 29
1 7718 26
1 7719 28
1 7720 26
1 7721 30
1 7722 25
1 7723 30
1 7724 25
1 7725 30
1 7726 26
1 7727 29
1 7728 26
1 7729 28
1 7730 26
1 7731 28
1 7732 26
1 7733 29
1 7734 26
1 7735 30
1 7736 26
1 7737 28
1 7738 26
1 7739 28
1 7740 26
1 7741 29
1 7742 25
1 7743 30
1 7744 25
1 7745 30
1 7746 26
1 7747 28
1 7748 26
1 7749 28
1 7750 26
1 7751 28
1 7752 26
1 7753 30
1 7754 26
1 7755 30
1 7756 26
1 7757 29
1 7758 26
1 7759 28
1 7760 26
1 7761 30
1 7762 25
1 7763 30
1 7764 25
1 7765 30
1 7766 25
1 7767 29
1 7768 26
1 7769 29
1 7770 26
1 7771 29
1 7772 26
1 7773 30
1 7774 25
1 7775 30
1 7776 25
1 7777 29
1 7778 26
1 7779 28
1 7780 26
1 7781 30
1 7782 25
1 7783 29
1 7784 25
1 7785 29
1 7786 26
1 7787 29
1 7788 26
1 7789 30
1 7790 25
1 7791 30
1 7792 25
1 7793 30
1 7794 25
1 7795 29
1 7796 26
1 7797 30
1 7798 26
1 7799 29
1 7800 25
1 7801 30
1 7802 25
1 7803 29
1 7804 26
1 7805 29
1 7806 26
1 7807 29
1 7808 25
1 7809 29
1 7810 26
1 7811 28
1 7812 26
1 7813 28
1 7814 26
1 7815 30
1 7816 26
1 7817 29
1 7818 26
1 7819 28
1 7820 26
1 7821 30
1 7822 25
1 7823 30
1 7824 25
1 7825 30
1 7826 26
1 7827 28
1 7828 26
1 7829 28
1 7830 26
1 7831 28
1 7832 26
1 7833 30
1 7834 26
1 7835 30
1 7836 26
1 7837 28
1 7838 26
1 7839 28
1 7840 26
1 7841 29
1 7842 26
1 7843 30
1 7844 26
1 7845 30
1 7846 26
1 7847 28
1 7848 26
1 7849 28
1 7850 26
1 7851 28
1 7852 26
1 7853 30
1 7854 26
1 7855 30
1 7856 26
1 7857 28
1 7858 26
1 7859 28
1 7860 26
1 7861 30
1 7862 25
1 7863 29
1 7864 26
1 7865 30
1 7866 25
1 7867 30
1 7868 26
1 7869 29
1 7870 26
1 7871 29
1 7872 26
1 7873 30
1 7874 26
1 7875 30
1 7876 26
1 7877 29
1 7878 26
1 7879 29
1 7880 26
1 7881 30
1 7882 25
1 7883 29
1 7884 26
1 7885 29
1 7886 26
1 7887 29
1 7888 26
1 7889 30
1 7890 26
1 7891 30
1 7892 26
1 7893 30
1 7894 25
1 7895 29
1 7896 26
1 7897 30
1 7898 26
1 7899 29
1 7900 25
1 7901 30
1 7902 26
1 7903 29
1 7904 26
1 7905 29
1 7906 26
1 7907 29
1 7908 26
1 7909 29
1 7910 26
1 7911 29
1 7912 26
1 7913 30
1 7914 26
1 7915 30
1 7916 26
1 7917 29
1 7918 26
1 7919 28
1 7920 26
1 7921 30
1 7922 26
1 7923 30
1 7924 25
1 7925 30
1 7926 26
1 7927 29
1 7928 26
1 7929 28
1 7930 26
1 7931 28
1 7932 26
1 7933 29
1 7934 26
1 7935 30
1 7936 26
1 7937 28
1 7938 25
1 7939 27
1 7940 26
1 7941 29
1 7942 26
1 7943 30
1 7944 26
1 7945 30
1 7946 26
1 7947 28
1 7948 26
1 7949 28
1 7950 26
1 7951 28
1 7952 26
1 7953 30
1 7954 26
1 7955 30
1 7956 26
1 7957 29
1 7958 26
1 7959 28
1 7960 26
1 7961 30
1 7962 25
1 7963 29
1 7964 26
1 7965 29
1 7966 26
1 7967 30
1 7968 26
1 7969 30
1 7970 26
1 7971 28
1 7972 26
1 7973 30
1 7974 25
1 7975 30
1 7976 26
1 7977 29
1 7978 26
1 7979 28
1 7980 26
1 7981 30
1 7982 26
1 7983 29
1 7984 26
1 7985 29
1 7986 26
1 7987 29
1 7988 25
1 7989 30
1 7990 26
1 7991 30
1 7992 26
1 7993 30
1 7994 25
1 7995 30
1 7996 26
1 7997 29
1 7998 26
1 7999 30
1 8000 25
1 8001 30
1 8002 25
1 8003 30
1 8004 25
1 8005 30
1 8006 25
1 8007 29
1 8008 26
1 8009 29
1 8010 26
1 8011 29
1 8012 26
1 8013 29
1 8014 26
1 8015 30
1 8016 26
1 8017 28
1 8018 26
1 8019 28
1 8020 26
1 8021 30
1 8022 25
1 8023 30
1 8024 25
1 8025 30
1 8026 26
1 8027 28
1 8028 26
1 8029 28
1 8030 26
1 8031 28
1 8032 26
1 8033 29
1 8034 26
1 8035 29
1 8036 26
1 8037 28
1 8038 26
1 8039 27
1 8040 26
1 8041 30
1 8042 25
1 8043 30
1 8044 25
1 8045 30
1 8046 26
1 8047 29
1 8048 26
1 8049 28
1 8050 26
1 8051 28
1 8052 26
1 8053 30
1 8054 26
1 8055 30
1 8056 26
1 8057 29
1 8058 26
1 8059 28
1 8060 26
1 8061 30
1 8062 25
1 8063 29
1 8064 26
1 8065 29
1 8066 25
1 8067 29
1 8068 26
1 8069 28
1 8070 26
1 8071 30
1 8072 26
1 8073 30
1 8074 25
1 8075 30
1 8076 26
1 8077 30
1 8078 26
1 8079 29
1 8080 25
1 8081 30
1 8082 26
1 8083 29
1 8084 26
1 8085 29
1 8086 26
1 8087 29
1 8088 25
1 8089 30
1 8090 25
1 8091 30
1 8092 25
1 8093 30
1 8094 25
1 8095 30
1 8096 26
1 8097 29
1 8098 26
1 8099 28
1 8100 26
1 8101 30
1 8102 25
1 8103 30
1 8104 26
1 8105 30
1 8106 25
1 8107 30
1 8108 26
1 8109 28
1 8110 26
1 8111 28
1 8112 26
1 8113 30
1 8114 26
1 8115 30
1 8116 26
1 8117 28
1 8118 26
1 8119 28
1 8120 26
1 8121 30
1 8122 26
1 8123 30
1 8124 26
1 8125 30
1 8126 26
1 8127 29
1 8128 26
1 8129 28
1 8130 26
1 8131 28
1 8132 26
1 8133 28
1 8134 26
1 8135 30
1 8136 26
1 8137 28
1 8138 26
1 8139 28
1 8140 26
1 8141 29
1 8142 26
1 8143 30
1 8144 25
1 8145 30
1 8146 26
1 8147 29
1 8148 26
1 8149 28
1 8150 26
1 8151 28
1 8152 26
1 8153 30
1 8154 26
1 8155 30
1 8156 26
1 8157 29
1 8158 26
1 8159 28
1 8160 26
1 8161 30
1 8162 25
1 8163 30
1 8164 25
1 8165 30
1 8166 26
1 8167 30
1 8168 25
1 8169 30
1 8170 26
1 8171 29
1 8172 26
1 8173 30
1 8174 25
1 8175 29
1 8176 25
1 8177 29
1 8178 26
1 8179 30
1 8180 25
1 8181 30
1 8182 26
1 8183 29
1 8184 26
1 8185 29
1 8186 26
1 8187 30
1 8188 26
1 8189 30
1 8190 26
1 8191 30
1 8192 25
1 8193 30
1 8194 26
1 8195 30
1 8196 26
1 8197 29
1 8198 26
1 8199 28
1 8200 26
1 8201 30
1 8202 26
1 8203 30
1 8204 25
1 8205 30
1 8206 26
1 8207 29
1 8208 26
1 8209 29
1 8210 26
1 8211 28
1 8212 26
1 8213 30
1 8214 26
1 8215 30
1 8216 26
1 8217 28
1 8218 26
1 8219 28
1 8220 26
1 8221 30
1 8222 25
1 8223 30
1 8224 25
1 8225 30
1 8226 26
1 8227 28
1 8228 26
1 8229 28
1 8230 26
1 8231 28
1 8232 26
1 8233 29
1 8234 26
1 8235 30
1 8236 26
1 8237 28
1 8238 26
1 8239 28
1 8240 26
1 8241 29
1 8242 26
1 8243 30
1 8244 25
1 8245 30
1 8246 26
1 8247 29
1 8248 26
1 8249 28
1 8250 26
1 8251 28
1 8252 26
1 8253 30
1 8254 26
1 8255 30
1 8256 26
1 8257 29
1 8258 26
1 8259 28
1 8260 26
1 8261 30
1 8262 25
1 8263 30
1 8264 26
1 8265 29
1 8266 26
1 8267 30
1 8268 25
1 8269 30
1 8270 26
1 8271 30
1 8272 25
1 8273 30
1 8274 25
1 8275 29
1 8276 26
1 8277 29
1 8278 26
1 8279 29
1 8280 25
1 8281 30
1 8282 25
1 8283 29
1 8284 26
1 8285 29
1 8286 26
1 8287 29
1 8288 26
1 8289 30
1 8290 26
1 8291 28
1 8292 26
1 8293 30
1 8294 25
1 8295 30
1 8296 26
1 8297 29
1 8298 26
1 8299 28
1 8300 26
1 8301 30
1 8302 25
1 8303 30
1 8304 25
1 8305 30
1 8306 26
1 8307 29
1 8308 26
1 8309 28
1 8310 26
1 8311 28
1 8312 26
1 8313 30
1 8314 26
1 8315 30
1 8316 26
1 8317 28
1 8318 26
1 8319 28
1 8320 26
1 8321 29
1 8322 26
1 8323 29
1 8324 26
1 8325 30
1 8326 26
1 8327 29
1 8328 26
1 8329 28
1 8330 26
1 8331 28
1 8332 26
1 8333 29
1 8334 26
1 8335 30
1 8336 26
1 8337 28
1 8338 26
1 8339 28
1 8340 26
1 8341 30
1 8342 25
1 8343 30
1 8344 25
1 8345 29
1 8346 25
1 8347 29
1 8348 26
1 8349 29
1 8350 26
1 8351 29
1 8352 26
1 8353 30
1 8354 26
1 8355 30
1 8356 26
1 8357 29
1 8358 26
1 8359 28
1 8360 25
1 8361 30
1 8362 25
1 8363 29
1 8364 26
1 8365 29
1 8366 26
1 8367 30
1 8368 25
1 8369 30
1 8370 26
1 8371 30
1 8372 26
1 8373 30
1 8374 25
1 8375 29
1 8376 25
1 8377 30
1 8378 26
1 8379 28
1 8380 26
1 8381 30
1 8382 25
1 8383 29
1 8384 26
1 8385 29
1 8386 26
1 8387 29
1 8388 26
1 8389 30
1 8390 26
1 8391 29
1 8392 26
1 8393 30
1 8394 25
1 8395 30
1 8396 26
1 8397 29
1 8398 26
1 8399 28
1 8400 26
1 8401 30
1 8402 25
1 8403 30
1 8404 25
1 8405 30
1 8406 26
1 8407 29
1 8408 26
1 8409 28
1 8410 26
1 8411 28
1 8412 26
1 8413 30
1 8414 26
1 8415 30
1 8416 26
1 8417 28
1 8418 25
1 8419 27
1 8420 26
1 8421 29
1 8422 26
1 8423 30
1 8424 25
1 8425 30
1 8426 26
1 8427 29
1 8428 26
1 8429 28
1 8430 26
1 8431 28
1 8432 26
1 8433 30
1 8434 26
1 8435 30
1 8436 26
1 8437 29
1 8438 26
1 8439 28
1 8440 26
1 8441 30
1 8442 25
1 8443 30
1 8444 25
1 8445 30
1 8446 25
1 8447 30
1 8448 26
1 8449 29
1 8450 26
1 8451 28
1 8452 26
1 8453 29
1 8454 26
1 8455 30
1 8456 26
1 8457 29
1 8458 26
1 8459 28
1 8460 26
1 8461 30
1 8462 25
1 8463 29
1 8464 26
1 8465 29
1 8466 26
1 8467 29
1 8468 25
1 8469 30
1 8470 26
1 8471 30
1 8472 25
1 8473 30
1 8474 26
1 8475 29
1 8476 25
1 8477 30
1 8478 26
1 8479 30
1 8480 25
1 8481 30
1 8482 25
1 8483 29
1 8484 26
1 8485 29
1 8486 26
1 8487 30
1 8488 25
1 8489 30
1 8490 26
1 8491 29
1 8492 26
1 8493 30
1 8494 26
1 8495 30
1 8496 26
1 8497 29
1 8498 26
1 8499 28
1 8500 26
1 8501 30
1 8502 25
1 8503 29
1 8504 26
1 8505 29
1 8506 25
1 8507 29
1 8508 26
1 8509 28
1 8510 26
1 8511 28
1 8512 26
1 8513 29
1 8514 26
1 8515 29
1 8516 26
1 8517 28
1 8518 26
1 8519 27
1 8520 26
1 8521 29
1 8522 26
1 8523 30
1 8524 26
1 8525 30
1 8526 26
1 8527 29
1 8528 26
1 8529 28
1 8530 26
1 8531 28
1 8532 26
1 8533 29
1 8534 26
1 8535 30
1 8536 26
1 8537 28
1 8538 26
1 8539 28
1 8540 26
1 8541 30
1 8542 25
1 8543 30
1 8544 25
1 8545 30
1 8546 26
1 8547 28
1 8548 26
1 8549 28
1 8550 26
1 8551 29
1 8552 26
1 8553 30
1 8554 26
1 8555 30
1 8556 26
1 8557 30
1 8558 26
1 8559 28
1 8560 26
1 8561 30
1 8562 25
1 8563 29
1 8564 26
1 8565 29
1 8566 26
1 8567 29
1 8568 26
1 8569 30
1 8570 25
1 8571 29
1 8572 26
1 8573 30
1 8574 25
1 8575 29
1 8576 25
1 8577 29
1 8578 26
1 8579 28
1 8580 26
1 8581 30
1 8582 25
1 8583 29
1 8584 26
1 8585 29
1 8586 26
1 8587 30
1 8588 26
1 8589 29
1 8590 26
1 8591 29
1 8592 26
1 8593 30
1 8594 26
1 8595 30
1 8596 26
1 8597 29
1 8598 26
1 8599 28
1 8600 26
1 8601 30
1 8602 25
1 8603 30
1 8604 25
1 8605 30
1 8606 25
1 8607 29
1 8608 26
1 8609 28
1 8610 26
1 8611 28
1 8612 26
1 8613 28
1 8614 26
1 8615 30
1 8616 26
1 8617 28
1 8618 26
1 8619 28
1 8620 26
1 8621 30
1 8622 25
1 8623 30
1 8624 25
1 8625 30
1 8626 26
1 8627 28
1 8628 26
1 8629 28
1 8630 26
1 8631 28
1 8632 26
1 8633 30
1 8634 26
1 8635 30
1 8636 26
1 8637 28
1 8638 26
1 8639 28
1 8640 26
1 8641 29
1 8642 25
1 8643 30
1 8644 25
1 8645 30
1 8646 25
1 8647 30
1 8648 26
1 8649 29
1 8650 26
1 8651 28
1 8652 26
1 8653 30
1 8654 25
1 8655 30
1 8656 26
1 8657 29
1 8658 26
1 8659 28
1 8660 26
1 8661 30
1 8662 25
1 8663 29
1 8664 26
1 8665 29
1 8666 26
1 8667 29
1 8668 25
1 8669 30
1 8670 26
1 8671 30
1 8672 25
1 8673 30
1 8674 25
1 8675 30
1 8676 26
1 8677 29
1 8678 26
1 8679 28
1 8680 26
1 8681 30
1 8682 25
1 8683 29
1 8684 26
1 8685 29
1 8686 26
1 8687 30
1 8688 25
1 8689 30
1 8690 26
1 8691 28
1 8692 26
1 8693 30
1 8694 26
1 8695 30
1 8696 26
1 8697 29
1 8698 26
1 8699 28
1 8700 26
1 8701 30
1 8702 25
1 8703 30
1 8704 25
1 8705 30
1 8706 26
1 8707 28
1 8708 26
1 8709 28
1 8710 26
1 8711 28
1 8712 26
1 8713 28
1 8714 26
1 8715 29
1 8716 26
1 8717 28
1 8718 26
1 8719 28
1 8720 26
1 8721 30
1 8722 25
1 8723 30
1 8724 25
1 8725 30
1 8726 26
1 8727 29
1 8728 26
1 8729 28
1 8730 26
1 8731 28
1 8732 26
1 8733 29
1 8734 26
1 8735 30
1 8736 26
1 8737 29
1 8738 26
1 8739 28
1 8740 26
1 8741 30
1 8742 25
1 8743 30
1 8744 26
1 8745 29
1 8746 26
1 8747 30
1 8748 26
1 8749 29
1 8750 26
1 8751 30
1 8752 26
1 8753 30
1 8754 25
1 8755 29
1 8756 26
1 8757 29
1 8758 26
1 8759 30
1 8760 25
1 8761 30
1 8762 25
1 8763 29
1 8764 26
1 8765 29
1 8766 26
1 8767 29
1 8768 26
1 8769 30
1 8770 26
1 8771 29
1 8772 26
1 8773 30
1 8774 25
1 8775 29
1 8776 26
1 8777 29
1 8778 26
1 8779 28
1 8780 26
1 8781 30
1 8782 25
1 8783 29
1 8784 26
1 8785 29
1 8786 26
1 8787 30
1 8788 26
1 8789 29
1 8790 26
1 8791 28
1 8792 26
1 8793 30
1 8794 26
1 8795 30
1 8796 26
1 8797 29
1 8798 26
1 8799 28
1 8800 26
1 8801 30
1 8802 25
1 8803 30
1 8804 26
1 8805 30
1 8806 26
1 8807 29
1 8808 26
1 8809 28
1 8810 26
1 8811 28
1 8812 26
1 8813 30
1 8814 26
1 8815 30
1 8816 26
1 8817 28
1 8818 25
1 8819 28
1 8820 26
1 8821 29
1 8822 25
1 8823 30
1 8824 25
1 8825 29
1 8826 25
1 8827 29
1 8828 26
1 8829 28
1 8830 26
1 8831 28
1 8832 26
1 8833 30
1 8834 26
1 8835 29
1 8836 26
1 8837 28
1 8838 26
1 8839 28
1 8840 26
1 8841 30
1 8842 25
1 8843 29
1 8844 26
1 8845 29
1 8846 26
1 8847 30
1 8848 26
1 8849 29
1 8850 26
1 8851 28
1 8852 26
1 8853 30
1 8854 25
1 8855 29
1 8856 25
1 8857 30
1 8858 26
1 8859 28
1 8860 26
1 8861 30
1 8862 25
1 8863 29
1 8864 25
1 8865 29
1 8866 26
1 8867 29
1 8868 25
1 8869 30
1 8870 26
1 8871 30
1 8872 26
1 8873 30
1 8874 25
1 8875 29
1 8876 26
1 8877 29
1 8878 26
1 8879 28
1 8880 26
1 8881 30
1 8882 25
1 8883 29
1 8884 26
1 8885 29
1 8886 26
1 8887 30
1 8888 26
1 8889 29
1 8890 26
1 8891 28
1 8892 26
1 8893 30
1 8894 26
1 8895 30
1 8896 26
1 8897 28
1 8898 26
1 8899 28
1 8900 26
1 8901 30
1 8902 25
1 8903 30
1 8904 25
1 8905 30
1 8906 26
1 8907 28
1 8908 26
1 8909 28
1 8910 26
1 8911 28
1 8912 26
1 8913 29
1 8914 26
1 8915 30
1 8916 26
1 8917 28
1 8918 26
1 8919 28
1 8920 26
1 8921 30
1 8922 25
1 8923 30
1 8924 25
1 8925 30
1 8926 26
1 8927 29
1 8928 26
1 8929 28
1 8930 26
1 8931 28
1 8932 26
1 8933 29
1 8934 26
1 8935 30
1 8936 26
1 8937 29
1 8938 26
1 8939 28
1 8940 26
1 8941 30
1 8942 25
1 8943 30
1 8944 26
1 8945 29
1 8946 25
1 8947 30
1 8948 26
1 8949 30
1 8950 26
1 8951 30
1 8952 26
1 8953 30
1 8954 25
1 8955 29
1 8956 26
1 8957 29
1 8958 26
1 8959 29
1 8960 25
1 8961 30
1 8962 25
1 8963 29
1 8964 25
1 8965 30
1 8966 25
1 8967 30
1 8968 25
1 8969 30
1 8970 26
1 8971 30
1 8972 26
1 8973 30
1 8974 25
1 8975 30
1 8976 26
1 8977 30
1 8978 26
1 8979 28
1 8980 26
1 8981 30
1 8982 25
1 8983 29
1 8984 26
1 8985 29
1 8986 26
1 8987 30
1 8988 26
1 8989 30
1 8990 26
1 8991 29
1 8992 26
1 8993 30
1 8994 26
1 8995 30
1 8996 26
1 8997 28
1 8998 26
1 8999 28
1 9000 26
1 9001 30
1 9002 25
1 9003 30
1 9004 25
1 9005 30
1 9006 26
1 9007 29
1 9008 26
1 9009 28
1 9010 26
1 9011 28
1 9012 26
1 9013 29
1 9014 26
1 9015 30
1 9016 26
1 9017 28
1 9018 26
1 9019 28
1 9020 26
1 9021 30
1 9022 25
1 9023 30
1 9024 25
1 9025 30
1 9026 26
1 9027 28
1 9028 26
1 9029 28
1 9030 26
1 9031 28
1 9032 26
1 9033 30
1 9034 26
1 9035 30
1 9036 26
1 9037 29
1 9038 26
1 9039 28
1 9040 26
1 9041 30
1 9042 25
1 9043 29
1 9044 26
1 9045 29
1 9046 26
1 9047 30
1 9048 25
1 9049 30
1 9050 26
1 9051 30
1 9052 26
1 9053 30
1 9054 25
1 9055 29
1 9056 25
1 9057 29
1 9058 26
1 9059 28
1 9060 26
1 9061 30
1 9062 26
1 9063 29
1 9064 26
1 9065 29
1 9066 26
1 9067 29
1 9068 26
1 9069 30
1 9070 26
1 9071 30
1 9072 26
1 9073 30
1 9074 25
1 9075 29
1 9076 26
1 9077 29
1 9078 26
1 9079 30
1 9080 25
1 9081 30
1 9082 25
1 9083 29
1 9084 25
1 9085 30
1 9086 25
1 9087 30
1 9088 26
1 9089 28
1 9090 26
1 9091 28
1 9092 26
1 9093 28
1 9094 26
1 9095 30
1 9096 26
1 9097 28
1 9098 26
1 9099 28
1 9100 26
1 9101 29
1 9102 26
1 9103 30
1 9104 25
1 9105 30
1 9106 26
1 9107 28
1 9108 26
1 9109 28
1 9110 26
1 9111 28
1 9112 26
1 9113 30
1 9114 26
1 9115 30
1 9116 26
1 9117 29
1 9118 26
1 9119 28
1 9120 26
1 9121 30
1 9122 25
1 9123 30
1 9124 25
1 9125 30
1 9126 26
1 9127 30
1 9128 26
1 9129 29
1 9130 26
1 9131 28
1 9132 26
1 9133 30
1 9134 25
1 9135 30
1 9136 26
1 9137 29
1 9138 26
1 9139 28
1 9140 26
1 9141 30
1 9142 25
1 9143 29
1 9144 26
1 9145 29
1 9146 26
1 9147 29
1 9148 26
1 9149 30
1 9150 26
1 9151 30
1 9152 25
1 9153 30
1 9154 25
1 9155 30
1 9156 26
1 9157 30
1 9158 26
1 9159 30
1 9160 25
1 9161 30
1 9162 25
1 9163 29
1 9164 26
1 9165 29
1 9166 26
1 9167 29
1 9168 25
1 9169 30
1 9170 26
1 9171 29
1 9172 26
1 9173 30
1 9174 25
1 9175 30
1 9176 26
1 9177 29
1 9178 26
1 9179 28
1 9180 26
1 9181 30
1 9182 25
1 9183 29
1 9184 26
1 9185 30
1 9186 25
1 9187 29
1 9188 26
1 9189 28
1 9190 26
1 9191 28
1 9192 26
1 9193 30
1 9194 26
1 9195 30
1 9196 26
1 9197 28
1 9198 26
1 9199 28
1 9200 26
1 9201 30
1 9202 25
1 9203 30
1 9204 26
1 9205 30
1 9206 26
1 9207 28
1 9208 26
1 9209 28
1 9210 26
1 9211 28
1 9212 26
1 9213 29
1 9214 26
1 9215 30
1 9216 26
1 9217 28
1 9218 25
1 9219 27
1 9220 26
1 9221 28
1 9222 26
1 9223 30
1 9224 25
1 9225 30
1 9226 26
1 9227 29
1 9228 26
1 9229 28
1 9230 26
1 9231 28
1 9232 26
1 9233 30
1 9234 26
1 9235 30
1 9236 26
1 9237 29
1 9238 26
1 9239 28
1 9240 26
1 9241 30
1 9242 25
1 9243 29
1 9244 26
1 9245 29
1 9246 26
1 9247 29
1 9248 26
1 9249 30
1 9250 26
1 9251 29
1 9252 26
1 9253 30
1 9254 25
1 9255 29
1 9256 25
1 9257 30
1 9258 26
1 9259 30
1 9260 25
1 9261 30
1 9262 26
1 9263 29
1 9264 26
1 9265 29
1 9266 26
1 9267 30
1 9268 25
1 9269 30
1 9270 26
1 9271 30
1 9272 26
1 9273 30
1 9274 25
1 9275 30
1 9276 26
1 9277 30
1 9278 26
1 9279 28
1 9280 26
1 9281 30
1 9282 25
1 9283 30
1 9284 25
1 9285 30
1 9286 25
1 9287 29
1 9288 26
1 9289 29
1 9290 26
1 9291 28
1 9292 26
1 9293 30
1 9294 26
1 9295 30
1 9296 26
1 9297 28
1 9298 26
1 9299 28
1 9300 26
1 9301 30
1 9302 25
1 9303 30
1 9304 25
1 9305 30
1 9306 26
1 9307 29
1 9308 26
1 9309 28
1 9310 26
1 9311 28
1 9312 26
1 9313 30
1 9314 26
1 9315 29
1 9316 26
1 9317 28
1 9318 26
1 9319 28
1 9320 26
1 9321 30
1 9322 25
1 9323 30
1 9324 25
1 9325 29
1 9326 25
1 9327 30
1 9328 25
1 9329 30
1 9330 26
1 9331 29
1 9332 26
1 9333 30
1 9334 25
1 9335 30
1 9336 26
1 9337 29
1 9338 26
1 9339 28
1 9340 26
1 9341 30
1 9342 25
1 9343 29
1 9344 26
1 9345 29
1 9346 26
1 9347 29
1 9348 26
1 9349 30
1 9350 26
1 9351 30
1 9352 25
1 9353 30
1 9354 25
1 9355 29
1 9356 25
1 9357 30
1 9358 26
1 9359 28
1 9360 25
1 9361 30
1 9362 25
1 9363 29
1 9364 26
1 9365 29
1 9366 26
1 9367 29
1 9368 26
1 9369 30
1 9370 26
1 9371 30
1 9372 25
1 9373 30
1 9374 25
1 9375 30
1 9376 26
1 9377 29
1 9378 26
1 9379 28
1 9380 26
1 9381 30
1 9382 25
1 9383 30
1 9384 26
1 9385 29
1 9386 25
1 9387 29
1 9388 26
1 9389 28
1 9390 26
1 9391 28
1 9392 26
1 9393 30
1 9394 26
1 9395 30
1 9396 26
1 9397 28
1 9398 26
1 9399 28
1 9400 26
1 9401 29
1 9402 26
1 9403 30
1 9404 25
1 9405 30
1 9406 25
1 9407 29
1 9408 26
1 9409 28
1 9410 26
1 9411 28
1 9412 26
1 9413 29
1 9414 26
1 9415 30
1 9416 26
1 9417 28
1 9418 26
1 9419 28
1 9420 26
1 9421 30
1 9422 25
1 9423 29
1 9424 26
1 9425 29
1 9426 25
1 9427 29
1 9428 26
1 9429 29
1 9430 26
1 9431 29
1 9432 26
1 9433 30
1 9434 25
1 9435 30
1 9436 26
1 9437 29
1 9438 26
1 9439 30
1 9440 25
1 9441 30
1 9442 25
1 9443 29
1 9444 25
1 9445 29
1 9446 26
1 9447 29
1 9448 25
1 9449 30
1 9450 26
1 9451 30
1 9452 25
1 9453 30
1 9454 25
1 9455 29
1 9456 25
1 9457 30
1 9458 26
1 9459 28
1 9460 26
1 9461 30
1 9462 26
1 9463 29
1 9464 26
1 9465 29
1 9466 26
1 9467 30
1 9468 25
1 9469 30
1 9470 26
1 9471 30
1 9472 25
1 9473 30
1 9474 26
1 9475 29
1 9476 26
1 9477 28
1 9478 26
1 9479 28
1 9480 26
1 9481 30
1 9482 25
1 9483 30
1 9484 25
1 9485 30
1 9486 26
1 9487 29
1 9488 26
1 9489 29
1 9490 26
1 9491 28
1 9492 26
1 9493 30
1 9494 26
1 9495 30
1 9496 26
1 9497 28
1 9498 26
1 9499 28
1 9500 26
1 9501 30
1 9502 25
1 9503 30
1 9504 25
1 9505 30
1 9506 26
1 9507 28
1 9508 26
1 9509 28
1 9510 26
1 9511 28
1 9512 26
1 9513 30
1 9514 26
1 9515 30
1 9516 26
1 9517 29
1 9518 26
1 9519 28
1 9520 26
1 9521 30
1 9522 25
1 9523 29
1 9524 26
1 9525 29
1 9526 26
1 9527 30
1 9528 25
1 9529 30
1 9530 26
1 9531 29
1 9532 26
1 9533 30
1 9534 25
1 9535 29
1 9536 25
1 9537 29
1 9538 26
1 9539 28
1 9540 26
1 9541 30
1 9542 25
1 9543 29
1 9544 26
1 9545 29
1 9546 26
1 9547 29
1 9548 26
1 9549 30
1 9550 25
1 9551 30
1 9552 25
1 9553 30
1 9554 25
1 9555 29
1 9556 26
1 9557 30
1 9558 26
1 9559 30
1 9560 25
1 9561 30
1 9562 25
1 9563 29
1 9564 26
1 9565 29
1 9566 26
1 9567 29
1 9568 25
1 9569 30
1 9570 26
1 9571 28
1 9572 26
1 9573 29
1 9574 26
1 9575 30
1 9576 26
1 9577 29
1 9578 26
1 9579 28
1 9580 26
1 9581 29
1 9582 25
1 9583 30
1 9584 25
1 9585 30
1 9586 25
1 9587 29
1 9588 26
1 9589 28
1 9590 26
1 9591 28
1 9592 26
1 9593 30
1 9594 26
1 9595 30
1 9596 26
1 9597 29
1 9598 26
1 9599 28
1 9600 26
1 9601 30
1 9602 26
1 9603 29
1 9604 26
1 9605 30
1 9606 26
1 9607 29
1 9608 26
1 9609 28
1 9610 26
1 9611 28
1 9612 26
1 9613 30
1 9614 26
1 9615 30
1 9616 26
1 9617 29
1 9618 26
1 9619 28
1 9620 26
1 9621 30
1 9622 25
1 9623 30
1 9624 26
1 9625 29
1 9626 25
1 9627 30
1 9628 26
1 9629 30
1 9630 26
1 9631 30
1 9632 25
1 9633 30
1 9634 25
1 9635 29
1 9636 26
1 9637 30
1 9638 26
1 9639 28
1 9640 25
1 9641 30
1 9642 25
1 9643 29
1 9644 26
1 9645 29
1 9646 26
1 9647 29
1 9648 26
1 9649 30
1 9650 25
1 9651 30
1 9652 25
1 9653 30
1 9654 26
1 9655 29
1 9656 25
1 9657 29
1 9658 26
1 9659 29
1 9660 26
1 9661 30
1 9662 26
1 9663 29
1 9664 26
1 9665 29
1 9666 26
1 9667 29
1 9668 26
1 9669 29
1 9670 26
1 9671 28
1 9672 26
1 9673 30
1 9674 26
1 9675 30
1 9676 26
1 9677 28
1 9678 26
1 9679 28
1 9680 26
1 9681 30
1 9682 25
1 9683 30
1 9684 25
1 9685 30
1 9686 25
1 9687 29
1 9688 26
1 9689 28
1 9690 26
1 9691 28
1 9692 26
1 9693 30
1 9694 26
1 9695 30
1 9696 26
1 9697 28
1 9698 26
1 9699 28
1 9700 26
1 9701 30
1 9702 25
1 9703 30
1 9704 25
1 9705 30
1 9706 25
1 9707 29
1 9708 26
1 9709 28
1 9710 26
1 9711 28
1 9712 26
1 9713 30
1 9714 26
1 9715 30
1 9716 26
1 9717 29
1 9718 26
1 9719 28
1 9720 26
1 9721 30
1 9722 25
1 9723 29
1 9724 26
1 9725 29
1 9726 26
1 9727 29
1 9728 25
1 9729 30
1 9730 26
1 9731 28
1 9732 26
1 9733 30
1 9734 25
1 9735 30
1 9736 26
1 9737 30
1 9738 26
1 9739 29
1 9740 25
1 9741 30
1 9742 26
1 9743 29
1 9744 26
1 9745 29
1 9746 26
1 9747 30
1 9748 26
1 9749 30
1 9750 25
1 9751 30
1 9752 25
1 9753 30
1 9754 25
1 9755 29
1 9756 25
1 9757 30
1 9758 26
1 9759 28
1 9760 25
1 9761 30
1 9762 25
1 9763 29
1 9764 26
1 9765 29
1 9766 26
1 9767 29
1 9768 25
1 9769 30
1 9770 26
1 9771 28
1 9772 26
1 9773 29
1 9774 26
1 9775 30
1 9776 26
1 9777 29
1 9778 26
1 9779 28
1 9780 26
1 9781 30
1 9782 25
1 9783 30
1 9784 26
1 9785 29
1 9786 25
1 9787 29
1 9788 26
1 9789 28
1 9790 26
1 9791 28
1 9792 26
1 9793 29
1 9794 26
1 9795 29
1 9796 26
1 9797 28
1 9798 26
1 9799 28
1 9800 26
1 9801 30
1 9802 25
1 9803 30
1 9804 25
1 9805 30
1 9806 26
1 9807 29
1 9808 26
1 9809 29
1 9810 26
1 9811 29
1 9812 26
1 9813 30
1 9814 26
1 9815 30
1 9816 26
1 9817 29
1 9818 26
1 9819 28
1 9820 26
1 9821 30
1 9822 25
1 9823 29
1 9824 26
1 9825 29
1 9826 26
1 9827 29
1 9828 26
1 9829 30
1 9830 26
1 9831 30
1 9832 26
1 9833 30
1 9834 25
1 9835 29
1 9836 26
1 9837 30
1 9838 26
1 9839 30
1 9840 25
1 9841 30
1 9842 26
1 9843 29
1 9844 26
1 9845 29
1 9846 26
1 9847 29
1 9848 26
1 9849 30
1 9850 25
1 9851 30
1 9852 25
1 9853 30
1 9854 25
1 9855 29
1 9856 25
1 9857 29
1 9858 26
1 9859 28
1 9860 26
1 9861 30
1 9862 25
1 9863 29
1 9864 26
1 9865 29
1 9866 26
1 9867 29
1 9868 26
1 9869 28
1 9870 26
1 9871 29
1 9872 26
1 9873 30
1 9874 26
1 9875 30
1 9876 26
1 9877 29
1 9878 26
1 9879 28
1 9880 26
1 9881 30
1 9882 25
1 9883 30
1 9884 25
1 9885 30
1 9886 26
1 9887 29
1 9888 26
1 9889 29
1 9890 26
1 9891 28
1 9892 26
1 9893 29
1 9894 26
1 9895 30
1 9896 26
1 9897 28
1 9898 26
1 9899 28
1 9900 26
1 9901 30
1 9902 25
1 9903 30
1 9904 26
1 9905 30
1 9906 25
1 9907 29
1 9908 26
1 9909 29
1 9910 26
1 9911 29
1 9912 26
1 9913 30
1 9914 25
1 9915 30
1 9916 26
1 9917 29
1 9918 26
1 9919 29
1 9920 25
1 9921 30
1 9922 25
1 9923 29
1 9924 25
1 9925 30
1 9926 26
1 9927 30
1 9928 25
1 9929 30
1 9930 25
1 9931 30
1 9932 25
1 9933 30
1 9934 25
1 9935 29
1 9936 25
1 9937 30
1 9938 26
1 9939 28
1 9940 26
1 9941 30
1 9942 26
1 9943 29
1 9944 26
1 9945 29
1 9946 26
1 9947 29
1 9948 26
1 9949 30
1 9950 25
1 9951 30
1 9952 25
1 9953 30
1 9954 25
1 9955 29
1 9956 26
1 9957 29
1 9958 26
1 9959 28
1 9960 26
1 9961 30
1 9962 25
1 9963 29
1 9964 26
1 9965 29
1 9966 26
1 9967 30
1 9968 25
1 9969 29
1 9970 26
1 9971 28
1 9972 26
1 9973 30
1 9974 25
1 9975 30
1 9976 26
1 9977 29
1 9978 26
1 9979 28
1 9980 26
1 9981 30
1 9982 25
1 9983 30
1 9984 26
1 9985 30
1 9986 26
1 9987 28
1 9988 26
1 9989 28
1 9990 26
1 9991 28
1 9992 26
1 9993 30
1 9994 26
1 9995 30
1 9996 26
1 9997 28
1 9998 26
1 9999 28
