1 0 27
1 1 27
1 2 27
1 3 27
1 4 27
1 5 27
1 6 27
1 7 27
1 8 27
1 9 27
1 10 27
1 11 28
1 12 28
1 13 30
1 14 30
1 15 27
1 16 25
1 17 28
1 18 26
1 19 24
1 20 25
1 21 27
1 22 25
1 23 28
1 24 27
1 25 26
1 26 25
1 27 23
1 28 26
1 29 26
1 30 26
1 31 27
1 32 28
1 33 28
1 34 27
1 35 27
1 36 25
1 37 28
1 38 27
1 39 24
1 40 25
1 41 24
1 42 25
1 43 30
1 44 29
1 45 27
1 46 25
1 47 24
1 48 25
1 49 26
1 50 24
1 51 27
1 52 29
1 53 29
1 54 27
1 55 26
1 56 25
1 57 30
1 58 25
1 59 25
1 60 26
1 61 24
1 62 25
1 63 28
1 64 28
1 65 25
1 66 25
1 67 25
1 68 25
1 69 26
1 70 24
1 71 27
1 72 29
1 73 29
1 74 27
1 75 26
1 76 26
1 77 28
1 78 26
1 79 25
1 80 25
1 81 24
1 82 25
1 83 28
1 84 27
1 85 25
1 86 25
1 87 25
1 88 25
1 89 27
1 90 24
1 91 26
1 92 29
1 93 28
1 94 27
1 95 27
1 96 26
1 97 27
1 98 26
1 99 25
1 100 24
1 101 24
1 102 25
1 103 28
1 104 27
1 105 27
1 106 24
1 107 25
1 108 25
1 109 27
1 110 24
1 111 27
1 112 29
1 113 29
1 114 27
1 115 27
1 116 26
1 117 27
1 118 26
1 119 25
1 120 25
1 121 24
1 122 25
1 123 28
1 124 27
1 125 25
1 126 25
1 127 24
1 128 24
1 129 26
1 130 24
1 131 26
1 132 29
1 133 28
1 134 27
1 135 27
1 136 25
1 137 27
1 138 26
1 139 25
1 140 24
1 141 24
1 142 25
1 143 28
1 144 27
1 145 25
1 146 25
1 147 25
1 148 25
1 149 27
1 150 24
1 151 27
1 152 29
1 153 29
1 154 27
1 155 27
1 156 26
1 157 27
1 158 26
1 159 25
1 160 24
1 161 24
1 162 25
1 163 28
1 164 27
1 165 27
1 166 24
1 167 25
1 168 25
1 169 27
1 170 26
1 171 27
1 172 31
1 173 28
1 174 27
1 175 27
1 176 25
1 177 27
1 178 26
1 179 24
1 180 24
1 181 25
1 182 25
1 183 29
1 184 27
1 185 28
1 186 25
1 187 24
1 188 24
1 189 28
1 190 26
1 191 27
1 192 31
1 193 28
1 194 27
1 195 26
1 196 25
1 197 27
1 198 27
1 199 24
1 200 24
1 201 26
1 202 25
1 203 28
1 204 27
1 205 28
1 206 25
1 207 24
1 208 24
1 209 28
1 210 26
1 211 28
1 212 31
1 213 28
1 214 27
1 215 27
1 216 25
1 217 27
1 218 26
1 219 24
1 220 24
1 221 25
1 222 25
1 223 29
1 224 27
1 225 28
1 226 24
1 227 24
1 228 24
1 229 28
1 230 26
1 231 27
1 232 31
1 233 28
1 234 27
1 235 27
1 236 25
1 237 27
1 238 25
1 239 24
1 240 24
1 241 25
1 242 25
1 243 29
1 244 27
1 245 28
1 246 24
1 247 25
1 248 24
1 249 27
1 250 26
1 251 27
1 252 31
1 253 28
1 254 27
1 255 26
1 256 25
1 257 27
1 258 27
1 259 24
1 260 25
1 261 27
1 262 26
1 263 27
1 264 27
1 265 27
1 266 24
1 267 24
1 268 25
1 269 29
1 270 27
1 271 28
1 272 30
1 273 29
1 274 26
1 275 26
1 276 25
1 277 28
1 278 27
1 279 24
1 280 25
1 281 27
1 282 25
1 283 27
1 284 28
1 285 28
1 286 26
1 287 24
1 288 25
1 289 29
1 290 27
1 291 29
1 292 30
1 293 29
1 294 26
1 295 25
1 296 25
1 297 27
1 298 27
1 299 24
1 300 25
1 301 27
1 302 25
1 303 27
1 304 28
1 305 28
1 306 25
1 307 23
1 308 26
1 309 29
1 310 27
1 311 28
1 312 30
1 313 29
1 314 26
1 315 26
1 316 25
1 317 28
1 318 27
1 319 24
1 320 25
1 321 27
1 322 25
1 323 27
1 324 28
1 325 28
1 326 25
1 327 24
1 328 25
1 329 28
1 330 27
1 331 28
1 332 31
1 333 29
1 334 26
1 335 26
1 336 25
1 337 27
1 338 27
1 339 24
1 340 25
1 341 27
1 342 25
1 343 27
1 344 27
1 345 27
1 346 24
1 347 24
1 348 25
1 349 29
1 350 27
1 351 28
1 352 30
1 353 29
1 354 26
1 355 25
1 356 27
1 357 27
1 358 27
1 359 24
1 360 25
1 361 27
1 362 25
1 363 27
1 364 29
1 365 28
1 366 25
1 367 25
1 368 26
1 369 29
1 370 26
1 371 29
1 372 28
1 373 26
1 374 27
1 375 24
1 376 27
1 377 26
1 378 28
1 379 24
1 380 25
1 381 27
1 382 24
1 383 27
1 384 30
1 385 27
1 386 25
1 387 25
1 388 27
1 389 28
1 390 26
1 391 28
1 392 28
1 393 26
1 394 27
1 395 24
1 396 25
1 397 26
1 398 28
1 399 24
1 400 25
1 401 27
1 402 24
1 403 27
1 404 30
1 405 27
1 406 24
1 407 25
1 408 26
1 409 29
1 410 26
1 411 29
1 412 28
1 413 26
1 414 27
1 415 24
1 416 27
1 417 26
1 418 28
1 419 24
1 420 25
1 421 27
1 422 24
1 423 27
1 424 30
1 425 28
1 426 25
1 427 25
1 428 26
1 429 29
1 430 26
1 431 29
1 432 29
1 433 28
1 434 27
1 435 24
1 436 25
1 437 26
1 438 28
1 439 24
1 440 24
1 441 27
1 442 24
1 443 27
1 444 30
1 445 28
1 446 25
1 447 25
1 448 26
1 449 29
1 450 27
1 451 28
1 452 28
1 453 26
1 454 28
1 455 24
1 456 27
1 457 27
1 458 28
1 459 25
1 460 25
1 461 26
1 462 24
1 463 27
1 464 30
1 465 27
1 466 24
1 467 25
1 468 25
1 469 28
1 470 26
1 471 28
1 472 28
1 473 26
1 474 28
1 475 24
1 476 25
1 477 27
1 478 28
1 479 24
1 480 25
1 481 26
1 482 25
1 483 29
1 484 30
1 485 27
1 486 25
1 487 25
1 488 26
1 489 28
1 490 26
1 491 28
1 492 27
1 493 26
1 494 28
1 495 26
1 496 25
1 497 27
1 498 27
1 499 24
1 500 25
1 501 26
1 502 25
1 503 28
1 504 30
1 505 27
1 506 25
1 507 25
1 508 26
1 509 28
1 510 26
1 511 28
1 512 28
1 513 26
1 514 28
1 515 26
1 516 26
1 517 27
1 518 27
1 519 25
1 520 25
1 521 26
1 522 25
1 523 28
1 524 30
1 525 27
1 526 24
1 527 25
1 528 26
1 529 28
1 530 26
1 531 28
1 532 28
1 533 26
1 534 27
1 535 25
1 536 25
1 537 27
1 538 28
1 539 25
1 540 25
1 541 26
1 542 25
1 543 28
1 544 30
1 545 28
1 546 25
1 547 25
1 548 26
1 549 28
1 550 26
1 551 28
1 552 27
1 553 26
1 554 28
1 555 26
1 556 26
1 557 27
1 558 28
1 559 24
1 560 25
1 561 26
1 562 26
1 563 29
1 564 30
1 565 27
1 566 25
1 567 25
1 568 26
1 569 28
1 570 27
1 571 29
1 572 27
1 573 27
1 574 28
1 575 26
1 576 26
1 577 27
1 578 29
1 579 25
1 580 25
1 581 23
1 582 26
1 583 28
1 584 30
1 585 27
1 586 25
1 587 24
1 588 25
1 589 28
1 590 28
1 591 29
1 592 27
1 593 27
1 594 26
1 595 26
1 596 27
1 597 27
1 598 29
1 599 25
1 600 25
1 601 23
1 602 26
1 603 28
1 604 30
1 605 27
1 606 25
1 607 25
1 608 25
1 609 28
1 610 27
1 611 29
1 612 27
1 613 27
1 614 28
1 615 26
1 616 26
1 617 27
1 618 28
1 619 24
1 620 25
1 621 25
1 622 26
1 623 29
1 624 30
1 625 27
1 626 25
1 627 25
1 628 26
1 629 28
1 630 26
1 631 28
1 632 27
1 633 26
1 634 28
1 635 26
1 636 26
1 637 27
1 638 28
1 639 25
1 640 25
1 641 26
1 642 26
1 643 29
1 644 30
1 645 27
1 646 25
1 647 25
1 648 25
1 649 28
1 650 27
1 651 29
1 652 27
1 653 27
1 654 27
1 655 26
1 656 26
1 657 27
1 658 29
1 659 25
1 660 25
1 661 24
1 662 26
1 663 28
1 664 30
1 665 27
1 666 26
1 667 24
1 668 25
1 669 26
1 670 28
1 671 29
1 672 27
1 673 27
1 674 28
1 675 26
1 676 27
1 677 27
1 678 28
1 679 25
1 680 25
1 681 24
1 682 26
1 683 27
1 684 30
1 685 27
1 686 26
1 687 24
1 688 25
1 689 26
1 690 28
1 691 30
1 692 27
1 693 27
1 694 27
1 695 26
1 696 27
1 697 27
1 698 28
1 699 25
1 700 25
1 701 24
1 702 26
1 703 28
1 704 30
1 705 27
1 706 26
1 707 24
1 708 25
1 709 27
1 710 28
1 711 29
1 712 27
1 713 27
1 714 27
1 715 26
1 716 27
1 717 27
1 718 29
1 719 25
1 720 25
1 721 23
1 722 26
1 723 28
1 724 30
1 725 27
1 726 25
1 727 24
1 728 25
1 729 28
1 730 27
1 731 29
1 732 27
1 733 27
1 734 27
1 735 26
1 736 27
1 737 27
1 738 28
1 739 25
1 740 25
1 741 24
1 742 26
1 743 28
1 744 30
1 745 27
1 746 26
1 747 24
1 748 25
1 749 26
1 750 28
1 751 29
1 752 27
1 753 27
1 754 28
1 755 26
1 756 27
1 757 27
1 758 29
1 759 25
1 760 25
1 761 24
1 762 26
1 763 27
1 764 28
1 765 27
1 766 26
1 767 24
1 768 25
1 769 24
1 770 28
1 771 29
1 772 26
1 773 28
1 774 27
1 775 26
1 776 28
1 777 27
1 778 28
1 779 25
1 780 24
1 781 25
1 782 26
1 783 27
1 784 28
1 785 27
1 786 25
1 787 24
1 788 25
1 789 24
1 790 28
1 791 30
1 792 26
1 793 27
1 794 27
1 795 27
1 796 29
1 797 27
1 798 29
1 799 25
1 800 25
1 801 25
1 802 26
1 803 27
1 804 28
1 805 27
1 806 26
1 807 24
1 808 25
1 809 26
1 810 28
1 811 29
1 812 27
1 813 27
1 814 28
1 815 26
1 816 27
1 817 27
1 818 28
1 819 25
1 820 25
1 821 24
1 822 26
1 823 28
1 824 30
1 825 27
1 826 25
1 827 24
1 828 25
1 829 28
1 830 28
1 831 29
1 832 27
1 833 27
1 834 28
1 835 27
1 836 28
1 837 27
1 838 29
1 839 25
1 840 25
1 841 24
1 842 26
1 843 27
1 844 30
1 845 27
1 846 26
1 847 24
1 848 25
1 849 25
1 850 28
1 851 30
1 852 26
1 853 27
1 854 27
1 855 27
1 856 28
1 857 27
1 858 28
1 859 25
1 860 24
1 861 25
1 862 26
1 863 27
1 864 28
1 865 27
1 866 24
1 867 24
1 868 25
1 869 24
1 870 28
1 871 30
1 872 26
1 873 28
1 874 27
1 875 26
1 876 29
1 877 26
1 878 27
1 879 25
1 880 24
1 881 25
1 882 26
1 883 27
1 884 29
1 885 27
1 886 25
1 887 24
1 888 25
1 889 24
1 890 28
1 891 30
1 892 26
1 893 28
1 894 27
1 895 26
1 896 29
1 897 27
1 898 27
1 899 25
1 900 24
1 901 26
1 902 26
1 903 27
1 904 28
1 905 27
1 906 25
1 907 24
1 908 25
1 909 24
1 910 28
1 911 30
1 912 26
1 913 27
1 914 27
1 915 27
1 916 29
1 917 27
1 918 28
1 919 25
1 920 25
1 921 25
1 922 26
1 923 27
1 924 30
1 925 26
1 926 26
1 927 24
1 928 25
1 929 26
1 930 28
1 931 30
1 932 26
1 933 27
1 934 27
1 935 27
1 936 27
1 937 27
1 938 28
1 939 25
1 940 25
1 941 25
1 942 26
1 943 27
1 944 29
1 945 27
1 946 26
1 947 24
1 948 25
1 949 24
1 950 28
1 951 30
1 952 26
1 953 28
1 954 27
1 955 26
1 956 29
1 957 27
1 958 27
1 959 25
1 960 24
1 961 26
1 962 27
1 963 27
1 964 29
1 965 28
1 966 25
1 967 25
1 968 26
1 969 24
1 970 27
1 971 29
1 972 26
1 973 28
1 974 27
1 975 27
1 976 29
1 977 25
1 978 28
1 979 26
1 980 24
1 981 26
1 982 27
1 983 27
1 984 29
1 985 27
1 986 24
1 987 24
1 988 26
1 989 24
1 990 28
1 991 30
1 992 26
1 993 28
1 994 27
1 995 26
1 996 29
1 997 25
1 998 27
1 999 25
1 1000 24
1 1001 25
1 1002 26
1 1003 27
1 1004 29
1 1005 27
1 1006 26
1 1007 24
1 1008 25
1 1009 24
1 1010 28
1 1011 30
1 1012 26
1 1013 27
1 1014 27
1 1015 27
1 1016 28
1 1017 27
1 1018 28
1 1019 25
1 1020 25
1 1021 25
1 1022 26
1 1023 27
1 1024 30
1 1025 27
1 1026 24
1 1027 24
1 1028 25
1 1029 24
1 1030 28
1 1031 30
1 1032 26
1 1033 28
1 1034 27
1 1035 26
1 1036 29
1 1037 27
1 1038 28
1 1039 25
1 1040 24
1 1041 25
1 1042 26
1 1043 27
1 1044 28
1 1045 27
1 1046 25
1 1047 24
1 1048 25
1 1049 24
1 1050 28
1 1051 30
1 1052 26
1 1053 28
1 1054 27
1 1055 26
1 1056 29
1 1057 25
1 1058 28
1 1059 26
1 1060 24
1 1061 26
1 1062 27
1 1063 27
1 1064 29
1 1065 28
1 1066 25
1 1067 24
1 1068 26
1 1069 24
1 1070 27
1 1071 29
1 1072 26
1 1073 28
1 1074 28
1 1075 27
1 1076 28
1 1077 25
1 1078 28
1 1079 26
1 1080 24
1 1081 26
1 1082 27
1 1083 27
1 1084 29
1 1085 28
1 1086 24
1 1087 25
1 1088 26
1 1089 24
1 1090 27
1 1091 29
1 1092 27
1 1093 28
1 1094 27
1 1095 27
1 1096 29
1 1097 25
1 1098 28
1 1099 25
1 1100 24
1 1101 26
1 1102 26
1 1103 27
1 1104 28
1 1105 27
1 1106 25
1 1107 24
1 1108 25
1 1109 24
1 1110 28
1 1111 30
1 1112 26
1 1113 28
1 1114 27
1 1115 27
1 1116 29
1 1117 27
1 1118 28
1 1119 25
1 1120 25
1 1121 25
1 1122 26
1 1123 27
1 1124 28
1 1125 27
1 1126 26
1 1127 24
1 1128 25
1 1129 24
1 1130 28
1 1131 30
1 1132 26
1 1133 28
1 1134 27
1 1135 26
1 1136 29
1 1137 27
1 1138 27
1 1139 25
1 1140 24
1 1141 26
1 1142 26
1 1143 27
1 1144 29
1 1145 27
1 1146 25
1 1147 24
1 1148 26
1 1149 24
1 1150 27
1 1151 29
1 1152 27
1 1153 28
1 1154 27
1 1155 27
1 1156 28
1 1157 25
1 1158 27
1 1159 26
1 1160 24
1 1161 26
1 1162 27
1 1163 26
1 1164 29
1 1165 28
1 1166 23
1 1167 25
1 1168 26
1 1169 25
1 1170 27
1 1171 29
1 1172 26
1 1173 28
1 1174 28
1 1175 27
1 1176 29
1 1177 25
1 1178 28
1 1179 26
1 1180 24
1 1181 26
1 1182 27
1 1183 27
1 1184 29
1 1185 28
1 1186 23
1 1187 25
1 1188 26
1 1189 25
1 1190 27
1 1191 30
1 1192 27
1 1193 28
1 1194 27
1 1195 26
1 1196 29
1 1197 25
1 1198 27
1 1199 27
1 1200 24
1 1201 26
1 1202 27
1 1203 27
1 1204 29
1 1205 27
1 1206 25
1 1207 24
1 1208 25
1 1209 24
1 1210 28
1 1211 30
1 1212 26
1 1213 28
1 1214 27
1 1215 26
1 1216 29
1 1217 27
1 1218 27
1 1219 25
1 1220 24
1 1221 26
1 1222 26
1 1223 27
1 1224 28
1 1225 27
1 1226 25
1 1227 24
1 1228 25
1 1229 24
1 1230 28
1 1231 30
1 1232 26
1 1233 28
1 1234 27
1 1235 26
1 1236 29
1 1237 27
1 1238 27
1 1239 26
1 1240 24
1 1241 26
1 1242 26
1 1243 27
1 1244 29
1 1245 27
1 1246 25
1 1247 25
1 1248 25
1 1249 24
1 1250 27
1 1251 29
1 1252 27
1 1253 28
1 1254 27
1 1255 27
1 1256 29
1 1257 25
1 1258 28
1 1259 26
1 1260 24
1 1261 26
1 1262 27
1 1263 27
1 1264 29
1 1265 28
1 1266 23
1 1267 25
1 1268 26
1 1269 25
1 1270 27
1 1271 29
1 1272 26
1 1273 28
1 1274 28
1 1275 27
1 1276 28
1 1277 26
1 1278 28
1 1279 26
1 1280 24
1 1281 26
1 1282 26
1 1283 26
1 1284 29
1 1285 28
1 1286 23
1 1287 25
1 1288 26
1 1289 25
1 1290 27
1 1291 29
1 1292 26
1 1293 28
1 1294 27
1 1295 26
1 1296 29
1 1297 25
1 1298 28
1 1299 26
1 1300 24
1 1301 26
1 1302 26
1 1303 27
1 1304 28
1 1305 27
1 1306 25
1 1307 24
1 1308 25
1 1309 24
1 1310 28
1 1311 30
1 1312 26
1 1313 28
1 1314 27
1 1315 26
1 1316 29
1 1317 26
1 1318 27
1 1319 25
1 1320 24
1 1321 24
1 1322 26
1 1323 27
1 1324 28
1 1325 27
1 1326 26
1 1327 24
1 1328 25
1 1329 24
1 1330 27
1 1331 29
1 1332 27
1 1333 28
1 1334 27
1 1335 26
1 1336 29
1 1337 25
1 1338 28
1 1339 27
1 1340 24
1 1341 26
1 1342 26
1 1343 27
1 1344 29
1 1345 28
1 1346 23
1 1347 24
1 1348 26
1 1349 25
1 1350 27
1 1351 29
1 1352 26
1 1353 28
1 1354 28
1 1355 27
1 1356 29
1 1357 25
1 1358 28
1 1359 26
1 1360 24
1 1361 25
1 1362 26
1 1363 26
1 1364 29
1 1365 28
1 1366 24
1 1367 25
1 1368 26
1 1369 25
1 1370 27
1 1371 29
1 1372 27
1 1373 28
1 1374 28
1 1375 27
1 1376 29
1 1377 26
1 1378 27
1 1379 26
1 1380 24
1 1381 25
1 1382 26
1 1383 27
1 1384 29
1 1385 28
1 1386 25
1 1387 25
1 1388 26
1 1389 24
1 1390 27
1 1391 30
1 1392 27
1 1393 28
1 1394 27
1 1395 26
1 1396 29
1 1397 25
1 1398 27
1 1399 26
1 1400 24
1 1401 25
1 1402 27
1 1403 27
1 1404 29
1 1405 27
1 1406 26
1 1407 24
1 1408 25
1 1409 24
1 1410 27
1 1411 29
1 1412 26
1 1413 28
1 1414 27
1 1415 26
1 1416 29
1 1417 26
1 1418 27
1 1419 25
1 1420 24
1 1421 25
1 1422 26
1 1423 27
1 1424 28
1 1425 27
1 1426 25
1 1427 24
1 1428 25
1 1429 24
1 1430 28
1 1431 30
1 1432 26
1 1433 28
1 1434 27
1 1435 26
1 1436 29
1 1437 25
1 1438 27
1 1439 25
1 1440 24
1 1441 26
1 1442 27
1 1443 27
1 1444 29
1 1445 28
1 1446 24
1 1447 25
1 1448 26
1 1449 24
1 1450 27
1 1451 29
1 1452 27
1 1453 28
1 1454 27
1 1455 26
1 1456 29
1 1457 25
1 1458 28
1 1459 26
1 1460 24
1 1461 26
1 1462 27
1 1463 27
1 1464 29
1 1465 28
1 1466 23
1 1467 24
1 1468 26
1 1469 25
1 1470 27
1 1471 29
1 1472 26
1 1473 28
1 1474 28
1 1475 27
1 1476 29
1 1477 25
1 1478 28
1 1479 26
1 1480 24
1 1481 26
1 1482 27
1 1483 27
1 1484 29
1 1485 28
1 1486 25
1 1487 25
1 1488 26
1 1489 24
1 1490 27
1 1491 29
1 1492 26
1 1493 28
1 1494 27
1 1495 26
1 1496 29
1 1497 26
1 1498 27
1 1499 25
1 1500 24
1 1501 25
1 1502 26
1 1503 27
1 1504 28
1 1505 27
1 1506 25
1 1507 24
1 1508 25
1 1509 24
1 1510 28
1 1511 30
1 1512 26
1 1513 28
1 1514 27
1 1515 26
1 1516 29
1 1517 27
1 1518 27
1 1519 25
1 1520 25
1 1521 25
1 1522 26
1 1523 27
1 1524 28
1 1525 27
1 1526 26
1 1527 24
1 1528 25
1 1529 24
1 1530 28
1 1531 30
1 1532 26
1 1533 28
1 1534 27
1 1535 26
1 1536 29
1 1537 25
1 1538 28
1 1539 26
1 1540 24
1 1541 26
1 1542 27
1 1543 27
1 1544 29
1 1545 28
1 1546 24
1 1547 24
1 1548 26
1 1549 25
1 1550 27
1 1551 29
1 1552 26
1 1553 28
1 1554 27
1 1555 27
1 1556 29
1 1557 25
1 1558 28
1 1559 26
1 1560 24
1 1561 26
1 1562 27
1 1563 27
1 1564 29
1 1565 28
1 1566 23
1 1567 25
1 1568 26
1 1569 24
1 1570 27
1 1571 29
1 1572 27
1 1573 28
1 1574 27
1 1575 27
1 1576 29
1 1577 25
1 1578 28
1 1579 26
1 1580 24
1 1581 26
1 1582 27
1 1583 27
1 1584 29
1 1585 27
1 1586 24
1 1587 24
1 1588 25
1 1589 24
1 1590 28
1 1591 30
1 1592 26
1 1593 28
1 1594 27
1 1595 26
1 1596 29
1 1597 27
1 1598 27
1 1599 25
1 1600 24
1 1601 25
1 1602 26
1 1603 27
1 1604 29
1 1605 27
1 1606 26
1 1607 24
1 1608 25
1 1609 24
1 1610 28
1 1611 30
1 1612 26
1 1613 28
1 1614 27
1 1615 26
1 1616 29
1 1617 27
1 1618 27
1 1619 25
1 1620 24
1 1621 25
1 1622 26
1 1623 27
1 1624 28
1 1625 27
1 1626 25
1 1627 24
1 1628 25
1 1629 24
1 1630 28
1 1631 30
1 1632 26
1 1633 28
1 1634 27
1 1635 26
1 1636 29
1 1637 25
1 1638 27
1 1639 26
1 1640 24
1 1641 26
1 1642 26
1 1643 27
1 1644 29
1 1645 27
1 1646 25
1 1647 24
1 1648 25
1 1649 24
1 1650 27
1 1651 29
1 1652 26
1 1653 28
1 1654 27
1 1655 26
1 1656 29
1 1657 25
1 1658 28
1 1659 25
1 1660 24
1 1661 26
1 1662 26
1 1663 27
1 1664 29
1 1665 28
1 1666 24
1 1667 25
1 1668 26
1 1669 25
1 1670 27
1 1671 30
1 1672 27
1 1673 28
1 1674 27
1 1675 26
1 1676 29
1 1677 25
1 1678 27
1 1679 26
1 1680 24
1 1681 25
1 1682 26
1 1683 27
1 1684 29
1 1685 27
1 1686 25
1 1687 24
1 1688 25
1 1689 24
1 1690 28
1 1691 30
1 1692 26
1 1693 27
1 1694 27
1 1695 26
1 1696 29
1 1697 27
1 1698 27
1 1699 25
1 1700 24
1 1701 25
1 1702 26
1 1703 27
1 1704 29
1 1705 27
1 1706 26
1 1707 24
1 1708 25
1 1709 26
1 1710 28
1 1711 30
1 1712 27
1 1713 27
1 1714 27
1 1715 27
1 1716 27
1 1717 27
1 1718 28
1 1719 25
1 1720 25
1 1721 25
1 1722 26
1 1723 27
1 1724 28
1 1725 27
1 1726 26
1 1727 24
1 1728 25
1 1729 24
1 1730 27
1 1731 29
1 1732 26
1 1733 28
1 1734 27
1 1735 26
1 1736 29
1 1737 26
1 1738 27
1 1739 25
1 1740 24
1 1741 25
1 1742 26
1 1743 27
1 1744 28
1 1745 27
1 1746 25
1 1747 25
1 1748 26
1 1749 24
1 1750 28
1 1751 30
1 1752 26
1 1753 28
1 1754 27
1 1755 26
1 1756 29
1 1757 25
1 1758 27
1 1759 25
1 1760 24
1 1761 25
1 1762 26
1 1763 27
1 1764 29
1 1765 27
1 1766 24
1 1767 25
1 1768 25
1 1769 24
1 1770 27
1 1771 30
1 1772 26
1 1773 28
1 1774 27
1 1775 26
1 1776 29
1 1777 27
1 1778 27
1 1779 25
1 1780 24
1 1781 25
1 1782 26
1 1783 27
1 1784 28
1 1785 27
1 1786 26
1 1787 24
1 1788 25
1 1789 24
1 1790 28
1 1791 30
1 1792 26
1 1793 27
1 1794 27
1 1795 26
1 1796 29
1 1797 26
1 1798 27
1 1799 25
1 1800 25
1 1801 24
1 1802 26
1 1803 27
1 1804 28
1 1805 27
1 1806 26
1 1807 24
1 1808 25
1 1809 26
1 1810 28
1 1811 30
1 1812 27
1 1813 27
1 1814 27
1 1815 27
1 1816 27
1 1817 27
1 1818 28
1 1819 25
1 1820 24
1 1821 25
1 1822 26
1 1823 27
1 1824 29
1 1825 27
1 1826 26
1 1827 24
1 1828 25
1 1829 24
1 1830 28
1 1831 30
1 1832 26
1 1833 27
1 1834 27
1 1835 27
1 1836 29
1 1837 27
1 1838 28
1 1839 25
1 1840 25
1 1841 25
1 1842 26
1 1843 27
1 1844 29
1 1845 27
1 1846 25
1 1847 24
1 1848 25
1 1849 24
1 1850 28
1 1851 29
1 1852 26
1 1853 28
1 1854 27
1 1855 26
1 1856 29
1 1857 25
1 1858 27
1 1859 26
1 1860 24
1 1861 26
1 1862 26
1 1863 27
1 1864 28
1 1865 27
1 1866 25
1 1867 24
1 1868 25
1 1869 24
1 1870 28
1 1871 30
1 1872 26
1 1873 28
1 1874 27
1 1875 26
1 1876 29
1 1877 27
1 1878 27
1 1879 25
1 1880 25
1 1881 25
1 1882 26
1 1883 27
1 1884 28
1 1885 27
1 1886 26
1 1887 24
1 1888 25
1 1889 26
1 1890 28
1 1891 30
1 1892 26
1 1893 27
1 1894 27
1 1895 27
1 1896 27
1 1897 27
1 1898 28
1 1899 25
1 1900 25
1 1901 24
1 1902 26
1 1903 28
1 1904 30
1 1905 26
1 1906 26
1 1907 24
1 1908 25
1 1909 26
1 1910 28
1 1911 29
1 1912 27
1 1913 27
1 1914 28
1 1915 27
1 1916 27
1 1917 27
1 1918 29
1 1919 25
1 1920 25
1 1921 25
1 1922 26
1 1923 27
1 1924 28
1 1925 27
1 1926 26
1 1927 24
1 1928 25
1 1929 24
1 1930 28
1 1931 30
1 1932 26
1 1933 28
1 1934 27
1 1935 26
1 1936 29
1 1937 27
1 1938 28
1 1939 25
1 1940 24
1 1941 25
1 1942 26
1 1943 27
1 1944 28
1 1945 27
1 1946 25
1 1947 24
1 1948 25
1 1949 24
1 1950 28
1 1951 30
1 1952 26
1 1953 27
1 1954 27
1 1955 26
1 1956 29
1 1957 26
1 1958 27
1 1959 25
1 1960 24
1 1961 25
1 1962 26
1 1963 27
1 1964 29
1 1965 27
1 1966 26
1 1967 24
1 1968 25
1 1969 24
1 1970 28
1 1971 30
1 1972 26
1 1973 27
1 1974 27
1 1975 27
1 1976 27
1 1977 27
1 1978 28
1 1979 25
1 1980 25
1 1981 24
1 1982 26
1 1983 28
1 1984 30
1 1985 27
1 1986 26
1 1987 24
1 1988 25
1 1989 26
1 1990 28
1 1991 29
1 1992 27
1 1993 27
1 1994 28
1 1995 26
1 1996 27
1 1997 27
1 1998 29
1 1999 25
1 2000 25
1 2001 24
1 2002 26
1 2003 27
1 2004 30
1 2005 27
1 2006 26
1 2007 24
1 2008 25
1 2009 27
1 2010 28
1 2011 29
1 2012 27
1 2013 27
1 2014 27
1 2015 26
1 2016 27
1 2017 27
1 2018 28
1 2019 25
1 2020 25
1 2021 25
1 2022 26
1 2023 28
1 2024 29
1 2025 26
1 2026 26
1 2027 24
1 2028 25
1 2029 26
1 2030 28
1 2031 30
1 2032 26
1 2033 27
1 2034 27
1 2035 27
1 2036 28
1 2037 27
1 2038 28
1 2039 25
1 2040 24
1 2041 25
1 2042 26
1 2043 27
1 2044 28
1 2045 27
1 2046 26
1 2047 24
1 2048 25
1 2049 24
1 2050 27
1 2051 29
1 2052 27
1 2053 28
1 2054 27
1 2055 26
1 2056 28
1 2057 27
1 2058 28
1 2059 25
1 2060 24
1 2061 25
1 2062 26
1 2063 27
1 2064 28
1 2065 27
1 2066 25
1 2067 24
1 2068 25
1 2069 24
1 2070 28
1 2071 30
1 2072 27
1 2073 27
1 2074 27
1 2075 26
1 2076 27
1 2077 27
1 2078 28
1 2079 25
1 2080 25
1 2081 24
1 2082 26
1 2083 27
1 2084 28
1 2085 26
1 2086 26
1 2087 24
1 2088 25
1 2089 27
1 2090 28
1 2091 29
1 2092 27
1 2093 27
1 2094 28
1 2095 27
1 2096 27
1 2097 27
1 2098 28
1 2099 25
1 2100 25
1 2101 24
1 2102 26
1 2103 28
1 2104 30
1 2105 27
1 2106 26
1 2107 24
1 2108 25
1 2109 27
1 2110 28
1 2111 29
1 2112 27
1 2113 27
1 2114 28
1 2115 27
1 2116 27
1 2117 27
1 2118 29
1 2119 25
1 2120 25
1 2121 24
1 2122 26
1 2123 27
1 2124 30
1 2125 26
1 2126 26
1 2127 24
1 2128 25
1 2129 26
1 2130 28
1 2131 30
1 2132 26
1 2133 27
1 2134 27
1 2135 27
1 2136 27
1 2137 27
1 2138 28
1 2139 25
1 2140 24
1 2141 24
1 2142 26
1 2143 27
1 2144 29
1 2145 27
1 2146 26
1 2147 24
1 2148 25
1 2149 24
1 2150 28
1 2151 30
1 2152 26
1 2153 27
1 2154 27
1 2155 27
1 2156 28
1 2157 27
1 2158 29
1 2159 25
1 2160 25
1 2161 24
1 2162 26
1 2163 27
1 2164 28
1 2165 27
1 2166 26
1 2167 24
1 2168 25
1 2169 26
1 2170 28
1 2171 29
1 2172 27
1 2173 27
1 2174 28
1 2175 26
1 2176 27
1 2177 27
1 2178 28
1 2179 25
1 2180 25
1 2181 24
1 2182 26
1 2183 28
1 2184 30
1 2185 27
1 2186 26
1 2187 24
1 2188 25
1 2189 28
1 2190 28
1 2191 29
1 2192 27
1 2193 27
1 2194 27
1 2195 26
1 2196 27
1 2197 27
1 2198 29
1 2199 25
1 2200 25
1 2201 23
1 2202 26
1 2203 28
1 2204 30
1 2205 27
1 2206 25
1 2207 24
1 2208 25
1 2209 28
1 2210 28
1 2211 29
1 2212 27
1 2213 27
1 2214 27
1 2215 26
1 2216 27
1 2217 27
1 2218 29
1 2219 25
1 2220 25
1 2221 24
1 2222 26
1 2223 28
1 2224 30
1 2225 27
1 2226 26
1 2227 24
1 2228 25
1 2229 26
1 2230 28
1 2231 29
1 2232 27
1 2233 27
1 2234 26
1 2235 26
1 2236 27
1 2237 27
1 2238 28
1 2239 25
1 2240 25
1 2241 25
1 2242 26
1 2243 27
1 2244 28
1 2245 27
1 2246 26
1 2247 24
1 2248 25
1 2249 26
1 2250 28
1 2251 29
1 2252 27
1 2253 27
1 2254 28
1 2255 26
1 2256 27
1 2257 27
1 2258 28
1 2259 25
1 2260 24
1 2261 24
1 2262 26
1 2263 28
1 2264 30
1 2265 26
1 2266 26
1 2267 24
1 2268 25
1 2269 28
1 2270 28
1 2271 29
1 2272 27
1 2273 27
1 2274 28
1 2275 26
1 2276 27
1 2277 27
1 2278 29
1 2279 25
1 2280 25
1 2281 23
1 2282 26
1 2283 28
1 2284 30
1 2285 27
1 2286 25
1 2287 25
1 2288 26
1 2289 28
1 2290 27
1 2291 29
1 2292 27
1 2293 27
1 2294 28
1 2295 26
1 2296 26
1 2297 27
1 2298 28
1 2299 25
1 2300 25
1 2301 23
1 2302 25
1 2303 29
1 2304 30
1 2305 27
1 2306 25
1 2307 24
1 2308 25
1 2309 27
1 2310 28
1 2311 29
1 2312 27
1 2313 27
1 2314 26
1 2315 26
1 2316 27
1 2317 27
1 2318 29
1 2319 25
1 2320 25
1 2321 23
1 2322 26
1 2323 28
1 2324 30
1 2325 27
1 2326 26
1 2327 24
1 2328 25
1 2329 27
1 2330 28
1 2331 29
1 2332 27
1 2333 27
1 2334 27
1 2335 26
1 2336 27
1 2337 27
1 2338 29
1 2339 25
1 2340 25
1 2341 24
1 2342 26
1 2343 28
1 2344 30
1 2345 26
1 2346 26
1 2347 24
1 2348 25
1 2349 26
1 2350 28
1 2351 29
1 2352 27
1 2353 27
1 2354 27
1 2355 26
1 2356 27
1 2357 27
1 2358 29
1 2359 25
1 2360 25
1 2361 24
1 2362 26
1 2363 28
1 2364 30
1 2365 27
1 2366 25
1 2367 24
1 2368 25
1 2369 27
1 2370 28
1 2371 29
1 2372 27
1 2373 27
1 2374 27
1 2375 26
1 2376 26
1 2377 27
1 2378 29
1 2379 24
1 2380 25
1 2381 24
1 2382 26
1 2383 29
1 2384 30
1 2385 27
1 2386 25
1 2387 25
1 2388 25
1 2389 28
1 2390 26
1 2391 28
1 2392 27
1 2393 26
1 2394 28
1 2395 26
1 2396 26
1 2397 27
1 2398 28
1 2399 25
1 2400 25
1 2401 25
1 2402 26
1 2403 29
1 2404 30
1 2405 27
1 2406 25
1 2407 25
1 2408 26
1 2409 28
1 2410 27
1 2411 28
1 2412 27
1 2413 27
1 2414 28
1 2415 26
1 2416 27
1 2417 27
1 2418 29
1 2419 25
1 2420 25
1 2421 23
1 2422 26
1 2423 28
1 2424 30
1 2425 27
1 2426 26
1 2427 24
1 2428 25
1 2429 28
1 2430 28
1 2431 29
1 2432 27
1 2433 27
1 2434 28
1 2435 26
1 2436 27
1 2437 27
1 2438 29
1 2439 25
1 2440 25
1 2441 24
1 2442 26
1 2443 27
1 2444 30
1 2445 26
1 2446 26
1 2447 24
1 2448 25
1 2449 27
1 2450 28
1 2451 29
1 2452 27
1 2453 27
1 2454 26
1 2455 26
1 2456 26
1 2457 27
1 2458 29
1 2459 25
1 2460 25
1 2461 23
1 2462 26
1 2463 29
1 2464 30
1 2465 27
1 2466 25
1 2467 24
1 2468 25
1 2469 28
1 2470 27
1 2471 28
1 2472 27
1 2473 26
1 2474 28
1 2475 26
1 2476 26
1 2477 27
1 2478 28
1 2479 24
1 2480 25
1 2481 26
1 2482 26
1 2483 29
1 2484 30
1 2485 27
1 2486 25
1 2487 25
1 2488 26
1 2489 28
1 2490 26
1 2491 28
1 2492 27
1 2493 26
1 2494 28
1 2495 26
1 2496 26
1 2497 27
1 2498 28
1 2499 25
1 2500 25
1 2501 26
1 2502 26
1 2503 29
1 2504 30
1 2505 27
1 2506 24
1 2507 25
1 2508 26
1 2509 28
1 2510 27
1 2511 28
1 2512 27
1 2513 27
1 2514 28
1 2515 26
1 2516 27
1 2517 27
1 2518 29
1 2519 25
1 2520 25
1 2521 25
1 2522 26
1 2523 28
1 2524 30
1 2525 27
1 2526 25
1 2527 24
1 2528 25
1 2529 27
1 2530 28
1 2531 29
1 2532 27
1 2533 27
1 2534 26
1 2535 26
1 2536 26
1 2537 27
1 2538 29
1 2539 25
1 2540 25
1 2541 24
1 2542 26
1 2543 28
1 2544 30
1 2545 27
1 2546 25
1 2547 24
1 2548 25
1 2549 28
1 2550 28
1 2551 29
1 2552 27
1 2553 27
1 2554 28
1 2555 26
1 2556 27
1 2557 27
1 2558 28
1 2559 25
1 2560 25
1 2561 25
1 2562 26
1 2563 28
1 2564 30
1 2565 27
1 2566 25
1 2567 25
1 2568 25
1 2569 28
1 2570 27
1 2571 28
1 2572 27
1 2573 27
1 2574 28
1 2575 26
1 2576 26
1 2577 27
1 2578 28
1 2579 25
1 2580 25
1 2581 26
1 2582 25
1 2583 29
1 2584 30
1 2585 27
1 2586 25
1 2587 25
1 2588 26
1 2589 28
1 2590 26
1 2591 28
1 2592 28
1 2593 26
1 2594 28
1 2595 26
1 2596 27
1 2597 27
1 2598 28
1 2599 24
1 2600 25
1 2601 26
1 2602 25
1 2603 29
1 2604 30
1 2605 28
1 2606 25
1 2607 25
1 2608 26
1 2609 28
1 2610 27
1 2611 28
1 2612 27
1 2613 27
1 2614 28
1 2615 26
1 2616 26
1 2617 27
1 2618 28
1 2619 25
1 2620 25
1 2621 24
1 2622 26
1 2623 29
1 2624 30
1 2625 27
1 2626 25
1 2627 24
1 2628 25
1 2629 28
1 2630 28
1 2631 29
1 2632 27
1 2633 27
1 2634 28
1 2635 26
1 2636 26
1 2637 27
1 2638 29
1 2639 25
1 2640 25
1 2641 23
1 2642 26
1 2643 28
1 2644 30
1 2645 27
1 2646 25
1 2647 25
1 2648 25
1 2649 28
1 2650 27
1 2651 28
1 2652 27
1 2653 27
1 2654 28
1 2655 26
1 2656 26
1 2657 27
1 2658 28
1 2659 25
1 2660 25
1 2661 24
1 2662 26
1 2663 29
1 2664 30
1 2665 28
1 2666 25
1 2667 25
1 2668 26
1 2669 28
1 2670 26
1 2671 28
1 2672 27
1 2673 26
1 2674 28
1 2675 25
1 2676 26
1 2677 27
1 2678 27
1 2679 25
1 2680 25
1 2681 26
1 2682 25
1 2683 28
1 2684 30
1 2685 27
1 2686 24
1 2687 25
1 2688 26
1 2689 28
1 2690 26
1 2691 28
1 2692 27
1 2693 27
1 2694 28
1 2695 26
1 2696 26
1 2697 27
1 2698 28
1 2699 24
1 2700 25
1 2701 26
1 2702 25
1 2703 29
1 2704 30
1 2705 27
1 2706 25
1 2707 25
1 2708 26
1 2709 28
1 2710 26
1 2711 28
1 2712 27
1 2713 26
1 2714 28
1 2715 26
1 2716 27
1 2717 27
1 2718 28
1 2719 25
1 2720 25
1 2721 24
1 2722 26
1 2723 28
1 2724 30
1 2725 27
1 2726 25
1 2727 25
1 2728 25
1 2729 28
1 2730 27
1 2731 28
1 2732 27
1 2733 27
1 2734 28
1 2735 26
1 2736 26
1 2737 27
1 2738 28
1 2739 25
1 2740 25
1 2741 24
1 2742 26
1 2743 29
1 2744 30
1 2745 27
1 2746 25
1 2747 25
1 2748 26
1 2749 28
1 2750 27
1 2751 28
1 2752 27
1 2753 27
1 2754 27
1 2755 26
1 2756 26
1 2757 27
1 2758 28
1 2759 24
1 2760 25
1 2761 26
1 2762 26
1 2763 29
1 2764 30
1 2765 27
1 2766 25
1 2767 25
1 2768 26
1 2769 28
1 2770 26
1 2771 28
1 2772 27
1 2773 26
1 2774 28
1 2775 25
1 2776 25
1 2777 27
1 2778 28
1 2779 25
1 2780 25
1 2781 26
1 2782 25
1 2783 27
1 2784 30
1 2785 27
1 2786 25
1 2787 25
1 2788 26
1 2789 28
1 2790 26
1 2791 28
1 2792 28
1 2793 26
1 2794 28
1 2795 24
1 2796 25
1 2797 27
1 2798 28
1 2799 25
1 2800 25
1 2801 26
1 2802 25
1 2803 29
1 2804 30
1 2805 27
1 2806 24
1 2807 25
1 2808 25
1 2809 28
1 2810 26
1 2811 28
1 2812 27
1 2813 26
1 2814 28
1 2815 26
1 2816 26
1 2817 27
1 2818 28
1 2819 25
1 2820 25
1 2821 25
1 2822 26
1 2823 29
1 2824 30
1 2825 27
1 2826 25
1 2827 25
1 2828 25
1 2829 28
1 2830 27
1 2831 28
1 2832 27
1 2833 26
1 2834 28
1 2835 26
1 2836 26
1 2837 27
1 2838 28
1 2839 24
1 2840 25
1 2841 24
1 2842 26
1 2843 29
1 2844 30
1 2845 27
1 2846 25
1 2847 25
1 2848 26
1 2849 28
1 2850 27
1 2851 28
1 2852 27
1 2853 26
1 2854 28
1 2855 26
1 2856 26
1 2857 27
1 2858 28
1 2859 24
1 2860 25
1 2861 26
1 2862 25
1 2863 28
1 2864 30
1 2865 28
1 2866 24
1 2867 25
1 2868 26
1 2869 28
1 2870 26
1 2871 28
1 2872 28
1 2873 26
1 2874 28
1 2875 24
1 2876 25
1 2877 27
1 2878 28
1 2879 24
1 2880 25
1 2881 26
1 2882 25
1 2883 28
1 2884 30
1 2885 28
1 2886 24
1 2887 25
1 2888 26
1 2889 28
1 2890 26
1 2891 28
1 2892 28
1 2893 26
1 2894 28
1 2895 25
1 2896 25
1 2897 27
1 2898 28
1 2899 25
1 2900 25
1 2901 26
1 2902 25
1 2903 28
1 2904 30
1 2905 27
1 2906 24
1 2907 25
1 2908 26
1 2909 28
1 2910 26
1 2911 28
1 2912 27
1 2913 26
1 2914 28
1 2915 26
1 2916 26
1 2917 27
1 2918 28
1 2919 24
1 2920 25
1 2921 26
1 2922 25
1 2923 29
1 2924 30
1 2925 27
1 2926 24
1 2927 25
1 2928 26
1 2929 28
1 2930 27
1 2931 28
1 2932 27
1 2933 26
1 2934 28
1 2935 26
1 2936 26
1 2937 27
1 2938 28
1 2939 24
1 2940 25
1 2941 26
1 2942 25
1 2943 29
1 2944 30
1 2945 27
1 2946 25
1 2947 24
1 2948 25
1 2949 28
1 2950 27
1 2951 28
1 2952 27
1 2953 26
1 2954 28
1 2955 25
1 2956 26
1 2957 27
1 2958 28
1 2959 25
1 2960 25
1 2961 26
1 2962 25
1 2963 29
1 2964 30
1 2965 27
1 2966 24
1 2967 25
1 2968 26
1 2969 28
1 2970 26
1 2971 28
1 2972 28
1 2973 26
1 2974 28
1 2975 24
1 2976 25
1 2977 27
1 2978 28
1 2979 24
1 2980 25
1 2981 26
1 2982 24
1 2983 27
1 2984 31
1 2985 28
1 2986 25
1 2987 25
1 2988 26
1 2989 28
1 2990 26
1 2991 28
1 2992 28
1 2993 26
1 2994 27
1 2995 24
1 2996 25
1 2997 28
1 2998 28
1 2999 24
1 3000 25
1 3001 26
1 3002 25
1 3003 28
1 3004 30
1 3005 27
1 3006 24
1 3007 25
1 3008 26
1 3009 28
1 3010 26
1 3011 28
1 3012 27
1 3013 26
1 3014 28
1 3015 25
1 3016 25
1 3017 27
1 3018 28
1 3019 24
1 3020 25
1 3021 26
1 3022 25
1 3023 28
1 3024 30
1 3025 27
1 3026 25
1 3027 25
1 3028 26
1 3029 28
1 3030 26
1 3031 28
1 3032 27
1 3033 26
1 3034 28
1 3035 24
1 3036 25
1 3037 27
1 3038 28
1 3039 25
1 3040 25
1 3041 26
1 3042 25
1 3043 28
1 3044 30
1 3045 27
1 3046 24
1 3047 25
1 3048 26
1 3049 28
1 3050 26
1 3051 28
1 3052 28
1 3053 26
1 3054 27
1 3055 24
1 3056 25
1 3057 27
1 3058 28
1 3059 25
1 3060 25
1 3061 26
1 3062 25
1 3063 27
1 3064 30
1 3065 27
1 3066 24
1 3067 25
1 3068 26
1 3069 29
1 3070 26
1 3071 28
1 3072 28
1 3073 26
1 3074 28
1 3075 24
1 3076 25
1 3077 28
1 3078 28
1 3079 24
1 3080 25
1 3081 27
1 3082 24
1 3083 27
1 3084 30
1 3085 27
1 3086 24
1 3087 25
1 3088 26
1 3089 29
1 3090 27
1 3091 28
1 3092 28
1 3093 26
1 3094 27
1 3095 24
1 3096 25
1 3097 27
1 3098 28
1 3099 24
1 3100 24
1 3101 26
1 3102 24
1 3103 27
1 3104 30
1 3105 27
1 3106 24
1 3107 25
1 3108 26
1 3109 28
1 3110 26
1 3111 28
1 3112 28
1 3113 26
1 3114 28
1 3115 25
1 3116 25
1 3117 27
1 3118 28
1 3119 25
1 3120 25
1 3121 26
1 3122 25
1 3123 29
1 3124 30
1 3125 27
1 3126 25
1 3127 25
1 3128 26
1 3129 28
1 3130 26
1 3131 28
1 3132 27
1 3133 26
1 3134 27
1 3135 25
1 3136 25
1 3137 27
1 3138 27
1 3139 24
1 3140 25
1 3141 26
1 3142 25
1 3143 28
1 3144 30
1 3145 27
1 3146 25
1 3147 25
1 3148 26
1 3149 28
1 3150 26
1 3151 28
1 3152 28
1 3153 26
1 3154 28
1 3155 24
1 3156 25
1 3157 28
1 3158 28
1 3159 25
1 3160 25
1 3161 27
1 3162 24
1 3163 27
1 3164 30
1 3165 28
1 3166 25
1 3167 25
1 3168 26
1 3169 28
1 3170 26
1 3171 28
1 3172 28
1 3173 26
1 3174 27
1 3175 24
1 3176 27
1 3177 26
1 3178 28
1 3179 24
1 3180 25
1 3181 27
1 3182 24
1 3183 27
1 3184 30
1 3185 27
1 3186 25
1 3187 25
1 3188 26
1 3189 29
1 3190 26
1 3191 28
1 3192 28
1 3193 26
1 3194 27
1 3195 24
1 3196 25
1 3197 28
1 3198 28
1 3199 24
1 3200 25
1 3201 26
1 3202 25
1 3203 29
1 3204 30
1 3205 28
1 3206 24
1 3207 25
1 3208 26
1 3209 28
1 3210 26
1 3211 28
1 3212 28
1 3213 26
1 3214 28
1 3215 25
1 3216 25
1 3217 27
1 3218 28
1 3219 25
1 3220 25
1 3221 26
1 3222 25
1 3223 27
1 3224 30
1 3225 27
1 3226 24
1 3227 25
1 3228 26
1 3229 28
1 3230 26
1 3231 28
1 3232 28
1 3233 26
1 3234 28
1 3235 26
1 3236 26
1 3237 27
1 3238 28
1 3239 24
1 3240 25
1 3241 26
1 3242 25
1 3243 28
1 3244 30
1 3245 27
1 3246 24
1 3247 25
1 3248 26
1 3249 28
1 3250 26
1 3251 28
1 3252 28
1 3253 26
1 3254 27
1 3255 24
1 3256 25
1 3257 27
1 3258 28
1 3259 24
1 3260 24
1 3261 26
1 3262 24
1 3263 27
1 3264 30
1 3265 28
1 3266 25
1 3267 25
1 3268 26
1 3269 29
1 3270 26
1 3271 28
1 3272 28
1 3273 27
1 3274 27
1 3275 24
1 3276 27
1 3277 26
1 3278 28
1 3279 24
1 3280 25
1 3281 27
1 3282 24
1 3283 27
1 3284 30
1 3285 28
1 3286 25
1 3287 25
1 3288 26
1 3289 29
1 3290 26
1 3291 28
1 3292 28
1 3293 26
1 3294 27
1 3295 24
1 3296 26
1 3297 27
1 3298 28
1 3299 23
1 3300 25
1 3301 26
1 3302 24
1 3303 27
1 3304 30
1 3305 27
1 3306 24
1 3307 25
1 3308 26
1 3309 28
1 3310 26
1 3311 28
1 3312 28
1 3313 26
1 3314 28
1 3315 24
1 3316 25
1 3317 27
1 3318 28
1 3319 24
1 3320 24
1 3321 26
1 3322 25
1 3323 28
1 3324 30
1 3325 27
1 3326 24
1 3327 25
1 3328 26
1 3329 28
1 3330 26
1 3331 28
1 3332 27
1 3333 26
1 3334 28
1 3335 25
1 3336 25
1 3337 27
1 3338 28
1 3339 24
1 3340 25
1 3341 26
1 3342 24
1 3343 27
1 3344 30
1 3345 27
1 3346 24
1 3347 25
1 3348 26
1 3349 28
1 3350 25
1 3351 28
1 3352 28
1 3353 26
1 3354 27
1 3355 24
1 3356 25
1 3357 26
1 3358 28
1 3359 24
1 3360 25
1 3361 27
1 3362 24
1 3363 27
1 3364 30
1 3365 27
1 3366 25
1 3367 25
1 3368 26
1 3369 29
1 3370 26
1 3371 29
1 3372 28
1 3373 27
1 3374 27
1 3375 24
1 3376 27
1 3377 26
1 3378 28
1 3379 24
1 3380 25
1 3381 27
1 3382 24
1 3383 27
1 3384 29
1 3385 28
1 3386 25
1 3387 25
1 3388 26
1 3389 29
1 3390 26
1 3391 29
1 3392 28
1 3393 26
1 3394 28
1 3395 24
1 3396 25
1 3397 28
1 3398 28
1 3399 24
1 3400 25
1 3401 26
1 3402 24
1 3403 27
1 3404 30
1 3405 27
1 3406 24
1 3407 25
1 3408 26
1 3409 28
1 3410 26
1 3411 28
1 3412 28
1 3413 26
1 3414 27
1 3415 25
1 3416 25
1 3417 27
1 3418 28
1 3419 24
1 3420 25
1 3421 26
1 3422 25
1 3423 28
1 3424 30
1 3425 27
1 3426 25
1 3427 25
1 3428 26
1 3429 28
1 3430 26
1 3431 28
1 3432 28
1 3433 26
1 3434 28
1 3435 24
1 3436 25
1 3437 27
1 3438 28
1 3439 24
1 3440 25
1 3441 26
1 3442 25
1 3443 27
1 3444 30
1 3445 27
1 3446 24
1 3447 25
1 3448 26
1 3449 28
1 3450 27
1 3451 28
1 3452 28
1 3453 26
1 3454 27
1 3455 24
1 3456 27
1 3457 26
1 3458 28
1 3459 24
1 3460 24
1 3461 26
1 3462 24
1 3463 27
1 3464 30
1 3465 28
1 3466 25
1 3467 25
1 3468 26
1 3469 29
1 3470 27
1 3471 29
1 3472 30
1 3473 29
1 3474 27
1 3475 24
1 3476 27
1 3477 26
1 3478 27
1 3479 24
1 3480 24
1 3481 27
1 3482 24
1 3483 27
1 3484 30
1 3485 27
1 3486 25
1 3487 25
1 3488 26
1 3489 29
1 3490 27
1 3491 28
1 3492 28
1 3493 26
1 3494 27
1 3495 24
1 3496 25
1 3497 27
1 3498 28
1 3499 24
1 3500 25
1 3501 27
1 3502 24
1 3503 27
1 3504 30
1 3505 27
1 3506 24
1 3507 25
1 3508 26
1 3509 28
1 3510 26
1 3511 28
1 3512 28
1 3513 26
1 3514 28
1 3515 24
1 3516 25
1 3517 28
1 3518 28
1 3519 24
1 3520 25
1 3521 26
1 3522 25
1 3523 29
1 3524 30
1 3525 27
1 3526 24
1 3527 25
1 3528 26
1 3529 28
1 3530 26
1 3531 28
1 3532 28
1 3533 26
1 3534 27
1 3535 24
1 3536 25
1 3537 28
1 3538 28
1 3539 25
1 3540 25
1 3541 26
1 3542 24
1 3543 27
1 3544 30
1 3545 27
1 3546 24
1 3547 25
1 3548 26
1 3549 29
1 3550 26
1 3551 28
1 3552 28
1 3553 26
1 3554 27
1 3555 24
1 3556 25
1 3557 26
1 3558 28
1 3559 24
1 3560 24
1 3561 27
1 3562 24
1 3563 27
1 3564 30
1 3565 28
1 3566 25
1 3567 23
1 3568 26
1 3569 29
1 3570 26
1 3571 29
1 3572 28
1 3573 29
1 3574 27
1 3575 25
1 3576 27
1 3577 27
1 3578 27
1 3579 24
1 3580 24
1 3581 27
1 3582 24
1 3583 27
1 3584 30
1 3585 28
1 3586 24
1 3587 25
1 3588 26
1 3589 28
1 3590 26
1 3591 28
1 3592 28
1 3593 26
1 3594 27
1 3595 24
1 3596 25
1 3597 27
1 3598 28
1 3599 24
1 3600 24
1 3601 26
1 3602 24
1 3603 28
1 3604 30
1 3605 27
1 3606 24
1 3607 25
1 3608 26
1 3609 28
1 3610 26
1 3611 28
1 3612 28
1 3613 26
1 3614 27
1 3615 24
1 3616 26
1 3617 27
1 3618 28
1 3619 24
1 3620 25
1 3621 26
1 3622 24
1 3623 27
1 3624 30
1 3625 27
1 3626 24
1 3627 25
1 3628 26
1 3629 28
1 3630 26
1 3631 28
1 3632 28
1 3633 26
1 3634 28
1 3635 24
1 3636 25
1 3637 27
1 3638 28
1 3639 24
1 3640 25
1 3641 27
1 3642 24
1 3643 27
1 3644 31
1 3645 28
1 3646 25
1 3647 25
1 3648 26
1 3649 29
1 3650 26
1 3651 28
1 3652 28
1 3653 26
1 3654 27
1 3655 24
1 3656 27
1 3657 27
1 3658 27
1 3659 24
1 3660 25
1 3661 27
1 3662 24
1 3663 27
1 3664 28
1 3665 28
1 3666 25
1 3667 24
1 3668 26
1 3669 29
1 3670 27
1 3671 29
1 3672 30
1 3673 29
1 3674 26
1 3675 25
1 3676 27
1 3677 27
1 3678 27
1 3679 24
1 3680 24
1 3681 27
1 3682 24
1 3683 27
1 3684 31
1 3685 28
1 3686 25
1 3687 25
1 3688 26
1 3689 29
1 3690 26
1 3691 29
1 3692 28
1 3693 26
1 3694 27
1 3695 24
1 3696 27
1 3697 26
1 3698 28
1 3699 24
1 3700 25
1 3701 27
1 3702 24
1 3703 27
1 3704 30
1 3705 27
1 3706 24
1 3707 25
1 3708 26
1 3709 28
1 3710 26
1 3711 28
1 3712 28
1 3713 26
1 3714 28
1 3715 25
1 3716 25
1 3717 27
1 3718 28
1 3719 24
1 3720 25
1 3721 26
1 3722 24
1 3723 27
1 3724 30
1 3725 27
1 3726 24
1 3727 25
1 3728 26
1 3729 28
1 3730 26
1 3731 28
1 3732 28
1 3733 26
1 3734 27
1 3735 24
1 3736 27
1 3737 26
1 3738 28
1 3739 24
1 3740 25
1 3741 27
1 3742 24
1 3743 27
1 3744 31
1 3745 28
1 3746 25
1 3747 25
1 3748 26
1 3749 29
1 3750 26
1 3751 29
1 3752 29
1 3753 29
1 3754 27
1 3755 25
1 3756 27
1 3757 27
1 3758 27
1 3759 24
1 3760 25
1 3761 27
1 3762 24
1 3763 27
1 3764 29
1 3765 28
1 3766 25
1 3767 23
1 3768 26
1 3769 29
1 3770 27
1 3771 29
1 3772 30
1 3773 29
1 3774 26
1 3775 25
1 3776 27
1 3777 27
1 3778 27
1 3779 24
1 3780 25
1 3781 27
1 3782 24
1 3783 27
1 3784 30
1 3785 28
1 3786 25
1 3787 25
1 3788 26
1 3789 29
1 3790 26
1 3791 29
1 3792 28
1 3793 27
1 3794 27
1 3795 24
1 3796 25
1 3797 26
1 3798 28
1 3799 24
1 3800 25
1 3801 27
1 3802 24
1 3803 27
1 3804 30
1 3805 28
1 3806 24
1 3807 25
1 3808 26
1 3809 28
1 3810 26
1 3811 28
1 3812 28
1 3813 26
1 3814 27
1 3815 24
1 3816 25
1 3817 27
1 3818 28
1 3819 24
1 3820 24
1 3821 26
1 3822 24
1 3823 27
1 3824 30
1 3825 28
1 3826 24
1 3827 25
1 3828 26
1 3829 28
1 3830 26
1 3831 28
1 3832 28
1 3833 27
1 3834 27
1 3835 24
1 3836 27
1 3837 26
1 3838 27
1 3839 24
1 3840 24
1 3841 27
1 3842 24
1 3843 28
1 3844 30
1 3845 27
1 3846 24
1 3847 25
1 3848 26
1 3849 29
1 3850 26
1 3851 29
1 3852 29
1 3853 29
1 3854 26
1 3855 25
1 3856 27
1 3857 28
1 3858 27
1 3859 24
1 3860 24
1 3861 27
1 3862 24
1 3863 27
1 3864 28
1 3865 28
1 3866 25
1 3867 23
1 3868 26
1 3869 29
1 3870 27
1 3871 28
1 3872 30
1 3873 29
1 3874 26
1 3875 24
1 3876 27
1 3877 27
1 3878 27
1 3879 24
1 3880 24
1 3881 27
1 3882 24
1 3883 27
1 3884 30
1 3885 28
1 3886 25
1 3887 25
1 3888 26
1 3889 29
1 3890 26
1 3891 28
1 3892 28
1 3893 26
1 3894 27
1 3895 24
1 3896 27
1 3897 26
1 3898 28
1 3899 24
1 3900 24
1 3901 26
1 3902 24
1 3903 27
1 3904 31
1 3905 27
1 3906 25
1 3907 25
1 3908 26
1 3909 28
1 3910 26
1 3911 28
1 3912 28
1 3913 26
1 3914 27
1 3915 24
1 3916 25
1 3917 27
1 3918 28
1 3919 24
1 3920 25
1 3921 27
1 3922 24
1 3923 27
1 3924 30
1 3925 28
1 3926 24
1 3927 25
1 3928 26
1 3929 29
1 3930 26
1 3931 28
1 3932 28
1 3933 26
1 3934 27
1 3935 24
1 3936 27
1 3937 26
1 3938 28
1 3939 24
1 3940 25
1 3941 27
1 3942 24
1 3943 27
1 3944 30
1 3945 28
1 3946 25
1 3947 25
1 3948 26
1 3949 29
1 3950 27
1 3951 29
1 3952 30
1 3953 29
1 3954 26
1 3955 24
1 3956 27
1 3957 27
1 3958 27
1 3959 25
1 3960 24
1 3961 27
1 3962 24
1 3963 27
1 3964 29
1 3965 28
1 3966 25
1 3967 24
1 3968 25
1 3969 29
1 3970 26
1 3971 28
1 3972 28
1 3973 27
1 3974 27
1 3975 25
1 3976 27
1 3977 27
1 3978 27
1 3979 24
1 3980 25
1 3981 27
1 3982 24
1 3983 27
1 3984 30
1 3985 28
1 3986 25
1 3987 25
1 3988 26
1 3989 29
1 3990 26
1 3991 28
1 3992 28
1 3993 27
1 3994 27
1 3995 24
1 3996 26
1 3997 26
1 3998 28
1 3999 24
1 4000 25
1 4001 27
1 4002 24
1 4003 27
1 4004 30
1 4005 27
1 4006 24
1 4007 25
1 4008 26
1 4009 28
1 4010 26
1 4011 28
1 4012 28
1 4013 26
1 4014 27
1 4015 24
1 4016 27
1 4017 26
1 4018 28
1 4019 24
1 4020 25
1 4021 27
1 4022 24
1 4023 27
1 4024 31
1 4025 27
1 4026 25
1 4027 25
1 4028 26
1 4029 29
1 4030 26
1 4031 29
1 4032 28
1 4033 27
1 4034 27
1 4035 24
1 4036 25
1 4037 26
1 4038 28
1 4039 24
1 4040 24
1 4041 27
1 4042 24
1 4043 27
1 4044 30
1 4045 28
1 4046 25
1 4047 24
1 4048 26
1 4049 29
1 4050 27
1 4051 29
1 4052 30
1 4053 29
1 4054 26
1 4055 25
1 4056 26
1 4057 27
1 4058 27
1 4059 23
1 4060 24
1 4061 27
1 4062 25
1 4063 27
1 4064 28
1 4065 28
1 4066 25
1 4067 24
1 4068 26
1 4069 29
1 4070 27
1 4071 29
1 4072 30
1 4073 29
1 4074 26
1 4075 25
1 4076 27
1 4077 27
1 4078 27
1 4079 24
1 4080 24
1 4081 27
1 4082 24
1 4083 27
1 4084 30
1 4085 28
1 4086 25
1 4087 25
1 4088 26
1 4089 29
1 4090 26
1 4091 28
1 4092 28
1 4093 26
1 4094 27
1 4095 24
1 4096 27
1 4097 26
1 4098 28
1 4099 24
1 4100 25
1 4101 26
1 4102 24
1 4103 27
1 4104 30
1 4105 27
1 4106 24
1 4107 25
1 4108 26
1 4109 28
1 4110 26
1 4111 28
1 4112 28
1 4113 26
1 4114 27
1 4115 24
1 4116 25
1 4117 26
1 4118 28
1 4119 24
1 4120 25
1 4121 27
1 4122 24
1 4123 27
1 4124 30
1 4125 28
1 4126 25
1 4127 25
1 4128 26
1 4129 29
1 4130 26
1 4131 28
1 4132 28
1 4133 26
1 4134 27
1 4135 24
1 4136 27
1 4137 27
1 4138 27
1 4139 24
1 4140 24
1 4141 27
1 4142 24
1 4143 27
1 4144 29
1 4145 28
1 4146 25
1 4147 24
1 4148 26
1 4149 29
1 4150 27
1 4151 28
1 4152 30
1 4153 29
1 4154 26
1 4155 25
1 4156 27
1 4157 28
1 4158 27
1 4159 24
1 4160 24
1 4161 27
1 4162 24
1 4163 27
1 4164 29
1 4165 28
1 4166 25
1 4167 23
1 4168 26
1 4169 29
1 4170 26
1 4171 29
1 4172 28
1 4173 29
1 4174 27
1 4175 25
1 4176 27
1 4177 27
1 4178 27
1 4179 24
1 4180 25
1 4181 27
1 4182 24
1 4183 27
1 4184 30
1 4185 28
1 4186 25
1 4187 25
1 4188 26
1 4189 28
1 4190 25
1 4191 28
1 4192 28
1 4193 26
1 4194 28
1 4195 24
1 4196 25
1 4197 28
1 4198 28
1 4199 24
1 4200 25
1 4201 27
1 4202 24
1 4203 27
1 4204 30
1 4205 27
1 4206 24
1 4207 25
1 4208 26
1 4209 28
1 4210 26
1 4211 28
1 4212 28
1 4213 26
1 4214 27
1 4215 24
1 4216 27
1 4217 26
1 4218 28
1 4219 24
1 4220 25
1 4221 27
1 4222 24
1 4223 27
1 4224 30
1 4225 27
1 4226 25
1 4227 25
1 4228 26
1 4229 28
1 4230 26
1 4231 29
1 4232 28
1 4233 27
1 4234 27
1 4235 24
1 4236 27
1 4237 26
1 4238 27
1 4239 24
1 4240 24
1 4241 27
1 4242 24
1 4243 27
1 4244 30
1 4245 28
1 4246 25
1 4247 23
1 4248 26
1 4249 29
1 4250 27
1 4251 29
1 4252 30
1 4253 29
1 4254 26
1 4255 25
1 4256 26
1 4257 27
1 4258 27
1 4259 24
1 4260 24
1 4261 27
1 4262 25
1 4263 27
1 4264 28
1 4265 28
1 4266 25
1 4267 23
1 4268 26
1 4269 29
1 4270 27
1 4271 29
1 4272 30
1 4273 29
1 4274 27
1 4275 25
1 4276 27
1 4277 26
1 4278 27
1 4279 24
1 4280 24
1 4281 27
1 4282 24
1 4283 27
1 4284 31
1 4285 28
1 4286 25
1 4287 25
1 4288 26
1 4289 28
1 4290 26
1 4291 28
1 4292 28
1 4293 26
1 4294 27
1 4295 24
1 4296 27
1 4297 26
1 4298 28
1 4299 24
1 4300 25
1 4301 27
1 4302 24
1 4303 27
1 4304 30
1 4305 28
1 4306 24
1 4307 25
1 4308 26
1 4309 28
1 4310 25
1 4311 28
1 4312 28
1 4313 26
1 4314 27
1 4315 24
1 4316 25
1 4317 26
1 4318 28
1 4319 24
1 4320 25
1 4321 27
1 4322 24
1 4323 27
1 4324 30
1 4325 27
1 4326 24
1 4327 25
1 4328 26
1 4329 29
1 4330 26
1 4331 29
1 4332 28
1 4333 27
1 4334 27
1 4335 24
1 4336 27
1 4337 26
1 4338 27
1 4339 24
1 4340 25
1 4341 27
1 4342 24
1 4343 27
1 4344 28
1 4345 28
1 4346 26
1 4347 23
1 4348 26
1 4349 29
1 4350 27
1 4351 28
1 4352 30
1 4353 29
1 4354 26
1 4355 24
1 4356 26
1 4357 27
1 4358 27
1 4359 24
1 4360 24
1 4361 27
1 4362 24
1 4363 27
1 4364 30
1 4365 28
1 4366 25
1 4367 25
1 4368 26
1 4369 29
1 4370 26
1 4371 29
1 4372 28
1 4373 27
1 4374 27
1 4375 24
1 4376 27
1 4377 27
1 4378 27
1 4379 24
1 4380 24
1 4381 27
1 4382 24
1 4383 27
1 4384 30
1 4385 27
1 4386 25
1 4387 25
1 4388 26
1 4389 29
1 4390 26
1 4391 28
1 4392 28
1 4393 26
1 4394 27
1 4395 24
1 4396 25
1 4397 26
1 4398 28
1 4399 24
1 4400 25
1 4401 27
1 4402 24
1 4403 27
1 4404 30
1 4405 28
1 4406 24
1 4407 25
1 4408 26
1 4409 29
1 4410 26
1 4411 28
1 4412 28
1 4413 26
1 4414 27
1 4415 24
1 4416 27
1 4417 26
1 4418 28
1 4419 24
1 4420 25
1 4421 26
1 4422 24
1 4423 27
1 4424 31
1 4425 28
1 4426 25
1 4427 25
1 4428 26
1 4429 29
1 4430 26
1 4431 29
1 4432 28
1 4433 28
1 4434 27
1 4435 24
1 4436 27
1 4437 26
1 4438 27
1 4439 24
1 4440 24
1 4441 27
1 4442 24
1 4443 27
1 4444 30
1 4445 28
1 4446 25
1 4447 24
1 4448 26
1 4449 29
1 4450 26
1 4451 29
1 4452 30
1 4453 29
1 4454 26
1 4455 25
1 4456 26
1 4457 28
1 4458 27
1 4459 24
1 4460 24
1 4461 27
1 4462 24
1 4463 27
1 4464 28
1 4465 28
1 4466 25
1 4467 24
1 4468 26
1 4469 29
1 4470 27
1 4471 29
1 4472 30
1 4473 29
1 4474 27
1 4475 25
1 4476 27
1 4477 27
1 4478 27
1 4479 24
1 4480 24
1 4481 27
1 4482 24
1 4483 27
1 4484 30
1 4485 27
1 4486 24
1 4487 25
1 4488 26
1 4489 29
1 4490 26
1 4491 28
1 4492 28
1 4493 26
1 4494 27
1 4495 24
1 4496 25
1 4497 27
1 4498 28
1 4499 24
1 4500 24
1 4501 26
1 4502 24
1 4503 27
1 4504 30
1 4505 27
1 4506 25
1 4507 25
1 4508 26
1 4509 28
1 4510 26
1 4511 28
1 4512 28
1 4513 26
1 4514 27
1 4515 24
1 4516 25
1 4517 26
1 4518 28
1 4519 24
1 4520 25
1 4521 27
1 4522 24
1 4523 27
1 4524 30
1 4525 28
1 4526 25
1 4527 25
1 4528 26
1 4529 29
1 4530 26
1 4531 29
1 4532 28
1 4533 28
1 4534 27
1 4535 25
1 4536 27
1 4537 27
1 4538 27
1 4539 24
1 4540 24
1 4541 27
1 4542 24
1 4543 27
1 4544 28
1 4545 28
1 4546 25
1 4547 25
1 4548 26
1 4549 29
1 4550 27
1 4551 28
1 4552 30
1 4553 29
1 4554 26
1 4555 25
1 4556 27
1 4557 28
1 4558 27
1 4559 24
1 4560 24
1 4561 27
1 4562 24
1 4563 27
1 4564 30
1 4565 28
1 4566 25
1 4567 23
1 4568 26
1 4569 29
1 4570 26
1 4571 29
1 4572 30
1 4573 29
1 4574 27
1 4575 24
1 4576 27
1 4577 26
1 4578 28
1 4579 24
1 4580 25
1 4581 27
1 4582 24
1 4583 27
1 4584 30
1 4585 28
1 4586 25
1 4587 25
1 4588 26
1 4589 28
1 4590 26
1 4591 28
1 4592 28
1 4593 26
1 4594 28
1 4595 24
1 4596 25
1 4597 27
1 4598 28
1 4599 24
1 4600 25
1 4601 27
1 4602 24
1 4603 27
1 4604 31
1 4605 28
1 4606 25
1 4607 25
1 4608 26
1 4609 28
1 4610 26
1 4611 28
1 4612 28
1 4613 26
1 4614 27
1 4615 24
1 4616 27
1 4617 26
1 4618 28
1 4619 24
1 4620 25
1 4621 27
1 4622 24
1 4623 27
1 4624 30
1 4625 28
1 4626 25
1 4627 25
1 4628 26
1 4629 29
1 4630 26
1 4631 29
1 4632 30
1 4633 29
1 4634 26
1 4635 25
1 4636 27
1 4637 27
1 4638 27
1 4639 24
1 4640 24
1 4641 27
1 4642 24
1 4643 27
1 4644 29
1 4645 28
1 4646 25
1 4647 23
1 4648 25
1 4649 29
1 4650 27
1 4651 29
1 4652 30
1 4653 29
1 4654 26
1 4655 25
1 4656 26
1 4657 28
1 4658 27
1 4659 24
1 4660 23
1 4661 27
1 4662 24
1 4663 27
1 4664 28
1 4665 28
1 4666 25
1 4667 25
1 4668 26
1 4669 29
1 4670 26
1 4671 29
1 4672 28
1 4673 27
1 4674 27
1 4675 24
1 4676 25
1 4677 26
1 4678 28
1 4679 24
1 4680 25
1 4681 27
1 4682 24
1 4683 27
1 4684 31
1 4685 27
1 4686 24
1 4687 25
1 4688 26
1 4689 29
1 4690 27
1 4691 28
1 4692 28
1 4693 26
1 4694 27
1 4695 24
1 4696 26
1 4697 26
1 4698 28
1 4699 24
1 4700 25
1 4701 27
1 4702 24
1 4703 27
1 4704 30
1 4705 28
1 4706 24
1 4707 25
1 4708 26
1 4709 28
1 4710 27
1 4711 28
1 4712 28
1 4713 26
1 4714 27
1 4715 24
1 4716 25
1 4717 26
1 4718 28
1 4719 24
1 4720 24
1 4721 27
1 4722 24
1 4723 27
1 4724 31
1 4725 28
1 4726 25
1 4727 25
1 4728 26
1 4729 29
1 4730 27
1 4731 29
1 4732 30
1 4733 29
1 4734 26
1 4735 25
1 4736 26
1 4737 28
1 4738 27
1 4739 24
1 4740 25
1 4741 27
1 4742 24
1 4743 27
1 4744 28
1 4745 28
1 4746 26
1 4747 23
1 4748 25
1 4749 29
1 4750 27
1 4751 28
1 4752 30
1 4753 29
1 4754 26
1 4755 25
1 4756 27
1 4757 27
1 4758 27
1 4759 24
1 4760 24
1 4761 27
1 4762 24
1 4763 27
1 4764 30
1 4765 28
1 4766 25
1 4767 25
1 4768 26
1 4769 29
1 4770 27
1 4771 28
1 4772 28
1 4773 26
1 4774 27
1 4775 24
1 4776 27
1 4777 26
1 4778 27
1 4779 24
1 4780 24
1 4781 27
1 4782 24
1 4783 27
1 4784 31
1 4785 28
1 4786 25
1 4787 25
1 4788 26
1 4789 29
1 4790 26
1 4791 28
1 4792 28
1 4793 26
1 4794 27
1 4795 24
1 4796 25
1 4797 26
1 4798 28
1 4799 24
1 4800 25
1 4801 27
1 4802 24
1 4803 28
1 4804 30
1 4805 27
1 4806 24
1 4807 25
1 4808 26
1 4809 29
1 4810 25
1 4811 28
1 4812 28
1 4813 26
1 4814 27
1 4815 24
1 4816 27
1 4817 26
1 4818 28
1 4819 24
1 4820 25
1 4821 27
1 4822 24
1 4823 27
1 4824 30
1 4825 28
1 4826 25
1 4827 25
1 4828 26
1 4829 29
1 4830 27
1 4831 29
1 4832 30
1 4833 29
1 4834 27
1 4835 25
1 4836 27
1 4837 27
1 4838 27
1 4839 24
1 4840 24
1 4841 27
1 4842 25
1 4843 27
1 4844 28
1 4845 28
1 4846 25
1 4847 24
1 4848 25
1 4849 29
1 4850 26
1 4851 29
1 4852 30
1 4853 29
1 4854 26
1 4855 25
1 4856 27
1 4857 27
1 4858 27
1 4859 25
1 4860 25
1 4861 27
1 4862 24
1 4863 27
1 4864 28
1 4865 27
1 4866 26
1 4867 25
1 4868 26
1 4869 28
1 4870 26
1 4871 28
1 4872 28
1 4873 26
1 4874 27
1 4875 24
1 4876 25
1 4877 26
1 4878 28
1 4879 24
1 4880 25
1 4881 27
1 4882 24
1 4883 28
1 4884 30
1 4885 28
1 4886 24
1 4887 25
1 4888 26
1 4889 28
1 4890 26
1 4891 28
1 4892 28
1 4893 26
1 4894 27
1 4895 24
1 4896 27
1 4897 26
1 4898 28
1 4899 24
1 4900 24
1 4901 26
1 4902 24
1 4903 27
1 4904 31
1 4905 28
1 4906 25
1 4907 25
1 4908 26
1 4909 29
1 4910 26
1 4911 29
1 4912 29
1 4913 29
1 4914 27
1 4915 24
1 4916 27
1 4917 26
1 4918 27
1 4919 24
1 4920 24
1 4921 27
1 4922 24
1 4923 27
1 4924 29
1 4925 28
1 4926 25
1 4927 23
1 4928 25
1 4929 29
1 4930 26
1 4931 29
1 4932 28
1 4933 28
1 4934 26
1 4935 25
1 4936 27
1 4937 27
1 4938 27
1 4939 24
1 4940 24
1 4941 27
1 4942 25
1 4943 27
1 4944 28
1 4945 28
1 4946 26
1 4947 23
1 4948 26
1 4949 29
1 4950 27
1 4951 28
1 4952 30
1 4953 29
1 4954 27
1 4955 25
1 4956 27
1 4957 27
1 4958 27
1 4959 24
1 4960 24
1 4961 27
1 4962 24
1 4963 27
1 4964 31
1 4965 28
1 4966 25
1 4967 25
1 4968 26
1 4969 29
1 4970 26
1 4971 28
1 4972 28
1 4973 26
1 4974 27
1 4975 24
1 4976 27
1 4977 26
1 4978 28
1 4979 24
1 4980 24
1 4981 26
1 4982 24
1 4983 27
1 4984 31
1 4985 27
1 4986 24
1 4987 25
1 4988 26
1 4989 28
1 4990 25
1 4991 28
1 4992 28
1 4993 26
1 4994 28
1 4995 24
1 4996 25
1 4997 28
1 4998 28
1 4999 24
1 5000 25
1 5001 27
1 5002 24
1 5003 27
1 5004 30
1 5005 28
1 5006 25
1 5007 25
1 5008 26
1 5009 29
1 5010 26
1 5011 28
1 5012 28
1 5013 26
1 5014 27
1 5015 25
1 5016 27
1 5017 27
1 5018 27
1 5019 24
1 5020 24
1 5021 27
1 5022 24
1 5023 27
1 5024 30
1 5025 28
1 5026 25
1 5027 25
1 5028 26
1 5029 29
1 5030 27
1 5031 28
1 5032 30
1 5033 29
1 5034 26
1 5035 25
1 5036 27
1 5037 28
1 5038 27
1 5039 25
1 5040 25
1 5041 27
1 5042 24
1 5043 27
1 5044 29
1 5045 28
1 5046 25
1 5047 23
1 5048 26
1 5049 29
1 5050 27
1 5051 29
1 5052 30
1 5053 29
1 5054 27
1 5055 25
1 5056 27
1 5057 27
1 5058 27
1 5059 24
1 5060 25
1 5061 27
1 5062 24
1 5063 27
1 5064 30
1 5065 28
1 5066 25
1 5067 25
1 5068 26
1 5069 29
1 5070 26
1 5071 28
1 5072 28
1 5073 26
1 5074 27
1 5075 24
1 5076 25
1 5077 26
1 5078 28
1 5079 24
1 5080 25
1 5081 27
1 5082 24
1 5083 27
1 5084 30
1 5085 28
1 5086 25
1 5087 25
1 5088 26
1 5089 28
1 5090 26
1 5091 28
1 5092 28
1 5093 26
1 5094 27
1 5095 24
1 5096 27
1 5097 26
1 5098 28
1 5099 24
1 5100 25
1 5101 27
1 5102 24
1 5103 27
1 5104 30
1 5105 27
1 5106 25
1 5107 25
1 5108 26
1 5109 29
1 5110 26
1 5111 29
1 5112 28
1 5113 29
1 5114 26
1 5115 25
1 5116 27
1 5117 26
1 5118 27
1 5119 24
1 5120 24
1 5121 27
1 5122 24
1 5123 28
1 5124 30
1 5125 28
1 5126 25
1 5127 25
1 5128 26
1 5129 29
1 5130 26
1 5131 29
1 5132 30
1 5133 29
1 5134 26
1 5135 25
1 5136 26
1 5137 27
1 5138 27
1 5139 24
1 5140 24
1 5141 27
1 5142 24
1 5143 27
1 5144 28
1 5145 28
1 5146 25
1 5147 23
1 5148 26
1 5149 29
1 5150 27
1 5151 29
1 5152 30
1 5153 29
1 5154 27
1 5155 24
1 5156 27
1 5157 27
1 5158 27
1 5159 24
1 5160 24
1 5161 27
1 5162 24
1 5163 27
1 5164 31
1 5165 28
1 5166 25
1 5167 25
1 5168 26
1 5169 29
1 5170 26
1 5171 28
1 5172 28
1 5173 26
1 5174 27
1 5175 24
1 5176 27
1 5177 26
1 5178 28
1 5179 24
1 5180 25
1 5181 27
1 5182 24
1 5183 27
1 5184 31
1 5185 28
1 5186 24
1 5187 25
1 5188 26
1 5189 28
1 5190 26
1 5191 28
1 5192 28
1 5193 26
1 5194 27
1 5195 24
1 5196 27
1 5197 26
1 5198 28
1 5199 24
1 5200 25
1 5201 27
1 5202 24
1 5203 27
1 5204 30
1 5205 28
1 5206 25
1 5207 25
1 5208 26
1 5209 29
1 5210 26
1 5211 29
1 5212 28
1 5213 29
1 5214 26
1 5215 24
1 5216 27
1 5217 27
1 5218 27
1 5219 24
1 5220 25
1 5221 27
1 5222 24
1 5223 27
1 5224 29
1 5225 28
1 5226 25
1 5227 25
1 5228 26
1 5229 29
1 5230 27
1 5231 28
1 5232 30
1 5233 29
1 5234 26
1 5235 25
1 5236 27
1 5237 28
1 5238 27
1 5239 24
1 5240 24
1 5241 27
1 5242 24
1 5243 27
1 5244 29
1 5245 28
1 5246 25
1 5247 23
1 5248 26
1 5249 29
1 5250 27
1 5251 28
1 5252 28
1 5253 26
1 5254 27
1 5255 24
1 5256 27
1 5257 26
1 5258 28
1 5259 24
1 5260 25
1 5261 27
1 5262 24
1 5263 27
1 5264 31
1 5265 28
1 5266 25
1 5267 25
1 5268 26
1 5269 28
1 5270 26
1 5271 28
1 5272 28
1 5273 26
1 5274 27
1 5275 24
1 5276 25
1 5277 26
1 5278 28
1 5279 24
1 5280 25
1 5281 27
1 5282 24
1 5283 27
1 5284 30
1 5285 27
1 5286 24
1 5287 25
1 5288 26
1 5289 29
1 5290 27
1 5291 28
1 5292 28
1 5293 26
1 5294 27
1 5295 24
1 5296 27
1 5297 26
1 5298 28
1 5299 24
1 5300 25
1 5301 27
1 5302 24
1 5303 27
1 5304 30
1 5305 28
1 5306 25
1 5307 25
1 5308 26
1 5309 29
1 5310 27
1 5311 29
1 5312 30
1 5313 28
1 5314 27
1 5315 24
1 5316 27
1 5317 26
1 5318 27
1 5319 24
1 5320 24
1 5321 27
1 5322 24
1 5323 27
1 5324 28
1 5325 28
1 5326 25
1 5327 23
1 5328 25
1 5329 29
1 5330 27
1 5331 29
1 5332 30
1 5333 29
1 5334 26
1 5335 25
1 5336 27
1 5337 28
1 5338 27
1 5339 24
1 5340 24
1 5341 27
1 5342 24
1 5343 27
1 5344 28
1 5345 28
1 5346 25
1 5347 25
1 5348 26
1 5349 29
1 5350 27
1 5351 29
1 5352 30
1 5353 29
1 5354 27
1 5355 25
1 5356 27
1 5357 26
1 5358 27
1 5359 24
1 5360 24
1 5361 27
1 5362 24
1 5363 27
1 5364 30
1 5365 28
1 5366 24
1 5367 25
1 5368 26
1 5369 29
1 5370 26
1 5371 28
1 5372 28
1 5373 26
1 5374 27
1 5375 24
1 5376 27
1 5377 26
1 5378 28
1 5379 23
1 5380 25
1 5381 26
1 5382 24
1 5383 27
1 5384 30
1 5385 27
1 5386 24
1 5387 25
1 5388 26
1 5389 28
1 5390 26
1 5391 28
1 5392 28
1 5393 26
1 5394 27
1 5395 24
1 5396 25
1 5397 26
1 5398 28
1 5399 24
1 5400 25
1 5401 27
1 5402 24
1 5403 27
1 5404 30
1 5405 28
1 5406 25
1 5407 25
1 5408 26
1 5409 29
1 5410 26
1 5411 29
1 5412 28
1 5413 27
1 5414 27
1 5415 25
1 5416 27
1 5417 27
1 5418 27
1 5419 24
1 5420 24
1 5421 27
1 5422 24
1 5423 27
1 5424 28
1 5425 28
1 5426 25
1 5427 23
1 5428 26
1 5429 29
1 5430 27
1 5431 28
1 5432 30
1 5433 29
1 5434 26
1 5435 25
1 5436 27
1 5437 28
1 5438 27
1 5439 25
1 5440 24
1 5441 27
1 5442 24
1 5443 27
1 5444 30
1 5445 28
1 5446 25
1 5447 25
1 5448 26
1 5449 29
1 5450 27
1 5451 29
1 5452 28
1 5453 27
1 5454 27
1 5455 24
1 5456 27
1 5457 26
1 5458 28
1 5459 24
1 5460 25
1 5461 27
1 5462 24
1 5463 27
1 5464 30
1 5465 28
1 5466 25
1 5467 25
1 5468 26
1 5469 29
1 5470 26
1 5471 28
1 5472 28
1 5473 26
1 5474 27
1 5475 24
1 5476 25
1 5477 27
1 5478 28
1 5479 24
1 5480 25
1 5481 27
1 5482 24
1 5483 27
1 5484 31
1 5485 28
1 5486 25
1 5487 25
1 5488 26
1 5489 29
1 5490 26
1 5491 28
1 5492 28
1 5493 26
1 5494 27
1 5495 24
1 5496 27
1 5497 26
1 5498 28
1 5499 24
1 5500 25
1 5501 27
1 5502 24
1 5503 27
1 5504 30
1 5505 28
1 5506 25
1 5507 25
1 5508 26
1 5509 29
1 5510 26
1 5511 29
1 5512 29
1 5513 29
1 5514 26
1 5515 25
1 5516 27
1 5517 27
1 5518 27
1 5519 24
1 5520 24
1 5521 27
1 5522 24
1 5523 27
1 5524 29
1 5525 28
1 5526 25
1 5527 24
1 5528 25
1 5529 29
1 5530 27
1 5531 28
1 5532 30
1 5533 29
1 5534 26
1 5535 25
1 5536 26
1 5537 28
1 5538 27
1 5539 24
1 5540 24
1 5541 27
1 5542 24
1 5543 27
1 5544 28
1 5545 28
1 5546 25
1 5547 23
1 5548 26
1 5549 29
1 5550 26
1 5551 29
1 5552 29
1 5553 29
1 5554 27
1 5555 24
1 5556 27
1 5557 26
1 5558 27
1 5559 24
1 5560 24
1 5561 27
1 5562 24
1 5563 27
1 5564 31
1 5565 28
1 5566 25
1 5567 25
1 5568 26
1 5569 28
1 5570 26
1 5571 28
1 5572 28
1 5573 26
1 5574 27
1 5575 24
1 5576 27
1 5577 26
1 5578 28
1 5579 24
1 5580 25
1 5581 27
1 5582 24
1 5583 27
1 5584 31
1 5585 27
1 5586 24
1 5587 25
1 5588 26
1 5589 28
1 5590 26
1 5591 28
1 5592 28
1 5593 26
1 5594 27
1 5595 24
1 5596 27
1 5597 26
1 5598 28
1 5599 24
1 5600 24
1 5601 27
1 5602 24
1 5603 27
1 5604 31
1 5605 28
1 5606 25
1 5607 25
1 5608 26
1 5609 29
1 5610 27
1 5611 29
1 5612 30
1 5613 29
1 5614 26
1 5615 25
1 5616 27
1 5617 28
1 5618 27
1 5619 24
1 5620 24
1 5621 27
1 5622 24
1 5623 27
1 5624 28
1 5625 28
1 5626 25
1 5627 23
1 5628 25
1 5629 29
1 5630 27
1 5631 28
1 5632 30
1 5633 29
1 5634 27
1 5635 24
1 5636 27
1 5637 26
1 5638 27
1 5639 24
1 5640 24
1 5641 27
1 5642 24
1 5643 27
1 5644 30
1 5645 28
1 5646 25
1 5647 25
1 5648 26
1 5649 29
1 5650 26
1 5651 28
1 5652 28
1 5653 26
1 5654 27
1 5655 24
1 5656 27
1 5657 26
1 5658 28
1 5659 24
1 5660 25
1 5661 27
1 5662 24
1 5663 27
1 5664 31
1 5665 27
1 5666 24
1 5667 25
1 5668 26
1 5669 28
1 5670 26
1 5671 28
1 5672 28
1 5673 26
1 5674 27
1 5675 24
1 5676 26
1 5677 26
1 5678 28
1 5679 24
1 5680 25
1 5681 27
1 5682 24
1 5683 27
1 5684 30
1 5685 28
1 5686 24
1 5687 25
1 5688 26
1 5689 29
1 5690 25
1 5691 28
1 5692 28
1 5693 26
1 5694 27
1 5695 24
1 5696 27
1 5697 26
1 5698 28
1 5699 24
1 5700 25
1 5701 27
1 5702 24
1 5703 27
1 5704 29
1 5705 28
1 5706 25
1 5707 24
1 5708 26
1 5709 29
1 5710 26
1 5711 28
1 5712 30
1 5713 29
1 5714 26
1 5715 25
1 5716 27
1 5717 27
1 5718 27
1 5719 24
1 5720 24
1 5721 27
1 5722 24
1 5723 27
1 5724 28
1 5725 28
1 5726 25
1 5727 23
1 5728 26
1 5729 29
1 5730 26
1 5731 29
1 5732 28
1 5733 29
1 5734 27
1 5735 25
1 5736 27
1 5737 27
1 5738 27
1 5739 24
1 5740 24
1 5741 27
1 5742 24
1 5743 27
1 5744 30
1 5745 28
1 5746 25
1 5747 25
1 5748 26
1 5749 29
1 5750 26
1 5751 29
1 5752 28
1 5753 26
1 5754 27
1 5755 24
1 5756 25
1 5757 26
1 5758 28
1 5759 24
1 5760 25
1 5761 27
1 5762 25
1 5763 29
1 5764 30
1 5765 28
1 5766 24
1 5767 25
1 5768 26
1 5769 28
1 5770 25
1 5771 28
1 5772 28
1 5773 26
1 5774 27
1 5775 24
1 5776 25
1 5777 27
1 5778 28
1 5779 24
1 5780 25
1 5781 26
1 5782 24
1 5783 27
1 5784 30
1 5785 28
1 5786 25
1 5787 25
1 5788 26
1 5789 29
1 5790 26
1 5791 28
1 5792 28
1 5793 26
1 5794 27
1 5795 24
1 5796 25
1 5797 26
1 5798 28
1 5799 24
1 5800 24
1 5801 27
1 5802 24
1 5803 27
1 5804 31
1 5805 28
1 5806 25
1 5807 25
1 5808 26
1 5809 29
1 5810 26
1 5811 29
1 5812 29
1 5813 29
1 5814 26
1 5815 25
1 5816 26
1 5817 28
1 5818 27
1 5819 24
1 5820 24
1 5821 27
1 5822 24
1 5823 27
1 5824 28
1 5825 28
1 5826 25
1 5827 24
1 5828 26
1 5829 29
1 5830 27
1 5831 28
1 5832 30
1 5833 28
1 5834 27
1 5835 25
1 5836 27
1 5837 27
1 5838 27
1 5839 24
1 5840 24
1 5841 27
1 5842 24
1 5843 27
1 5844 30
1 5845 28
1 5846 25
1 5847 25
1 5848 26
1 5849 29
1 5850 26
1 5851 28
1 5852 28
1 5853 26
1 5854 27
1 5855 24
1 5856 27
1 5857 26
1 5858 28
1 5859 25
1 5860 25
1 5861 26
1 5862 24
1 5863 27
1 5864 30
1 5865 28
1 5866 24
1 5867 25
1 5868 26
1 5869 28
1 5870 26
1 5871 28
1 5872 28
1 5873 26
1 5874 27
1 5875 24
1 5876 25
1 5877 26
1 5878 28
1 5879 24
1 5880 25
1 5881 27
1 5882 24
1 5883 27
1 5884 30
1 5885 27
1 5886 24
1 5887 25
1 5888 26
1 5889 28
1 5890 26
1 5891 28
1 5892 28
1 5893 26
1 5894 27
1 5895 24
1 5896 27
1 5897 26
1 5898 28
1 5899 24
1 5900 25
1 5901 27
1 5902 24
1 5903 27
1 5904 29
1 5905 28
1 5906 25
1 5907 25
1 5908 26
1 5909 29
1 5910 27
1 5911 29
1 5912 30
1 5913 29
1 5914 26
1 5915 25
1 5916 27
1 5917 28
1 5918 27
1 5919 24
1 5920 24
1 5921 27
1 5922 24
1 5923 27
1 5924 30
1 5925 28
1 5926 25
1 5927 23
1 5928 26
1 5929 29
1 5930 27
1 5931 29
1 5932 30
1 5933 29
1 5934 26
1 5935 24
1 5936 27
1 5937 26
1 5938 27
1 5939 24
1 5940 25
1 5941 27
1 5942 24
1 5943 27
1 5944 30
1 5945 27
1 5946 25
1 5947 25
1 5948 26
1 5949 29
1 5950 26
1 5951 28
1 5952 28
1 5953 26
1 5954 28
1 5955 24
1 5956 25
1 5957 28
1 5958 28
1 5959 24
1 5960 25
1 5961 27
1 5962 24
1 5963 27
1 5964 30
1 5965 27
1 5966 24
1 5967 25
1 5968 26
1 5969 28
1 5970 26
1 5971 28
1 5972 28
1 5973 26
1 5974 27
1 5975 24
1 5976 25
1 5977 27
1 5978 28
1 5979 24
1 5980 24
1 5981 27
1 5982 24
1 5983 27
1 5984 30
1 5985 28
1 5986 25
1 5987 25
1 5988 26
1 5989 28
1 5990 26
1 5991 28
1 5992 28
1 5993 27
1 5994 27
1 5995 25
1 5996 27
1 5997 26
1 5998 27
1 5999 24
1 6000 24
1 6001 27
1 6002 24
1 6003 27
1 6004 30
1 6005 28
1 6006 25
1 6007 23
1 6008 25
1 6009 29
1 6010 27
1 6011 29
1 6012 30
1 6013 29
1 6014 26
1 6015 25
1 6016 27
1 6017 28
1 6018 27
1 6019 24
1 6020 25
1 6021 27
1 6022 24
1 6023 27
1 6024 28
1 6025 28
1 6026 25
1 6027 25
1 6028 26
1 6029 29
1 6030 26
1 6031 29
1 6032 30
1 6033 29
1 6034 27
1 6035 24
1 6036 27
1 6037 27
1 6038 27
1 6039 24
1 6040 24
1 6041 27
1 6042 24
1 6043 27
1 6044 31
1 6045 28
1 6046 25
1 6047 25
1 6048 26
1 6049 29
1 6050 26
1 6051 28
1 6052 28
1 6053 26
1 6054 27
1 6055 24
1 6056 27
1 6057 26
1 6058 28
1 6059 24
1 6060 25
1 6061 27
1 6062 24
1 6063 27
1 6064 31
1 6065 27
1 6066 24
1 6067 25
1 6068 26
1 6069 28
1 6070 25
1 6071 28
1 6072 28
1 6073 26
1 6074 27
1 6075 24
1 6076 25
1 6077 28
1 6078 28
1 6079 24
1 6080 25
1 6081 27
1 6082 24
1 6083 28
1 6084 30
1 6085 28
1 6086 24
1 6087 25
1 6088 26
1 6089 29
1 6090 26
1 6091 29
1 6092 28
1 6093 26
1 6094 27
1 6095 24
1 6096 27
1 6097 26
1 6098 28
1 6099 24
1 6100 25
1 6101 27
1 6102 24
1 6103 27
1 6104 28
1 6105 28
1 6106 25
1 6107 23
1 6108 26
1 6109 29
1 6110 27
1 6111 28
1 6112 30
1 6113 29
1 6114 26
1 6115 24
1 6116 27
1 6117 28
1 6118 27
1 6119 25
1 6120 25
1 6121 27
1 6122 25
1 6123 27
1 6124 28
1 6125 28
1 6126 25
1 6127 23
1 6128 26
1 6129 29
1 6130 26
1 6131 29
1 6132 28
1 6133 29
1 6134 26
1 6135 25
1 6136 27
1 6137 27
1 6138 27
1 6139 24
1 6140 24
1 6141 27
1 6142 24
1 6143 27
1 6144 30
1 6145 27
1 6146 25
1 6147 25
1 6148 27
1 6149 28
1 6150 26
1 6151 28
1 6152 28
1 6153 26
1 6154 27
1 6155 24
1 6156 25
1 6157 26
1 6158 28
1 6159 24
1 6160 25
1 6161 27
1 6162 25
1 6163 27
1 6164 30
1 6165 27
1 6166 24
1 6167 25
1 6168 26
1 6169 28
1 6170 25
1 6171 28
1 6172 28
1 6173 26
1 6174 27
1 6175 24
1 6176 27
1 6177 26
1 6178 28
1 6179 24
1 6180 24
1 6181 26
1 6182 24
1 6183 27
1 6184 30
1 6185 27
1 6186 25
1 6187 25
1 6188 26
1 6189 29
1 6190 27
1 6191 29
1 6192 28
1 6193 29
1 6194 27
1 6195 25
1 6196 27
1 6197 27
1 6198 27
1 6199 24
1 6200 24
1 6201 27
1 6202 24
1 6203 27
1 6204 29
1 6205 28
1 6206 25
1 6207 23
1 6208 26
1 6209 29
1 6210 26
1 6211 29
1 6212 28
1 6213 28
1 6214 26
1 6215 25
1 6216 26
1 6217 28
1 6218 27
1 6219 24
1 6220 24
1 6221 27
1 6222 24
1 6223 27
1 6224 28
1 6225 28
1 6226 25
1 6227 25
1 6228 26
1 6229 29
1 6230 26
1 6231 29
1 6232 28
1 6233 29
1 6234 27
1 6235 24
1 6236 27
1 6237 26
1 6238 27
1 6239 24
1 6240 25
1 6241 27
1 6242 24
1 6243 27
1 6244 30
1 6245 27
1 6246 24
1 6247 25
1 6248 26
1 6249 28
1 6250 26
1 6251 28
1 6252 28
1 6253 26
1 6254 27
1 6255 24
1 6256 27
1 6257 26
1 6258 28
1 6259 24
1 6260 24
1 6261 26
1 6262 24
1 6263 27
1 6264 31
1 6265 28
1 6266 24
1 6267 25
1 6268 26
1 6269 28
1 6270 27
1 6271 28
1 6272 28
1 6273 26
1 6274 28
1 6275 24
1 6276 25
1 6277 28
1 6278 28
1 6279 24
1 6280 25
1 6281 27
1 6282 24
1 6283 27
1 6284 30
1 6285 28
1 6286 25
1 6287 25
1 6288 26
1 6289 29
1 6290 26
1 6291 28
1 6292 28
1 6293 26
1 6294 27
1 6295 24
1 6296 27
1 6297 26
1 6298 27
1 6299 24
1 6300 24
1 6301 27
1 6302 24
1 6303 27
1 6304 28
1 6305 28
1 6306 25
1 6307 25
1 6308 26
1 6309 29
1 6310 27
1 6311 29
1 6312 30
1 6313 29
1 6314 26
1 6315 25
1 6316 27
1 6317 27
1 6318 27
1 6319 24
1 6320 24
1 6321 27
1 6322 24
1 6323 27
1 6324 30
1 6325 28
1 6326 25
1 6327 24
1 6328 26
1 6329 29
1 6330 26
1 6331 29
1 6332 29
1 6333 29
1 6334 26
1 6335 25
1 6336 27
1 6337 26
1 6338 28
1 6339 24
1 6340 24
1 6341 26
1 6342 24
1 6343 27
1 6344 31
1 6345 28
1 6346 25
1 6347 25
1 6348 26
1 6349 28
1 6350 25
1 6351 28
1 6352 28
1 6353 26
1 6354 28
1 6355 24
1 6356 25
1 6357 28
1 6358 28
1 6359 24
1 6360 25
1 6361 27
1 6362 24
1 6363 27
1 6364 30
1 6365 27
1 6366 24
1 6367 25
1 6368 26
1 6369 28
1 6370 26
1 6371 28
1 6372 28
1 6373 26
1 6374 27
1 6375 24
1 6376 25
1 6377 26
1 6378 28
1 6379 24
1 6380 25
1 6381 27
1 6382 24
1 6383 27
1 6384 30
1 6385 28
1 6386 25
1 6387 25
1 6388 26
1 6389 29
1 6390 26
1 6391 29
1 6392 29
1 6393 29
1 6394 27
1 6395 25
1 6396 27
1 6397 27
1 6398 27
1 6399 24
1 6400 25
1 6401 27
1 6402 24
1 6403 27
1 6404 31
1 6405 28
1 6406 25
1 6407 25
1 6408 26
1 6409 29
1 6410 27
1 6411 29
1 6412 30
1 6413 29
1 6414 27
1 6415 24
1 6416 27
1 6417 27
1 6418 27
1 6419 24
1 6420 24
1 6421 27
1 6422 24
1 6423 27
1 6424 28
1 6425 28
1 6426 25
1 6427 25
1 6428 26
1 6429 29
1 6430 26
1 6431 29
1 6432 28
1 6433 26
1 6434 27
1 6435 24
1 6436 25
1 6437 26
1 6438 28
1 6439 24
1 6440 25
1 6441 27
1 6442 24
1 6443 27
1 6444 30
1 6445 28
1 6446 24
1 6447 25
1 6448 26
1 6449 28
1 6450 26
1 6451 28
1 6452 28
1 6453 26
1 6454 27
1 6455 24
1 6456 27
1 6457 27
1 6458 28
1 6459 24
1 6460 25
1 6461 27
1 6462 24
1 6463 27
1 6464 31
1 6465 27
1 6466 24
1 6467 25
1 6468 25
1 6469 28
1 6470 26
1 6471 28
1 6472 28
1 6473 26
1 6474 27
1 6475 24
1 6476 25
1 6477 26
1 6478 28
1 6479 24
1 6480 25
1 6481 27
1 6482 24
1 6483 27
1 6484 31
1 6485 27
1 6486 25
1 6487 25
1 6488 26
1 6489 29
1 6490 26
1 6491 29
1 6492 29
1 6493 29
1 6494 26
1 6495 25
1 6496 27
1 6497 27
1 6498 27
1 6499 24
1 6500 25
1 6501 27
1 6502 24
1 6503 27
1 6504 28
1 6505 28
1 6506 25
1 6507 23
1 6508 26
1 6509 29
1 6510 27
1 6511 28
1 6512 30
1 6513 29
1 6514 26
1 6515 24
1 6516 27
1 6517 27
1 6518 27
1 6519 24
1 6520 24
1 6521 27
1 6522 24
1 6523 27
1 6524 30
1 6525 28
1 6526 25
1 6527 25
1 6528 26
1 6529 29
1 6530 26
1 6531 28
1 6532 28
1 6533 26
1 6534 27
1 6535 24
1 6536 26
1 6537 26
1 6538 28
1 6539 24
1 6540 25
1 6541 27
1 6542 24
1 6543 27
1 6544 30
1 6545 27
1 6546 25
1 6547 25
1 6548 27
1 6549 28
1 6550 26
1 6551 28
1 6552 28
1 6553 26
1 6554 27
1 6555 24
1 6556 25
1 6557 28
1 6558 28
1 6559 24
1 6560 25
1 6561 26
1 6562 25
1 6563 28
1 6564 30
1 6565 27
1 6566 24
1 6567 25
1 6568 26
1 6569 28
1 6570 26
1 6571 28
1 6572 28
1 6573 26
1 6574 27
1 6575 24
1 6576 27
1 6577 26
1 6578 28
1 6579 24
1 6580 25
1 6581 26
1 6582 24
1 6583 27
1 6584 30
1 6585 28
1 6586 25
1 6587 25
1 6588 26
1 6589 29
1 6590 27
1 6591 29
1 6592 30
1 6593 29
1 6594 27
1 6595 24
1 6596 27
1 6597 27
1 6598 27
1 6599 24
1 6600 24
1 6601 27
1 6602 24
1 6603 27
1 6604 28
1 6605 28
1 6606 25
1 6607 24
1 6608 25
1 6609 29
1 6610 27
1 6611 29
1 6612 29
1 6613 29
1 6614 27
1 6615 25
1 6616 27
1 6617 27
1 6618 27
1 6619 24
1 6620 24
1 6621 27
1 6622 24
1 6623 27
1 6624 30
1 6625 28
1 6626 25
1 6627 25
1 6628 26
1 6629 29
1 6630 26
1 6631 29
1 6632 28
1 6633 27
1 6634 27
1 6635 24
1 6636 27
1 6637 26
1 6638 28
1 6639 24
1 6640 25
1 6641 27
1 6642 24
1 6643 27
1 6644 30
1 6645 28
1 6646 24
1 6647 25
1 6648 26
1 6649 28
1 6650 26
1 6651 28
1 6652 28
1 6653 26
1 6654 27
1 6655 24
1 6656 25
1 6657 27
1 6658 28
1 6659 24
1 6660 25
1 6661 26
1 6662 25
1 6663 28
1 6664 30
1 6665 27
1 6666 24
1 6667 25
1 6668 26
1 6669 28
1 6670 26
1 6671 28
1 6672 28
1 6673 26
1 6674 27
1 6675 24
1 6676 25
1 6677 26
1 6678 28
1 6679 24
1 6680 24
1 6681 27
1 6682 24
1 6683 27
1 6684 31
1 6685 28
1 6686 25
1 6687 25
1 6688 26
1 6689 29
1 6690 26
1 6691 29
1 6692 28
1 6693 28
1 6694 26
1 6695 25
1 6696 27
1 6697 27
1 6698 27
1 6699 24
1 6700 24
1 6701 27
1 6702 24
1 6703 27
1 6704 28
1 6705 28
1 6706 25
1 6707 24
1 6708 26
1 6709 29
1 6710 27
1 6711 29
1 6712 30
1 6713 29
1 6714 27
1 6715 25
1 6716 27
1 6717 26
1 6718 27
1 6719 24
1 6720 24
1 6721 27
1 6722 24
1 6723 27
1 6724 30
1 6725 27
1 6726 25
1 6727 25
1 6728 26
1 6729 29
1 6730 26
1 6731 28
1 6732 28
1 6733 26
1 6734 27
1 6735 24
1 6736 26
1 6737 27
1 6738 28
1 6739 24
1 6740 25
1 6741 26
1 6742 24
1 6743 27
1 6744 30
1 6745 28
1 6746 24
1 6747 25
1 6748 26
1 6749 28
1 6750 26
1 6751 28
1 6752 28
1 6753 26
1 6754 28
1 6755 24
1 6756 25
1 6757 28
1 6758 28
1 6759 24
1 6760 25
1 6761 26
1 6762 24
1 6763 27
1 6764 30
1 6765 28
1 6766 24
1 6767 25
1 6768 26
1 6769 28
1 6770 26
1 6771 28
1 6772 28
1 6773 26
1 6774 27
1 6775 24
1 6776 27
1 6777 26
1 6778 28
1 6779 24
1 6780 25
1 6781 27
1 6782 24
1 6783 27
1 6784 29
1 6785 28
1 6786 25
1 6787 25
1 6788 26
1 6789 29
1 6790 26
1 6791 29
1 6792 30
1 6793 29
1 6794 27
1 6795 25
1 6796 27
1 6797 27
1 6798 27
1 6799 24
1 6800 24
1 6801 27
1 6802 24
1 6803 27
1 6804 29
1 6805 28
1 6806 25
1 6807 23
1 6808 26
1 6809 29
1 6810 26
1 6811 29
1 6812 30
1 6813 29
1 6814 27
1 6815 25
1 6816 27
1 6817 27
1 6818 27
1 6819 24
1 6820 25
1 6821 27
1 6822 24
1 6823 27
1 6824 31
1 6825 28
1 6826 25
1 6827 25
1 6828 26
1 6829 28
1 6830 26
1 6831 28
1 6832 28
1 6833 26
1 6834 27
1 6835 24
1 6836 25
1 6837 27
1 6838 28
1 6839 24
1 6840 25
1 6841 27
1 6842 24
1 6843 28
1 6844 30
1 6845 27
1 6846 24
1 6847 25
1 6848 26
1 6849 28
1 6850 26
1 6851 28
1 6852 28
1 6853 26
1 6854 27
1 6855 24
1 6856 26
1 6857 26
1 6858 28
1 6859 24
1 6860 25
1 6861 27
1 6862 24
1 6863 27
1 6864 31
1 6865 28
1 6866 24
1 6867 25
1 6868 26
1 6869 28
1 6870 26
1 6871 28
1 6872 28
1 6873 26
1 6874 27
1 6875 24
1 6876 27
1 6877 26
1 6878 28
1 6879 24
1 6880 24
1 6881 27
1 6882 24
1 6883 27
1 6884 30
1 6885 28
1 6886 25
1 6887 25
1 6888 26
1 6889 29
1 6890 27
1 6891 29
1 6892 30
1 6893 29
1 6894 27
1 6895 24
1 6896 27
1 6897 27
1 6898 27
1 6899 24
1 6900 24
1 6901 27
1 6902 24
1 6903 27
1 6904 28
1 6905 28
1 6906 25
1 6907 24
1 6908 26
1 6909 29
1 6910 27
1 6911 29
1 6912 30
1 6913 29
1 6914 27
1 6915 24
1 6916 25
1 6917 28
1 6918 28
1 6919 24
1 6920 25
1 6921 27
1 6922 24
1 6923 27
1 6924 31
1 6925 28
1 6926 25
1 6927 25
1 6928 26
1 6929 29
1 6930 27
1 6931 28
1 6932 28
1 6933 26
1 6934 28
1 6935 24
1 6936 27
1 6937 27
1 6938 28
1 6939 24
1 6940 24
1 6941 26
1 6942 24
1 6943 27
1 6944 30
1 6945 27
1 6946 24
1 6947 25
1 6948 26
1 6949 28
1 6950 26
1 6951 28
1 6952 28
1 6953 26
1 6954 27
1 6955 24
1 6956 25
1 6957 26
1 6958 28
1 6959 24
1 6960 25
1 6961 27
1 6962 24
1 6963 27
1 6964 30
1 6965 27
1 6966 24
1 6967 25
1 6968 26
1 6969 29
1 6970 26
1 6971 28
1 6972 28
1 6973 27
1 6974 27
1 6975 24
1 6976 27
1 6977 26
1 6978 28
1 6979 24
1 6980 25
1 6981 27
1 6982 24
1 6983 27
1 6984 28
1 6985 28
1 6986 25
1 6987 25
1 6988 26
1 6989 29
1 6990 27
1 6991 29
1 6992 30
1 6993 29
1 6994 27
1 6995 25
1 6996 27
1 6997 27
1 6998 27
1 6999 24
1 7000 25
1 7001 27
1 7002 24
1 7003 27
1 7004 28
1 7005 28
1 7006 25
1 7007 23
1 7008 26
1 7009 29
1 7010 27
1 7011 28
1 7012 28
1 7013 27
1 7014 27
1 7015 24
1 7016 27
1 7017 26
1 7018 28
1 7019 24
1 7020 25
1 7021 27
1 7022 24
1 7023 27
1 7024 30
1 7025 27
1 7026 24
1 7027 25
1 7028 26
1 7029 28
1 7030 25
1 7031 28
1 7032 28
1 7033 26
1 7034 27
1 7035 24
1 7036 25
1 7037 26
1 7038 28
1 7039 24
1 7040 25
1 7041 27
1 7042 25
1 7043 29
1 7044 30
1 7045 27
1 7046 24
1 7047 25
1 7048 26
1 7049 28
1 7050 26
1 7051 28
1 7052 28
1 7053 26
1 7054 27
1 7055 24
1 7056 26
1 7057 26
1 7058 28
1 7059 24
1 7060 24
1 7061 26
1 7062 24
1 7063 27
1 7064 31
1 7065 27
1 7066 24
1 7067 25
1 7068 26
1 7069 29
1 7070 26
1 7071 29
1 7072 28
1 7073 27
1 7074 28
1 7075 24
1 7076 25
1 7077 26
1 7078 28
1 7079 24
1 7080 24
1 7081 27
1 7082 24
1 7083 27
1 7084 30
1 7085 28
1 7086 25
1 7087 24
1 7088 26
1 7089 29
1 7090 26
1 7091 29
1 7092 29
1 7093 29
1 7094 26
1 7095 25
1 7096 27
1 7097 27
1 7098 27
1 7099 24
1 7100 24
1 7101 27
1 7102 24
1 7103 27
1 7104 28
1 7105 28
1 7106 25
1 7107 25
1 7108 26
1 7109 29
1 7110 26
1 7111 29
1 7112 28
1 7113 28
1 7114 27
1 7115 25
1 7116 27
1 7117 26
1 7118 27
1 7119 24
1 7120 24
1 7121 27
1 7122 24
1 7123 27
1 7124 30
1 7125 28
1 7126 24
1 7127 25
1 7128 26
1 7129 29
1 7130 26
1 7131 28
1 7132 28
1 7133 26
1 7134 27
1 7135 24
1 7136 25
1 7137 27
1 7138 28
1 7139 24
1 7140 25
1 7141 26
1 7142 24
1 7143 27
1 7144 30
1 7145 27
1 7146 24
1 7147 25
1 7148 26
1 7149 28
1 7150 26
1 7151 28
1 7152 28
1 7153 26
1 7154 28
1 7155 24
1 7156 25
1 7157 28
1 7158 28
1 7159 24
1 7160 25
1 7161 27
1 7162 24
1 7163 27
1 7164 30
1 7165 28
1 7166 25
1 7167 25
1 7168 26
1 7169 29
1 7170 26
1 7171 28
1 7172 28
1 7173 26
1 7174 27
1 7175 24
1 7176 27
1 7177 27
1 7178 27
1 7179 24
1 7180 24
1 7181 27
1 7182 24
1 7183 27
1 7184 30
1 7185 28
1 7186 25
1 7187 25
1 7188 26
1 7189 29
1 7190 26
1 7191 29
1 7192 30
1 7193 29
1 7194 26
1 7195 25
1 7196 27
1 7197 27
1 7198 27
1 7199 24
1 7200 24
1 7201 27
1 7202 24
1 7203 27
1 7204 30
1 7205 28
1 7206 25
1 7207 25
1 7208 26
1 7209 29
1 7210 26
1 7211 29
1 7212 28
1 7213 26
1 7214 27
1 7215 24
1 7216 27
1 7217 26
1 7218 28
1 7219 24
1 7220 25
1 7221 27
1 7222 24
1 7223 27
1 7224 30
1 7225 28
1 7226 25
1 7227 25
1 7228 26
1 7229 28
1 7230 26
1 7231 28
1 7232 28
1 7233 26
1 7234 28
1 7235 24
1 7236 25
1 7237 27
1 7238 28
1 7239 24
1 7240 25
1 7241 27
1 7242 24
1 7243 27
1 7244 30
1 7245 27
1 7246 24
1 7247 25
1 7248 26
1 7249 28
1 7250 26
1 7251 28
1 7252 28
1 7253 26
1 7254 27
1 7255 24
1 7256 26
1 7257 26
1 7258 28
1 7259 24
1 7260 25
1 7261 27
1 7262 24
1 7263 27
1 7264 30
1 7265 27
1 7266 24
1 7267 25
1 7268 26
1 7269 28
1 7270 26
1 7271 28
1 7272 28
1 7273 27
1 7274 27
1 7275 24
1 7276 25
1 7277 26
1 7278 28
1 7279 24
1 7280 24
1 7281 27
1 7282 24
1 7283 27
1 7284 30
1 7285 28
1 7286 25
1 7287 25
1 7288 26
1 7289 29
1 7290 27
1 7291 29
1 7292 30
1 7293 29
1 7294 26
1 7295 25
1 7296 27
1 7297 27
1 7298 28
1 7299 24
1 7300 25
1 7301 27
1 7302 24
1 7303 27
1 7304 31
1 7305 28
1 7306 25
1 7307 25
1 7308 26
1 7309 29
1 7310 26
1 7311 29
1 7312 28
1 7313 27
1 7314 27
1 7315 24
1 7316 25
1 7317 26
1 7318 28
1 7319 24
1 7320 25
1 7321 27
1 7322 24
1 7323 27
1 7324 30
1 7325 27
1 7326 24
1 7327 25
1 7328 26
1 7329 28
1 7330 26
1 7331 28
1 7332 28
1 7333 26
1 7334 27
1 7335 24
1 7336 25
1 7337 26
1 7338 28
1 7339 24
1 7340 25
1 7341 26
1 7342 24
1 7343 27
1 7344 30
1 7345 27
1 7346 25
1 7347 25
1 7348 26
1 7349 28
1 7350 26
1 7351 28
1 7352 28
1 7353 26
1 7354 27
1 7355 24
1 7356 25
1 7357 26
1 7358 28
1 7359 24
1 7360 24
1 7361 27
1 7362 24
1 7363 27
1 7364 30
1 7365 28
1 7366 24
1 7367 25
1 7368 26
1 7369 29
1 7370 26
1 7371 29
1 7372 28
1 7373 27
1 7374 27
1 7375 24
1 7376 27
1 7377 26
1 7378 28
1 7379 24
1 7380 25
1 7381 27
1 7382 24
1 7383 27
1 7384 28
1 7385 28
1 7386 25
1 7387 23
1 7388 26
1 7389 29
1 7390 27
1 7391 28
1 7392 30
1 7393 29
1 7394 27
1 7395 24
1 7396 26
1 7397 26
1 7398 27
1 7399 24
1 7400 24
1 7401 27
1 7402 24
1 7403 27
1 7404 29
1 7405 28
1 7406 25
1 7407 25
1 7408 26
1 7409 29
1 7410 27
1 7411 28
1 7412 28
1 7413 26
1 7414 27
1 7415 24
1 7416 27
1 7417 26
1 7418 28
1 7419 24
1 7420 25
1 7421 27
1 7422 24
1 7423 27
1 7424 30
1 7425 27
1 7426 25
1 7427 25
1 7428 26
1 7429 28
1 7430 26
1 7431 28
1 7432 28
1 7433 26
1 7434 28
1 7435 24
1 7436 25
1 7437 28
1 7438 28
1 7439 25
1 7440 25
1 7441 26
1 7442 24
1 7443 28
1 7444 30
1 7445 27
1 7446 24
1 7447 25
1 7448 26
1 7449 28
1 7450 26
1 7451 28
1 7452 28
1 7453 26
1 7454 27
1 7455 24
1 7456 27
1 7457 26
1 7458 28
1 7459 24
1 7460 25
1 7461 27
1 7462 24
1 7463 27
1 7464 30
1 7465 28
1 7466 25
1 7467 25
1 7468 26
1 7469 29
1 7470 26
1 7471 29
1 7472 30
1 7473 29
1 7474 27
1 7475 24
1 7476 27
1 7477 27
1 7478 27
1 7479 24
1 7480 24
1 7481 27
1 7482 24
1 7483 27
1 7484 28
1 7485 28
1 7486 25
1 7487 23
1 7488 26
1 7489 29
1 7490 26
1 7491 28
1 7492 28
1 7493 28
1 7494 27
1 7495 24
1 7496 27
1 7497 27
1 7498 27
1 7499 24
1 7500 25
1 7501 27
1 7502 24
1 7503 27
1 7504 30
1 7505 28
1 7506 25
1 7507 25
1 7508 26
1 7509 29
1 7510 26
1 7511 29
1 7512 28
1 7513 26
1 7514 27
1 7515 24
1 7516 25
1 7517 27
1 7518 28
1 7519 24
1 7520 25
1 7521 27
1 7522 24
1 7523 28
1 7524 30
1 7525 27
1 7526 24
1 7527 25
1 7528 26
1 7529 28
1 7530 26
1 7531 28
1 7532 28
1 7533 26
1 7534 27
1 7535 24
1 7536 25
1 7537 27
1 7538 28
1 7539 24
1 7540 25
1 7541 26
1 7542 24
1 7543 27
1 7544 30
1 7545 27
1 7546 24
1 7547 25
1 7548 26
1 7549 28
1 7550 26
1 7551 28
1 7552 28
1 7553 26
1 7554 28
1 7555 24
1 7556 25
1 7557 28
1 7558 28
1 7559 24
1 7560 25
1 7561 27
1 7562 24
1 7563 27
1 7564 30
1 7565 28
1 7566 25
1 7567 25
1 7568 26
1 7569 29
1 7570 26
1 7571 29
1 7572 28
1 7573 28
1 7574 27
1 7575 25
1 7576 27
1 7577 26
1 7578 27
1 7579 24
1 7580 24
1 7581 27
1 7582 24
1 7583 27
1 7584 28
1 7585 28
1 7586 25
1 7587 25
1 7588 26
1 7589 29
1 7590 27
1 7591 29
1 7592 30
1 7593 29
1 7594 27
1 7595 25
1 7596 27
1 7597 26
1 7598 27
1 7599 24
1 7600 24
1 7601 27
1 7602 24
1 7603 27
1 7604 31
1 7605 28
1 7606 25
1 7607 25
1 7608 26
1 7609 29
1 7610 26
1 7611 28
1 7612 28
1 7613 26
1 7614 27
1 7615 24
1 7616 27
1 7617 26
1 7618 28
1 7619 24
1 7620 25
1 7621 26
1 7622 24
1 7623 27
1 7624 30
1 7625 27
1 7626 24
1 7627 25
1 7628 26
1 7629 28
1 7630 26
1 7631 28
1 7632 28
1 7633 26
1 7634 27
1 7635 24
1 7636 25
1 7637 27
1 7638 28
1 7639 24
1 7640 25
1 7641 27
1 7642 24
1 7643 27
1 7644 30
1 7645 28
1 7646 24
1 7647 25
1 7648 26
1 7649 28
1 7650 26
1 7651 28
1 7652 28
1 7653 26
1 7654 27
1 7655 24
1 7656 27
1 7657 26
1 7658 28
1 7659 24
1 7660 25
1 7661 27
1 7662 24
1 7663 27
1 7664 30
1 7665 28
1 7666 25
1 7667 25
1 7668 26
1 7669 29
1 7670 26
1 7671 29
1 7672 30
1 7673 29
1 7674 26
1 7675 25
1 7676 27
1 7677 27
1 7678 27
1 7679 24
1 7680 25
1 7681 27
1 7682 24
1 7683 27
1 7684 30
1 7685 27
1 7686 25
1 7687 25
1 7688 26
1 7689 29
1 7690 26
1 7691 29
1 7692 28
1 7693 29
1 7694 27
1 7695 25
1 7696 27
1 7697 26
1 7698 27
1 7699 24
1 7700 25
1 7701 27
1 7702 24
1 7703 27
1 7704 31
1 7705 28
1 7706 25
1 7707 25
1 7708 26
1 7709 29
1 7710 26
1 7711 28
1 7712 28
1 7713 26
1 7714 28
1 7715 24
1 7716 25
1 7717 27
1 7718 28
1 7719 24
1 7720 25
1 7721 27
1 7722 24
1 7723 27
1 7724 30
1 7725 27
1 7726 24
1 7727 25
1 7728 26
1 7729 28
1 7730 26
1 7731 28
1 7732 28
1 7733 26
1 7734 27
1 7735 24
1 7736 25
1 7737 26
1 7738 28
1 7739 24
1 7740 24
1 7741 26
1 7742 24
1 7743 27
1 7744 30
1 7745 27
1 7746 25
1 7747 25
1 7748 27
1 7749 28
1 7750 25
1 7751 28
1 7752 28
1 7753 26
1 7754 27
1 7755 24
1 7756 25
1 7757 26
1 7758 28
1 7759 24
1 7760 25
1 7761 27
1 7762 24
1 7763 27
1 7764 30
1 7765 28
1 7766 25
1 7767 25
1 7768 26
1 7769 29
1 7770 26
1 7771 29
1 7772 30
1 7773 29
1 7774 26
1 7775 25
1 7776 27
1 7777 27
1 7778 27
1 7779 24
1 7780 24
1 7781 27
1 7782 24
1 7783 27
1 7784 28
1 7785 28
1 7786 25
1 7787 23
1 7788 26
1 7789 29
1 7790 27
1 7791 29
1 7792 30
1 7793 29
1 7794 27
1 7795 24
1 7796 27
1 7797 26
1 7798 27
1 7799 24
1 7800 24
1 7801 27
1 7802 24
1 7803 27
1 7804 30
1 7805 27
1 7806 25
1 7807 25
1 7808 26
1 7809 28
1 7810 26
1 7811 28
1 7812 28
1 7813 26
1 7814 27
1 7815 24
1 7816 25
1 7817 26
1 7818 28
1 7819 24
1 7820 24
1 7821 26
1 7822 24
1 7823 27
1 7824 30
1 7825 27
1 7826 25
1 7827 25
1 7828 27
1 7829 28
1 7830 26
1 7831 28
1 7832 28
1 7833 26
1 7834 27
1 7835 24
1 7836 25
1 7837 27
1 7838 28
1 7839 24
1 7840 25
1 7841 27
1 7842 24
1 7843 27
1 7844 30
1 7845 27
1 7846 24
1 7847 25
1 7848 26
1 7849 29
1 7850 26
1 7851 28
1 7852 28
1 7853 26
1 7854 27
1 7855 24
1 7856 27
1 7857 26
1 7858 28
1 7859 24
1 7860 25
1 7861 27
1 7862 24
1 7863 27
1 7864 30
1 7865 28
1 7866 25
1 7867 25
1 7868 26
1 7869 29
1 7870 27
1 7871 28
1 7872 30
1 7873 29
1 7874 27
1 7875 24
1 7876 27
1 7877 26
1 7878 27
1 7879 24
1 7880 24
1 7881 27
1 7882 24
1 7883 27
1 7884 29
1 7885 28
1 7886 25
1 7887 23
1 7888 26
1 7889 29
1 7890 26
1 7891 28
1 7892 28
1 7893 28
1 7894 27
1 7895 24
1 7896 27
1 7897 26
1 7898 28
1 7899 24
1 7900 25
1 7901 27
1 7902 24
1 7903 27
1 7904 31
1 7905 27
1 7906 24
1 7907 25
1 7908 26
1 7909 28
1 7910 25
1 7911 28
1 7912 28
1 7913 26
1 7914 27
1 7915 24
1 7916 25
1 7917 27
1 7918 28
1 7919 24
1 7920 24
1 7921 26
1 7922 24
1 7923 28
1 7924 30
1 7925 27
1 7926 24
1 7927 25
1 7928 26
1 7929 28
1 7930 26
1 7931 28
1 7932 28
1 7933 26
1 7934 27
1 7935 24
1 7936 25
1 7937 28
1 7938 28
1 7939 24
1 7940 25
1 7941 26
1 7942 24
1 7943 27
1 7944 30
1 7945 27
1 7946 24
1 7947 25
1 7948 26
1 7949 28
1 7950 26
1 7951 28
1 7952 28
1 7953 26
1 7954 27
1 7955 24
1 7956 25
1 7957 26
1 7958 28
1 7959 24
1 7960 25
1 7961 27
1 7962 24
1 7963 27
1 7964 30
1 7965 28
1 7966 25
1 7967 25
1 7968 26
1 7969 29
1 7970 26
1 7971 29
1 7972 28
1 7973 28
1 7974 27
1 7975 25
1 7976 27
1 7977 27
1 7978 27
1 7979 24
1 7980 24
1 7981 27
1 7982 24
1 7983 27
1 7984 28
1 7985 28
1 7986 25
1 7987 24
1 7988 26
1 7989 29
1 7990 26
1 7991 29
1 7992 30
1 7993 29
1 7994 27
1 7995 24
1 7996 27
1 7997 26
1 7998 28
1 7999 24
1 8000 25
1 8001 27
1 8002 24
1 8003 28
1 8004 30
1 8005 27
1 8006 24
1 8007 25
1 8008 26
1 8009 28
1 8010 26
1 8011 28
1 8012 28
1 8013 26
1 8014 27
1 8015 24
1 8016 26
1 8017 27
1 8018 28
1 8019 25
1 8020 25
1 8021 26
1 8022 24
1 8023 27
1 8024 30
1 8025 27
1 8026 24
1 8027 25
1 8028 26
1 8029 28
1 8030 25
1 8031 28
1 8032 28
1 8033 26
1 8034 28
1 8035 24
1 8036 25
1 8037 27
1 8038 28
1 8039 24
1 8040 25
1 8041 27
1 8042 24
1 8043 27
1 8044 31
1 8045 28
1 8046 25
1 8047 25
1 8048 26
1 8049 29
1 8050 27
1 8051 28
1 8052 28
1 8053 26
1 8054 27
1 8055 24
1 8056 27
1 8057 26
1 8058 27
1 8059 24
1 8060 25
1 8061 27
1 8062 24
1 8063 27
1 8064 28
1 8065 28
1 8066 25
1 8067 25
1 8068 26
1 8069 29
1 8070 26
1 8071 29
1 8072 29
1 8073 29
1 8074 26
1 8075 25
1 8076 27
1 8077 27
1 8078 27
1 8079 24
1 8080 24
1 8081 27
1 8082 24
1 8083 27
1 8084 30
1 8085 28
1 8086 25
1 8087 24
1 8088 26
1 8089 29
1 8090 27
1 8091 29
1 8092 29
1 8093 29
1 8094 27
1 8095 24
1 8096 27
1 8097 26
1 8098 28
1 8099 24
1 8100 24
1 8101 27
1 8102 24
1 8103 27
1 8104 30
1 8105 27
1 8106 24
1 8107 25
1 8108 26
1 8109 28
1 8110 26
1 8111 28
1 8112 28
1 8113 26
1 8114 27
1 8115 24
1 8116 25
1 8117 28
1 8118 28
1 8119 24
1 8120 25
1 8121 27
1 8122 24
1 8123 27
1 8124 30
1 8125 27
1 8126 24
1 8127 25
1 8128 26
1 8129 28
1 8130 26
1 8131 28
1 8132 28
1 8133 26
1 8134 27
1 8135 24
1 8136 27
1 8137 26
1 8138 28
1 8139 24
1 8140 25
1 8141 27
1 8142 24
1 8143 27
1 8144 31
1 8145 28
1 8146 25
1 8147 25
1 8148 26
1 8149 28
1 8150 25
1 8151 28
1 8152 28
1 8153 27
1 8154 27
1 8155 24
1 8156 27
1 8157 26
1 8158 27
1 8159 24
1 8160 24
1 8161 27
1 8162 24
1 8163 27
1 8164 30
1 8165 28
1 8166 25
1 8167 24
1 8168 26
1 8169 29
1 8170 27
1 8171 29
1 8172 30
1 8173 29
1 8174 26
1 8175 25
1 8176 27
1 8177 27
1 8178 27
1 8179 24
1 8180 25
1 8181 27
1 8182 24
1 8183 27
1 8184 28
1 8185 28
1 8186 25
1 8187 25
1 8188 26
1 8189 29
1 8190 26
1 8191 29
1 8192 28
1 8193 27
1 8194 28
1 8195 24
1 8196 25
1 8197 28
1 8198 28
1 8199 24
1 8200 25
1 8201 27
1 8202 24
1 8203 27
1 8204 30
1 8205 28
1 8206 24
1 8207 25
1 8208 26
1 8209 28
1 8210 26
1 8211 28
1 8212 28
1 8213 26
1 8214 27
1 8215 24
1 8216 25
1 8217 27
1 8218 28
1 8219 24
1 8220 25
1 8221 26
1 8222 25
1 8223 27
1 8224 30
1 8225 27
1 8226 25
1 8227 25
1 8228 26
1 8229 28
1 8230 26
1 8231 28
1 8232 28
1 8233 26
1 8234 27
1 8235 24
1 8236 25
1 8237 28
1 8238 28
1 8239 24
1 8240 25
1 8241 27
1 8242 24
1 8243 27
1 8244 30
1 8245 28
1 8246 24
1 8247 25
1 8248 26
1 8249 29
1 8250 26
1 8251 28
1 8252 28
1 8253 27
1 8254 27
1 8255 25
1 8256 27
1 8257 27
1 8258 28
1 8259 24
1 8260 25
1 8261 27
1 8262 24
1 8263 27
1 8264 30
1 8265 28
1 8266 25
1 8267 25
1 8268 26
1 8269 29
1 8270 27
1 8271 29
1 8272 30
1 8273 29
1 8274 26
1 8275 24
1 8276 27
1 8277 27
1 8278 27
1 8279 24
1 8280 25
1 8281 27
1 8282 24
1 8283 27
1 8284 29
1 8285 28
1 8286 25
1 8287 25
1 8288 26
1 8289 29
1 8290 27
1 8291 28
1 8292 28
1 8293 26
1 8294 27
1 8295 24
1 8296 27
1 8297 26
1 8298 28
1 8299 24
1 8300 25
1 8301 27
1 8302 24
1 8303 27
1 8304 31
1 8305 27
1 8306 24
1 8307 25
1 8308 26
1 8309 28
1 8310 26
1 8311 28
1 8312 28
1 8313 26
1 8314 27
1 8315 24
1 8316 25
1 8317 26
1 8318 28
1 8319 24
1 8320 25
1 8321 26
1 8322 25
1 8323 28
1 8324 30
1 8325 27
1 8326 24
1 8327 25
1 8328 26
1 8329 28
1 8330 26
1 8331 28
1 8332 28
1 8333 26
1 8334 27
1 8335 24
1 8336 27
1 8337 26
1 8338 28
1 8339 24
1 8340 25
1 8341 26
1 8342 24
1 8343 27
1 8344 30
1 8345 27
1 8346 25
1 8347 25
1 8348 26
1 8349 29
1 8350 26
1 8351 29
1 8352 29
1 8353 29
1 8354 27
1 8355 24
1 8356 25
1 8357 26
1 8358 28
1 8359 24
1 8360 24
1 8361 27
1 8362 24
1 8363 27
1 8364 28
1 8365 28
1 8366 25
1 8367 23
1 8368 26
1 8369 29
1 8370 27
1 8371 29
1 8372 30
1 8373 29
1 8374 27
1 8375 25
1 8376 27
1 8377 27
1 8378 27
1 8379 24
1 8380 24
1 8381 27
1 8382 24
1 8383 27
1 8384 28
1 8385 28
1 8386 25
1 8387 25
1 8388 26
1 8389 29
1 8390 26
1 8391 29
1 8392 28
1 8393 27
1 8394 27
1 8395 24
1 8396 25
1 8397 26
1 8398 28
1 8399 24
1 8400 25
1 8401 27
1 8402 24
1 8403 28
1 8404 30
1 8405 27
1 8406 24
1 8407 25
1 8408 26
1 8409 28
1 8410 26
1 8411 28
1 8412 28
1 8413 26
1 8414 27
1 8415 24
1 8416 26
1 8417 28
1 8418 28
1 8419 24
1 8420 25
1 8421 26
1 8422 24
1 8423 27
1 8424 30
1 8425 28
1 8426 24
1 8427 25
1 8428 26
1 8429 28
1 8430 26
1 8431 28
1 8432 28
1 8433 26
1 8434 28
1 8435 24
1 8436 25
1 8437 27
1 8438 28
1 8439 24
1 8440 24
1 8441 27
1 8442 24
1 8443 27
1 8444 30
1 8445 28
1 8446 25
1 8447 25
1 8448 26
1 8449 29
1 8450 26
1 8451 28
1 8452 28
1 8453 26
1 8454 27
1 8455 24
1 8456 27
1 8457 26
1 8458 28
1 8459 24
1 8460 25
1 8461 27
1 8462 24
1 8463 27
1 8464 28
1 8465 28
1 8466 25
1 8467 25
1 8468 26
1 8469 29
1 8470 27
1 8471 28
1 8472 30
1 8473 29
1 8474 26
1 8475 25
1 8476 27
1 8477 27
1 8478 27
1 8479 24
1 8480 24
1 8481 27
1 8482 24
1 8483 27
1 8484 30
1 8485 28
1 8486 25
1 8487 25
1 8488 26
1 8489 29
1 8490 26
1 8491 28
1 8492 28
1 8493 26
1 8494 27
1 8495 24
1 8496 27
1 8497 26
1 8498 28
1 8499 24
1 8500 24
1 8501 26
1 8502 24
1 8503 27
1 8504 30
1 8505 27
1 8506 24
1 8507 25
1 8508 26
1 8509 28
1 8510 26
1 8511 28
1 8512 28
1 8513 26
1 8514 28
1 8515 24
1 8516 25
1 8517 28
1 8518 28
1 8519 24
1 8520 25
1 8521 27
1 8522 24
1 8523 28
1 8524 30
1 8525 27
1 8526 24
1 8527 25
1 8528 26
1 8529 28
1 8530 26
1 8531 28
1 8532 28
1 8533 26
1 8534 27
1 8535 24
1 8536 27
1 8537 26
1 8538 28
1 8539 24
1 8540 25
1 8541 27
1 8542 24
1 8543 27
1 8544 30
1 8545 28
1 8546 25
1 8547 25
1 8548 26
1 8549 29
1 8550 26
1 8551 29
1 8552 29
1 8553 29
1 8554 26
1 8555 25
1 8556 27
1 8557 27
1 8558 27
1 8559 24
1 8560 24
1 8561 27
1 8562 24
1 8563 27
1 8564 30
1 8565 28
1 8566 25
1 8567 25
1 8568 26
1 8569 29
1 8570 27
1 8571 29
1 8572 30
1 8573 29
1 8574 26
1 8575 24
1 8576 27
1 8577 27
1 8578 28
1 8579 24
1 8580 24
1 8581 27
1 8582 24
1 8583 27
1 8584 30
1 8585 27
1 8586 24
1 8587 25
1 8588 26
1 8589 28
1 8590 25
1 8591 28
1 8592 28
1 8593 26
1 8594 27
1 8595 24
1 8596 25
1 8597 28
1 8598 28
1 8599 24
1 8600 25
1 8601 27
1 8602 24
1 8603 27
1 8604 30
1 8605 27
1 8606 24
1 8607 25
1 8608 26
1 8609 28
1 8610 26
1 8611 28
1 8612 28
1 8613 26
1 8614 28
1 8615 24
1 8616 25
1 8617 28
1 8618 28
1 8619 24
1 8620 24
1 8621 26
1 8622 24
1 8623 27
1 8624 30
1 8625 27
1 8626 24
1 8627 25
1 8628 26
1 8629 28
1 8630 26
1 8631 28
1 8632 28
1 8633 26
1 8634 27
1 8635 24
1 8636 25
1 8637 26
1 8638 28
1 8639 24
1 8640 25
1 8641 27
1 8642 24
1 8643 28
1 8644 30
1 8645 27
1 8646 24
1 8647 25
1 8648 26
1 8649 29
1 8650 26
1 8651 29
1 8652 28
1 8653 29
1 8654 27
1 8655 24
1 8656 27
1 8657 27
1 8658 27
1 8659 24
1 8660 24
1 8661 27
1 8662 24
1 8663 27
1 8664 28
1 8665 28
1 8666 25
1 8667 24
1 8668 26
1 8669 29
1 8670 26
1 8671 29
1 8672 30
1 8673 29
1 8674 27
1 8675 24
1 8676 25
1 8677 26
1 8678 28
1 8679 24
1 8680 25
1 8681 27
1 8682 24
1 8683 27
1 8684 31
1 8685 28
1 8686 25
1 8687 25
1 8688 26
1 8689 28
1 8690 26
1 8691 28
1 8692 28
1 8693 26
1 8694 27
1 8695 24
1 8696 27
1 8697 26
1 8698 28
1 8699 24
1 8700 24
1 8701 26
1 8702 24
1 8703 27
1 8704 30
1 8705 27
1 8706 25
1 8707 25
1 8708 26
1 8709 28
1 8710 26
1 8711 28
1 8712 28
1 8713 26
1 8714 27
1 8715 24
1 8716 25
1 8717 28
1 8718 28
1 8719 24
1 8720 25
1 8721 26
1 8722 24
1 8723 27
1 8724 30
1 8725 27
1 8726 24
1 8727 25
1 8728 26
1 8729 28
1 8730 26
1 8731 28
1 8732 28
1 8733 26
1 8734 27
1 8735 24
1 8736 27
1 8737 26
1 8738 28
1 8739 24
1 8740 25
1 8741 26
1 8742 24
1 8743 27
1 8744 30
1 8745 28
1 8746 25
1 8747 25
1 8748 26
1 8749 29
1 8750 26
1 8751 29
1 8752 28
1 8753 29
1 8754 27
1 8755 24
1 8756 27
1 8757 27
1 8758 27
1 8759 24
1 8760 24
1 8761 27
1 8762 24
1 8763 27
1 8764 28
1 8765 28
1 8766 25
1 8767 24
1 8768 26
1 8769 29
1 8770 27
1 8771 28
1 8772 28
1 8773 26
1 8774 27
1 8775 24
1 8776 27
1 8777 26
1 8778 27
1 8779 24
1 8780 25
1 8781 27
1 8782 24
1 8783 27
1 8784 30
1 8785 28
1 8786 24
1 8787 25
1 8788 26
1 8789 28
1 8790 26
1 8791 28
1 8792 28
1 8793 26
1 8794 28
1 8795 24
1 8796 25
1 8797 28
1 8798 28
1 8799 24
1 8800 25
1 8801 27
1 8802 24
1 8803 28
1 8804 30
1 8805 27
1 8806 24
1 8807 25
1 8808 26
1 8809 28
1 8810 26
1 8811 28
1 8812 28
1 8813 26
1 8814 27
1 8815 24
1 8816 25
1 8817 27
1 8818 28
1 8819 24
1 8820 24
1 8821 26
1 8822 24
1 8823 27
1 8824 30
1 8825 27
1 8826 24
1 8827 25
1 8828 26
1 8829 29
1 8830 26
1 8831 28
1 8832 28
1 8833 26
1 8834 28
1 8835 24
1 8836 25
1 8837 28
1 8838 28
1 8839 24
1 8840 25
1 8841 27
1 8842 24
1 8843 27
1 8844 30
1 8845 28
1 8846 25
1 8847 25
1 8848 26
1 8849 29
1 8850 26
1 8851 29
1 8852 28
1 8853 28
1 8854 26
1 8855 25
1 8856 27
1 8857 27
1 8858 27
1 8859 24
1 8860 25
1 8861 27
1 8862 24
1 8863 27
1 8864 28
1 8865 28
1 8866 25
1 8867 25
1 8868 26
1 8869 29
1 8870 26
1 8871 29
1 8872 30
1 8873 29
1 8874 26
1 8875 24
1 8876 27
1 8877 26
1 8878 27
1 8879 24
1 8880 24
1 8881 27
1 8882 24
1 8883 27
1 8884 30
1 8885 27
1 8886 24
1 8887 25
1 8888 26
1 8889 29
1 8890 27
1 8891 28
1 8892 28
1 8893 26
1 8894 27
1 8895 24
1 8896 25
1 8897 27
1 8898 28
1 8899 23
1 8900 25
1 8901 26
1 8902 24
1 8903 27
1 8904 30
1 8905 27
1 8906 24
1 8907 25
1 8908 26
1 8909 28
1 8910 26
1 8911 28
1 8912 28
1 8913 26
1 8914 28
1 8915 24
1 8916 25
1 8917 27
1 8918 28
1 8919 24
1 8920 25
1 8921 27
1 8922 24
1 8923 27
1 8924 30
1 8925 28
1 8926 24
1 8927 25
1 8928 26
1 8929 29
1 8930 26
1 8931 28
1 8932 28
1 8933 26
1 8934 27
1 8935 24
1 8936 27
1 8937 26
1 8938 28
1 8939 24
1 8940 25
1 8941 27
1 8942 24
1 8943 27
1 8944 30
1 8945 28
1 8946 25
1 8947 25
1 8948 26
1 8949 29
1 8950 27
1 8951 29
1 8952 30
1 8953 29
1 8954 27
1 8955 25
1 8956 27
1 8957 26
1 8958 27
1 8959 24
1 8960 24
1 8961 27
1 8962 24
1 8963 27
1 8964 30
1 8965 28
1 8966 25
1 8967 25
1 8968 26
1 8969 29
1 8970 26
1 8971 29
1 8972 28
1 8973 29
1 8974 27
1 8975 25
1 8976 27
1 8977 27
1 8978 27
1 8979 24
1 8980 25
1 8981 27
1 8982 24
1 8983 27
1 8984 30
1 8985 28
1 8986 25
1 8987 25
1 8988 26
1 8989 29
1 8990 25
1 8991 28
1 8992 28
1 8993 26
1 8994 28
1 8995 24
1 8996 25
1 8997 28
1 8998 28
1 8999 24
1 9000 25
1 9001 27
1 9002 24
1 9003 27
1 9004 30
1 9005 27
1 9006 24
1 9007 25
1 9008 26
1 9009 28
1 9010 26
1 9011 28
1 9012 28
1 9013 26
1 9014 27
1 9015 24
1 9016 25
1 9017 27
1 9018 28
1 9019 24
1 9020 25
1 9021 27
1 9022 24
1 9023 27
1 9024 30
1 9025 28
1 9026 24
1 9027 25
1 9028 26
1 9029 28
1 9030 26
1 9031 28
1 9032 28
1 9033 27
1 9034 27
1 9035 24
1 9036 27
1 9037 26
1 9038 28
1 9039 24
1 9040 25
1 9041 27
1 9042 24
1 9043 27
1 9044 30
1 9045 28
1 9046 25
1 9047 25
1 9048 26
1 9049 29
1 9050 27
1 9051 29
1 9052 30
1 9053 29
1 9054 26
1 9055 25
1 9056 26
1 9057 27
1 9058 27
1 9059 24
1 9060 25
1 9061 27
1 9062 24
1 9063 27
1 9064 29
1 9065 28
1 9066 25
1 9067 25
1 9068 26
1 9069 29
1 9070 27
1 9071 29
1 9072 29
1 9073 28
1 9074 27
1 9075 24
1 9076 25
1 9077 26
1 9078 28
1 9079 24
1 9080 25
1 9081 27
1 9082 24
1 9083 27
1 9084 30
1 9085 27
1 9086 25
1 9087 25
1 9088 26
1 9089 28
1 9090 26
1 9091 28
1 9092 28
1 9093 26
1 9094 28
1 9095 24
1 9096 26
1 9097 27
1 9098 28
1 9099 24
1 9100 25
1 9101 26
1 9102 24
1 9103 27
1 9104 30
1 9105 27
1 9106 24
1 9107 25
1 9108 26
1 9109 28
1 9110 26
1 9111 28
1 9112 28
1 9113 26
1 9114 27
1 9115 24
1 9116 25
1 9117 26
1 9118 28
1 9119 24
1 9120 25
1 9121 27
1 9122 24
1 9123 27
1 9124 30
1 9125 27
1 9126 24
1 9127 25
1 9128 26
1 9129 29
1 9130 26
1 9131 28
1 9132 28
1 9133 27
1 9134 27
1 9135 24
1 9136 27
1 9137 26
1 9138 27
1 9139 24
1 9140 25
1 9141 27
1 9142 24
1 9143 27
1 9144 28
1 9145 28
1 9146 25
1 9147 24
1 9148 26
1 9149 29
1 9150 27
1 9151 28
1 9152 30
1 9153 29
1 9154 27
1 9155 24
1 9156 27
1 9157 27
1 9158 27
1 9159 24
1 9160 24
1 9161 27
1 9162 24
1 9163 27
1 9164 30
1 9165 28
1 9166 25
1 9167 25
1 9168 26
1 9169 29
1 9170 26
1 9171 28
1 9172 28
1 9173 26
1 9174 27
1 9175 24
1 9176 27
1 9177 26
1 9178 28
1 9179 24
1 9180 24
1 9181 27
1 9182 24
1 9183 27
1 9184 30
1 9185 27
1 9186 25
1 9187 25
1 9188 27
1 9189 28
1 9190 26
1 9191 28
1 9192 28
1 9193 26
1 9194 27
1 9195 24
1 9196 25
1 9197 28
1 9198 28
1 9199 24
1 9200 25
1 9201 27
1 9202 24
1 9203 28
1 9204 30
1 9205 28
1 9206 24
1 9207 25
1 9208 26
1 9209 28
1 9210 26
1 9211 28
1 9212 28
1 9213 26
1 9214 27
1 9215 24
1 9216 27
1 9217 26
1 9218 28
1 9219 24
1 9220 25
1 9221 26
1 9222 24
1 9223 27
1 9224 30
1 9225 27
1 9226 24
1 9227 25
1 9228 26
1 9229 28
1 9230 26
1 9231 29
1 9232 28
1 9233 26
1 9234 27
1 9235 24
1 9236 27
1 9237 26
1 9238 28
1 9239 24
1 9240 24
1 9241 27
1 9242 24
1 9243 27
1 9244 28
1 9245 28
1 9246 25
1 9247 23
1 9248 25
1 9249 29
1 9250 26
1 9251 29
1 9252 29
1 9253 29
1 9254 26
1 9255 25
1 9256 27
1 9257 27
1 9258 27
1 9259 24
1 9260 24
1 9261 27
1 9262 24
1 9263 27
1 9264 29
1 9265 28
1 9266 25
1 9267 25
1 9268 26
1 9269 29
1 9270 26
1 9271 29
1 9272 28
1 9273 27
1 9274 27
1 9275 24
1 9276 27
1 9277 26
1 9278 28
1 9279 24
1 9280 24
1 9281 27
1 9282 24
1 9283 28
1 9284 30
1 9285 27
1 9286 24
1 9287 25
1 9288 26
1 9289 28
1 9290 26
1 9291 28
1 9292 28
1 9293 26
1 9294 27
1 9295 24
1 9296 26
1 9297 27
1 9298 28
1 9299 24
1 9300 24
1 9301 26
1 9302 24
1 9303 27
1 9304 30
1 9305 27
1 9306 24
1 9307 25
1 9308 26
1 9309 29
1 9310 25
1 9311 28
1 9312 28
1 9313 26
1 9314 27
1 9315 24
1 9316 25
1 9317 28
1 9318 28
1 9319 24
1 9320 25
1 9321 27
1 9322 24
1 9323 27
1 9324 30
1 9325 28
1 9326 25
1 9327 25
1 9328 26
1 9329 29
1 9330 26
1 9331 28
1 9332 28
1 9333 28
1 9334 27
1 9335 25
1 9336 27
1 9337 27
1 9338 27
1 9339 24
1 9340 25
1 9341 27
1 9342 24
1 9343 27
1 9344 28
1 9345 28
1 9346 25
1 9347 25
1 9348 26
1 9349 29
1 9350 27
1 9351 29
1 9352 30
1 9353 29
1 9354 26
1 9355 24
1 9356 27
1 9357 27
1 9358 27
1 9359 25
1 9360 25
1 9361 27
1 9362 24
1 9363 27
1 9364 30
1 9365 28
1 9366 25
1 9367 25
1 9368 26
1 9369 29
1 9370 26
1 9371 29
1 9372 28
1 9373 27
1 9374 27
1 9375 24
1 9376 27
1 9377 26
1 9378 28
1 9379 24
1 9380 25
1 9381 27
1 9382 24
1 9383 27
1 9384 31
1 9385 27
1 9386 24
1 9387 25
1 9388 26
1 9389 28
1 9390 25
1 9391 28
1 9392 28
1 9393 26
1 9394 28
1 9395 24
1 9396 25
1 9397 28
1 9398 28
1 9399 24
1 9400 25
1 9401 27
1 9402 24
1 9403 27
1 9404 30
1 9405 28
1 9406 24
1 9407 25
1 9408 26
1 9409 28
1 9410 26
1 9411 28
1 9412 28
1 9413 26
1 9414 27
1 9415 24
1 9416 27
1 9417 26
1 9418 28
1 9419 24
1 9420 25
1 9421 27
1 9422 24
1 9423 27
1 9424 30
1 9425 27
1 9426 25
1 9427 25
1 9428 26
1 9429 29
1 9430 26
1 9431 29
1 9432 30
1 9433 29
1 9434 26
1 9435 25
1 9436 27
1 9437 27
1 9438 27
1 9439 24
1 9440 24
1 9441 27
1 9442 24
1 9443 27
1 9444 30
1 9445 28
1 9446 25
1 9447 23
1 9448 25
1 9449 29
1 9450 27
1 9451 28
1 9452 30
1 9453 29
1 9454 26
1 9455 25
1 9456 27
1 9457 27
1 9458 27
1 9459 24
1 9460 24
1 9461 27
1 9462 24
1 9463 27
1 9464 29
1 9465 28
1 9466 25
1 9467 25
1 9468 26
1 9469 29
1 9470 26
1 9471 29
1 9472 28
1 9473 26
1 9474 28
1 9475 24
1 9476 25
1 9477 28
1 9478 28
1 9479 24
1 9480 25
1 9481 27
1 9482 24
1 9483 27
1 9484 30
1 9485 27
1 9486 24
1 9487 25
1 9488 26
1 9489 28
1 9490 26
1 9491 28
1 9492 28
1 9493 26
1 9494 27
1 9495 24
1 9496 26
1 9497 27
1 9498 28
1 9499 24
1 9500 25
1 9501 26
1 9502 24
1 9503 27
1 9504 31
1 9505 28
1 9506 24
1 9507 25
1 9508 26
1 9509 28
1 9510 26
1 9511 28
1 9512 28
1 9513 26
1 9514 27
1 9515 24
1 9516 26
1 9517 26
1 9518 28
1 9519 24
1 9520 24
1 9521 27
1 9522 24
1 9523 27
1 9524 30
1 9525 28
1 9526 25
1 9527 25
1 9528 26
1 9529 29
1 9530 26
1 9531 29
1 9532 28
1 9533 29
1 9534 26
1 9535 24
1 9536 27
1 9537 27
1 9538 27
1 9539 24
1 9540 25
1 9541 27
1 9542 24
1 9543 27
1 9544 28
1 9545 28
1 9546 25
1 9547 23
1 9548 26
1 9549 29
1 9550 27
1 9551 29
1 9552 30
1 9553 29
1 9554 27
1 9555 24
1 9556 27
1 9557 26
1 9558 27
1 9559 24
1 9560 24
1 9561 27
1 9562 24
1 9563 27
1 9564 30
1 9565 28
1 9566 25
1 9567 25
1 9568 26
1 9569 29
1 9570 27
1 9571 28
1 9572 28
1 9573 26
1 9574 27
1 9575 24
1 9576 27
1 9577 26
1 9578 28
1 9579 24
1 9580 25
1 9581 27
1 9582 24
1 9583 27
1 9584 30
1 9585 27
1 9586 24
1 9587 25
1 9588 26
1 9589 28
1 9590 25
1 9591 28
1 9592 28
1 9593 26
1 9594 27
1 9595 24
1 9596 25
1 9597 26
1 9598 28
1 9599 24
1 9600 25
1 9601 27
1 9602 25
1 9603 28
1 9604 30
1 9605 27
1 9606 24
1 9607 25
1 9608 26
1 9609 29
1 9610 27
1 9611 28
1 9612 28
1 9613 26
1 9614 27
1 9615 24
1 9616 27
1 9617 26
1 9618 28
1 9619 24
1 9620 25
1 9621 27
1 9622 24
1 9623 27
1 9624 30
1 9625 28
1 9626 25
1 9627 25
1 9628 26
1 9629 29
1 9630 27
1 9631 29
1 9632 30
1 9633 29
1 9634 27
1 9635 24
1 9636 27
1 9637 26
1 9638 27
1 9639 24
1 9640 24
1 9641 27
1 9642 24
1 9643 27
1 9644 28
1 9645 28
1 9646 25
1 9647 23
1 9648 25
1 9649 29
1 9650 26
1 9651 29
1 9652 28
1 9653 29
1 9654 27
1 9655 25
1 9656 27
1 9657 27
1 9658 27
1 9659 24
1 9660 24
1 9661 27
1 9662 24
1 9663 27
1 9664 28
1 9665 27
1 9666 25
1 9667 25
1 9668 26
1 9669 29
1 9670 26
1 9671 28
1 9672 28
1 9673 26
1 9674 27
1 9675 24
1 9676 25
1 9677 26
1 9678 28
1 9679 24
1 9680 25
1 9681 27
1 9682 24
1 9683 28
1 9684 30
1 9685 28
1 9686 24
1 9687 25
1 9688 26
1 9689 29
1 9690 27
1 9691 28
1 9692 28
1 9693 26
1 9694 27
1 9695 24
1 9696 27
1 9697 26
1 9698 28
1 9699 24
1 9700 25
1 9701 26
1 9702 24
1 9703 27
1 9704 30
1 9705 27
1 9706 24
1 9707 25
1 9708 26
1 9709 29
1 9710 26
1 9711 28
1 9712 28
1 9713 27
1 9714 27
1 9715 24
1 9716 25
1 9717 26
1 9718 28
1 9719 24
1 9720 25
1 9721 27
1 9722 24
1 9723 27
1 9724 29
1 9725 28
1 9726 25
1 9727 23
1 9728 26
1 9729 29
1 9730 27
1 9731 28
1 9732 28
1 9733 27
1 9734 27
1 9735 24
1 9736 27
1 9737 27
1 9738 27
1 9739 24
1 9740 24
1 9741 27
1 9742 24
1 9743 27
1 9744 28
1 9745 28
1 9746 25
1 9747 25
1 9748 26
1 9749 29
1 9750 27
1 9751 29
1 9752 30
1 9753 29
1 9754 26
1 9755 25
1 9756 27
1 9757 27
1 9758 27
1 9759 24
1 9760 25
1 9761 27
1 9762 24
1 9763 27
1 9764 30
1 9765 28
1 9766 25
1 9767 25
1 9768 26
1 9769 29
1 9770 26
1 9771 28
1 9772 28
1 9773 26
1 9774 27
1 9775 24
1 9776 27
1 9777 26
1 9778 28
1 9779 25
1 9780 25
1 9781 26
1 9782 24
1 9783 27
1 9784 31
1 9785 27
1 9786 24
1 9787 25
1 9788 26
1 9789 28
1 9790 25
1 9791 28
1 9792 28
1 9793 26
1 9794 28
1 9795 24
1 9796 25
1 9797 27
1 9798 28
1 9799 24
1 9800 25
1 9801 27
1 9802 24
1 9803 27
1 9804 30
1 9805 27
1 9806 24
1 9807 25
1 9808 26
1 9809 29
1 9810 27
1 9811 28
1 9812 28
1 9813 26
1 9814 27
1 9815 25
1 9816 27
1 9817 26
1 9818 27
1 9819 24
1 9820 24
1 9821 27
1 9822 24
1 9823 27
1 9824 29
1 9825 28
1 9826 25
1 9827 25
1 9828 26
1 9829 29
1 9830 27
1 9831 28
1 9832 30
1 9833 29
1 9834 26
1 9835 25
1 9836 27
1 9837 28
1 9838 27
1 9839 25
1 9840 25
1 9841 27
1 9842 24
1 9843 27
1 9844 28
1 9845 28
1 9846 25
1 9847 24
1 9848 25
1 9849 29
1 9850 27
1 9851 29
1 9852 30
1 9853 29
1 9854 27
1 9855 24
1 9856 27
1 9857 26
1 9858 28
1 9859 25
1 9860 24
1 9861 26
1 9862 24
1 9863 27
1 9864 31
1 9865 28
1 9866 25
1 9867 25
1 9868 26
1 9869 28
1 9870 26
1 9871 28
1 9872 28
1 9873 26
1 9874 28
1 9875 24
1 9876 25
1 9877 27
1 9878 28
1 9879 24
1 9880 25
1 9881 27
1 9882 24
1 9883 27
1 9884 30
1 9885 27
1 9886 24
1 9887 25
1 9888 26
1 9889 28
1 9890 26
1 9891 28
1 9892 28
1 9893 26
1 9894 27
1 9895 24
1 9896 25
1 9897 26
1 9898 28
1 9899 24
1 9900 24
1 9901 27
1 9902 24
1 9903 27
1 9904 30
1 9905 27
1 9906 24
1 9907 25
1 9908 26
1 9909 29
1 9910 26
1 9911 29
1 9912 29
1 9913 29
1 9914 27
1 9915 25
1 9916 27
1 9917 26
1 9918 27
1 9919 24
1 9920 24
1 9921 27
1 9922 24
1 9923 27
1 9924 31
1 9925 28
1 9926 25
1 9927 25
1 9928 26
1 9929 29
1 9930 26
1 9931 29
1 9932 30
1 9933 29
1 9934 26
1 9935 25
1 9936 27
1 9937 27
1 9938 27
1 9939 24
1 9940 25
1 9941 27
1 9942 24
1 9943 27
1 9944 28
1 9945 28
1 9946 25
1 9947 25
1 9948 26
1 9949 29
1 9950 27
1 9951 29
1 9952 30
1 9953 29
1 9954 27
1 9955 24
1 9956 26
1 9957 26
1 9958 28
1 9959 24
1 9960 24
1 9961 27
1 9962 24
1 9963 27
1 9964 31
1 9965 27
1 9966 24
1 9967 25
1 9968 26
1 9969 29
1 9970 27
1 9971 28
1 9972 28
1 9973 26
1 9974 27
1 9975 24
1 9976 27
1 9977 26
1 9978 28
1 9979 24
1 9980 25
1 9981 27
1 9982 24
1 9983 27
1 9984 31
1 9985 27
1 9986 25
1 9987 25
1 9988 27
1 9989 28
1 9990 26
1 9991 28
1 9992 28
1 9993 26
1 9994 27
1 9995 24
1 9996 26
1 9997 26
1 9998 28
1 9999 24
