
2 4462 29
2 4463 29
2 4464 29
2 4465 29
2 4466 29
2 4467 29
2 4468 29
2 4469 29
2 4470 29
2 4471 29
2 4472 29
2 4473 29
2 4474 
3 3386 31
3 3387 31
3 3388 30
3 3389 31
3 3390 30
3 3391 31
3 3392 31
3 3393 30
3 3394 30
3 3395 31
3 3396 29
3 3397 30
3 3398 30
3 3399 31
3 3400 30
3 3401 31
3 3402 31
3 3403 31
3 3404 30
3 3405 30
3 3406 30
3 3407 30
3 3408 31
3 3409 31
3 3410 30
3 3411 30
3 3412 30
3 3413 30
3 3414 30
3 3415 30
3 3416 30
3 3417 31
3 3418 31
3 3419 31
3 3420 31
3 3421 31
3 3422 30
3 3423 30
3 3424 30
3 3425 30
3 3426 30
3 3427 30
3 3428 30
3 3429 30
3 3430 31
3 3431 30
3 3432 30
3 3433 30
3 3434 30
3 3435 30
3 3436 30
3 3437 31
3 3438 31
3 3439 31
3 3440 31
3 3441 31
3 3442 30
3 3443 30
3 3444 30
3 3445 30
3 3446 30
3 3447 30
3 3448 30
3 3449 30
3 3450 31
3 3451 29
3 3452 30
3 3453 30
3 3454 30
3 3455 30
3 3456 30
3 3457 31
3 3458 31
3 3459 31
3 3460 31
3 3461 31
3 3462 30
3 3463 30
3 3464 30
3 3465 30
3 3466 30
3 3467 30
3 3468 30
3 3469 31
3 3470 31
3 3471 30
3 3472 30
3 3473 31
3 3474 30
3 3475 31
3 3476 30
3 3477 30
3 3478 29
3 3479 29
3 3480 29
3 3481 31
3 3482 31
3 3483 31
3 3484 30
3 3485 30
3 3486 30
3 3487 31
3 3488 30
3 3489 31
3 3490 31
3 3491 30
3 3492 31
3 3493 30
3 3494 30
3 3495 31
3 3496 29
3 3497 30
3 3498 30
3 3499 31
3 3500 30
3 3501 31
3 3502 31
3 3503 31
3 3504 30
3 3505 30
3 3506 30
3 3507 30
3 3508 30
3 3509 31
3 3510 31
3 3511 30
3 3512 30
3 3513 30
3 3514 30
3 3515 30
3 3516 30
3 3517 31
3 3518 31
3 3519 31
3 3520 31
3 3521 31
3 3522 30
3 3523 29
3 3524 30
3 3525 30
3 3526 30
3 3527 30
3 3528 30
3 3529 30
3 3530 31
3 3531 30
3 3532 30
3 3533 30
3 3534 31
3 3535 30
3 3536 30
3 3537 31
3 3538 30
3 3539 31
3 3540 31
3 3541 30
3 3542 30
3 3543 30
3 3544 30
3 3545 30
3 3546 30
3 3547 30
3 3548 30
3 3549 30
3 3550 31
3 3551 30
3 3552 30
3 3553 30
3 3554 29
3 3555 30
3 3556 30
3 3557 31
3 3558 31
3 3559 31
3 3560 31
3 3561 31
3 3562 31
3 3563 30
3 3564 30
3 3565 30
3 3566 30
3 3567 31
3 3568 31
3 3569 31
3 3570 31
3 3571 30
3 3572 30
3 3573 30
3 3574 30
3 3575 31
3 3576 29
3 3577 30
3 3578 29
3 3579 29
3 3580 29
3 3581 30
3 3582 31
3 3583 31
3 3584 31
3 3585 31
3 3586 30
3 3587 30
3 3588 30
3 3589 31
3 3590 30
3 3591 30
3 3592 30
3 3593 31
3 3594 30
3 3595 30
3 3596 30
3 3597 30
3 3598 30
3 3599 30
3 3600 31
3 3601 31
3 3602 30
3 3603 30
3 3604 30
3 3605 30
3 3606 30
3 3607 30
3 3608 30
3 3609 31
3 3610 31
3 3611 30
3 3612 30
3 3613 30
3 3614 30
3 3615 30
3 3616 30
3 3617 31
3 3618 31
3 3619 31
3 3620 31
3 3621 30
3 3622 30
3 3623 30
3 3624 30
3 3625 30
3 3626 30
3 3627 30
3 3628 30
3 3629 30
3 3630 30
3 3631 30
3 3632 29
3 3633 30
3 3634 30
3 3635 30
3 3636 30
3 3637 31
3 3638 31
3 3639 31
3 3640 31
3 3641 31
3 3642 30
3 3643 30
3 3644 30
3 3645 30
3 3646 30
3 3647 30
3 3648 30
3 3649 31
3 3650 30
3 3651 29
3 3652 30
3 3653 30
3 3654 30
3 3655 30
3 3656 30
3 3657 31
3 3658 30
3 3659 31
3 3660 31
3 3661 31
3 3662 31
3 3663 30
3 3664 30
3 3665 30
3 3666 30
3 3667 31
3 3668 31
3 3669 31
3 3670 30
3 3671 30
3 3672 31
3 3673 31
3 3674 30
3 3675 31
3 3676 30
3 3677 30
3 3678 29
3 3679 29
3 3680 29
3 3681 30
3 3682 31
3 3683 31
3 3684 30
3 3685 31
3 3686 30
3 3687 31
3 3688 31
3 3689 30
3 3690 30
3 3691 30
3 3692 31
3 3693 31
3 3694 30
3 3695 30
3 3696 30
3 3697 30
3 3698 30
3 3699 31
3 3700 30
3 3701 31
3 3702 31
3 3703 30
3 3704 30
3 3705 30
3 3706 30
3 3707 30
3 3708 30
3 3709 31
3 3710 31
3 3711 30
3 3712 30
3 3713 30
3 3714 30
3 3715 29
3 3716 30
3 3717 31
3 3718 31
3 3719 31
3 3720 31
3 3721 31
3 3722 30
3 3723 30
3 3724 31
3 3725 29
3 3726 30
3 3727 30
3 3728 30
3 3729 30
3 3730 30
3 3731 30
3 3732 30
3 3733 30
3 3734 29
3 3735 31
3 3736 30
3 3737 31
3 3738 31
3 3739 31
3 3740 31
3 3741 31
3 3742 30
3 3743 30
3 3744 30
3 3745 30
3 3746 30
3 3747 30
3 3748 30
3 3749 30
3 3750 31
3 3751 30
3 3752 30
3 3753 30
3 3754 30
3 3755 30
3 3756 30
3 3757 31
3 3758 30
3 3759 30
3 3760 30
3 3761 31
3 3762 31
3 3763 30
3 3764 30
3 3765 30
3 3766 30
3 3767 31
3 3768 31
3 3769 31
3 3770 30
3 3771 31
3 3772 31
3 3773 30
3 3774 30
3 3775 30
3 3776 30
3 3777 29
3 3778 29
3 3779 31
3 3780 30
3 3781 31
3 3782 31
3 3783 31
3 3784 31
3 3785 31
3 3786 31
3 3787 31
3 3788 31
3 3789 31
3 3790 30
3 3791 31
3 3792 30
3 3793 30
3 3794 30
3 3795 31
3 3796 29
3 3797 31
3 3798 30
3 3799 30
3 3800 31
3 3801 31
3 3802 31
3 3803 30
3 3804 30
3 3805 30
3 3806 30
3 3807 30
3 3808 30
3 3809 31
3 3810 31
3 3811 29
3 3812 30
3 3813 30
3 3814 29
3 3815 29
3 3816 30
3 3817 31
3 3818 31
3 3819 31
3 3820 31
3 3821 30
3 3822 30
3 3823 30
3 3824 30
3 3825 30
3 3826 30
3 3827 30
3 3828 30
3 3829 30
3 3830 31
3 3831 30
3 3832 30
3 3833 30
3 3834 30
3 3835 30
3 3836 30
3 3837 31
3 3838 30
3 3839 31
3 3840 31
3 3841 31
3 3842 30
3 3843 30
3 3844 31
3 3845 30
3 3846 30
3 3847 30
3 3848 30
3 3849 31
3 3850 30
3 3851 30
3 3852 30
3 3853 30
3 3854 30
3 3855 31
3 3856 29
3 3857 31
3 3858 31
3 3859 31
3 3860 30
3 3861 31
3 3862 31
3 3863 31
3 3864 30
3 3865 31
3 3866 30
3 3867 31
3 3868 31
3 3869 30
3 3870 30
3 3871 31
3 3872 31
3 3873 30
3 3874 30
3 3875 31
3 3876 30
3 3877 29
3 3878 29
3 3879 29
3 3880 29
3 3881 29
3 3882 31
3 3883 31
3 3884 31
3 3885 31
3 3886 31
3 3887 31
3 3888 31
3 3889 31
3 3890 30
3 3891 30
3 3892 31
3 3893 31
3 3894 30
3 3895 31
3 3896 29
3 3897 30
3 3898 29
3 3899 31
3 3900 31
3 3901 31
3 3902 31
3 3903 30
3 3904 30
3 3905 30
3 3906 30
3 3907 30
3 3908 30
3 3909 31
3 3910 31
3 3911 30
3 3912 30
3 3913 30
3 3914 30
3 3915 30
3 3916 30
3 3917 31
3 3918 31
3 3919 31
3 3920 31
3 3921 31
3 3922 30
3 3923 30
3 3924 30
3 3925 30
3 3926 30
3 3927 30
3 3928 30
3 3929 30
3 3930 31
3 3931 30
3 3932 30
3 3933 30
3 3934 30
3 3935 30
3 3936 30
3 3937 31
3 3938 31
3 3939 31
3 3940 31
3 3941 31
3 3942 30
3 3943 30
3 3944 30
3 3945 30
3 3946 30
3 3947 30
3 3948 30
3 3949 31
3 3950 30
3 3951 30
3 3952 30
3 3953 31
3 3954 30
3 3955 31
3 3956 30
3 3957 30
3 3958 30
3 3959 30
3 3960 30
3 3961 31
3 3962 31
3 3963 31
3 3964 31
3 3965 31
3 3966 31
3 3967 31
3 3968 31
3 3969 30
3 3970 30
3 3971 30
3 3972 30
3 3973 30
3 3974 30
3 3975 31
3 3976 30
3 3977 30
3 3978 29
3 3979 29
3 3980 29
3 3981 31
3 3982 31
3 3983 31
3 3984 31
3 3985 31
3 3986 30
3 3987 31
3 3988 31
3 3989 31
3 3990 30
3 3991 31
3 3992 30
3 3993 31
3 3994 30
3 3995 31
3 3996 30
3 3997 30
3 3998 30
3 3999 30
3 4000 30
3 4001 31
3 4002 30
3 4003 30
3 4004 30
3 4005 30
3 4006 30
3 4007 30
3 4008 30
3 4009 31
3 4010 31
3 4011 30
3 4012 30
3 4013 30
3 4014 30
3 4015 30
3 4016 30
3 4017 31
3 4018 31
3 4019 31
3 4020 31
3 4021 31
3 4022 30
3 4023 30
3 4024 30
3 4025 30
3 4026 30
3 4027 30
3 4028 30
3 4029 30
3 4030 31
3 4031 30
3 4032 30
3 4033 30
3 4034 30
3 4035 30
3 4036 30
3 4037 31
3 4038 31
3 4039 31
3 4040 30
3 4041 31
3 4042 31
3 4043 30
3 4044 30
3 4045 30
3 4046 30
3 4047 31
3 4048 31
3 4049 31
3 4050 31
3 4051 30
3 4052 31
3 4053 31
3 4054 30
3 4055 30
3 4056 30
3 4057 29
3 4058 30
3 4059 29
3 4060 30
3 4061 31
3 4062 31
3 4063 31
3 4064 31
3 4065 31
3 4066 31
3 4067 31
3 4068 30
3 4069 30
3 4070 30
3 4071 31
3 4072 31
3 4073 30
3 4074 30
3 4075 30
3 4076 30
3 4077 29
3 4078 29
3 4079 29
3 4080 29
3 4081 29
3 4082 31
3 4083 31
3 4084 30
3 4085 31
3 4086 31
3 4087 31
3 4088 30
3 4089 30
3 4090 30
3 4091 30
3 4092 31
3 4093 31
3 4094 30
3 4095 30
3 4096 30
3 4097 31
3 4098 31
3 4099 31
3 4100 31
3 4101 31
3 4102 31
3 4103 30
3 4104 30
3 4105 30
3 4106 30
3 4107 30
3 4108 30
3 4109 31
3 4110 31
3 4111 30
3 4112 29
3 4113 30
3 4114 31
3 4115 30
3 4116 30
3 4117 31
3 4118 31
3 4119 31
3 4120 30
3 4121 31
3 4122 30
3 4123 30
3 4124 30
3 4125 30
3 4126 30
3 4127 30
3 4128 30
3 4129 31
3 4130 31
3 4131 30
3 4132 30
3 4133 30
3 4134 30
3 4135 30
3 4136 30
3 4137 31
3 4138 31
3 4139 31
3 4140 31
3 4141 31
3 4142 31
3 4143 30
3 4144 30
3 4145 30
3 4146 30
3 4147 31
3 4148 30
3 4149 31
3 4150 30
3 4151 31
3 4152 30
3 4153 30
3 4154 30
3 4155 31
3 4156 30
3 4157 30
3 4158 29
3 4159 29
3 4160 29
3 4161 29
3 4162 31
3 4163 31
3 4164 30
3 4165 31
3 4166 31
3 4167 31
3 4168 30
3 4169 30
3 4170 29
3 4171 31
3 4172 31
3 4173 30
3 4174 30
3 4175 30
3 4176 30
3 4177 29
3 4178 29
3 4179 29
3 4180 29
3 4181 30
3 4182 31
3 4183 31
3 4184 31
3 4185 31
3 4186 31
3 4187 31
3 4188 31
3 4189 30
3 4190 30
3 4191 30
3 4192 31
3 4193 31
3 4194 30
3 4195 30
3 4196 30
3 4197 30
3 4198 30
3 4199 31
3 4200 31
3 4201 31
3 4202 31
3 4203 30
3 4204 30
3 4205 30
3 4206 30
3 4207 30
3 4208 30
3 4209 31
3 4210 31
3 4211 30
3 4212 30
3 4213 30
3 4214 30
3 4215 30
3 4216 30
3 4217 31
3 4218 31
3 4219 31
3 4220 31
3 4221 31
3 4222 31
3 4223 30
3 4224 30
3 4225 30
3 4226 30
3 4227 30
3 4228 30
3 4229 30
3 4230 31
3 4231 30
3 4232 30
3 4233 30
3 4234 30
3 4235 30
3 4236 30
3 4237 30
3 4238 30
3 4239 31
3 4240 31
3 4241 31
3 4242 31
3 4243 30
3 4244 30
3 4245 30
3 4246 30
3 4247 31
3 4248 31
3 4249 31
3 4250 30
3 4251 30
3 4252 31
3 4253 30
3 4254 30
3 4255 30
3 4256 30
3 4257 30
3 4258 29
3 4259 29
3 4260 29
3 4261 30
3 4262 31
3 4263 31
3 4264 31
3 4265 31
3 4266 31
3 4267 30
3 4268 30
3 4269 30
3 4270 29
3 4271 31
3 4272 31
3 4273 30
3 4274 30
3 4275 30
3 4276 30
3 4277 29
3 4278 29
3 4279 29
3 4280 29
3 4281 30
3 4282 31
3 4283 31
3 4284 30
3 4285 31
3 4286 31
3 4287 31
3 4288 31
3 4289 31
3 4290 31
3 4291 30
3 4292 30
3 4293 31
3 4294 30
3 4295 31
3 4296 29
3 4297 31
3 4298 30
3 4299 31
3 4300 31
3 4301 31
3 4302 31
3 4303 30
3 4304 30
3 4305 30
3 4306 30
3 4307 30
3 4308 30
3 4309 31
3 4310 31
3 4311 30
3 4312 30
3 4313 30
3 4314 30
3 4315 30
3 4316 30
3 4317 31
3 4318 30
3 4319 31
3 4320 31
3 4321 31
3 4322 30
3 4323 30
3 4324 30
3 4325 30
3 4326 30
3 4327 30
3 4328 30
3 4329 31
3 4330 30
3 4331 30
3 4332 30
3 4333 30
3 4334 30
3 4335 31
3 4336 29
3 4337 31
3 4338 31
3 4339 31
3 4340 30
3 4341 31
3 4342 31
3 4343 31
3 4344 30
3 4345 31
3 4346 30
3 4347 31
3 4348 30
3 4349 31
3 4350 30
3 4351 31
3 4352 31
3 4353 30
3 4354 30
3 4355 31
3 4356 30
3 4357 30
3 4358 29
3 4359 29
3 4360 29
3 4361 31
3 4362 31
3 4363 31
3 4364 31
3 4365 31
3 4366 31
3 4367 31
3 4368 30
3 4369 30
3 4370 30
3 4371 31
3 4372 31
3 4373 30
3 4374 31
3 4375 30
3 4376 30
3 4377 29
3 4378 29
3 4379 29
3 4380 29
3 4381 30
3 4382 31
3 4383 31
3 4384 31
3 4385 31
3 4386 30
3 4387 31
3 4388 31
3 4389 31
3 4390 30
3 4391 30
3 4392 30
3 4393 31
3 4394 30
3 4395 30
3 4396 29
3 4397 31
3 4398 31
3 4399 31
3 4400 31
3 4401 31
3 4402 30
3 4403 30
3 4404 30
3 4405 30
3 4406 30
3 4407 30
3 4408 30
3 4409 31
3 4410 31
3 4411 30
3 4412 30
3 4413 30
3 4414 30
3 4415 30
3 4416 30
3 4417 31
3 4418 31
3 4419 31
3 4420 31
3 4421 31
3 4422 30
3 4423 30
3 4424 30
3 4425 30
3 4426 30
3 4427 30
3 4428 30
3 4429 31
3 4430 31
3 4431 30
3 4432 30
3 4433 30
3 4434 30
3 4435 31
3 4436 29
3 4437 30
3 4438 30
3 4439 30
3 4440 29
3 4441 31
3 4442 31
3 4443 31
3 4444 30
3 4445 30
3 4446 30
3 4447 31
3 4448 30
3 4449 31
3 4450 31
3 4451 30
3 4452 31
3 4453 30
3 4454 30
3 4455 30
3 4456 30
3 4457 29
3 4458 29
3 4459 29
3 4460 29
3 4461 29
3 4462 31
3 4463 31
3 4464 31
3 4465 31
3 4466 31
3 4467 31
3 4468 30
3 4469 30
3 4470 30
3 4471 31
3 4472 31
3 4473 30
3 4474 30
3 4475 31
3 4476 30
3 4477 30
3 4478 29
3 4479 29
3 4480 29
3 4481 31
3 4482 31
3 4483 30
3 4484 30
3 4485 30
3 4486 30
3 4487 31
3 4488 31
3 4489 31
3 4490 31
3 4491 30
3 4492 31
3 4493 31
3 4494 30
3 4495 31
3 4496 30
3 4497 31
3 4498 31
3 4499 31
3 4500 31
3 4501 31
3 4502 31
3 4503 30
3 4504 30
3 4505 30
3 4506 30
3 4507 30
3 4508 30
3 4509 31
3 4510 31
3 4511 30
3 4512 30
3 4513 30
3 4514 30
3 4515 30
3 4516 30
3 4517 31
3 4518 31
3 4519 31
3 4520 31
3 4521 31
3 4522 30
3 4523 30
3 4524 30
3 4525 30
3 4526 30
3 4527 30
3 4528 31
3 4529 31
3 4530 31
3 4531 30
3 4532 30
3 4533 31
3 4534 30
3 4535 31
3 4536 29
3 4537 30
3 4538 30
3 4539 31
3 4540 30
3 4541 31
3 4542 31
3 4543 31
3 4544 31
3 4545 31
3 4546 31
3 4547 31
3 4548 31
3 4549 30
3 4550 30
3 4551 31
3 4552 31
3 4553 30
3 4554 31
3 4555 30
3 4556 30
3 4557 29
3 4558 29
3 4559 29
3 4560 29
3 4561 29
3 4562 31
3 4563 31
3 4564 31
3 4565 31
3 4566 31
3 4567 30
3 4568 30
3 4569 30
3 4570 29
3 4571 31
3 4572 31
3 4573 30
3 4574 30
3 4575 30
3 4576 30
3 4577 29
3 4578 29
3 4579 30
3 4580 30
3 4581 31
3 4582 31
3 4583 31
3 4584 31
3 4585 31
3 4586 30
3 4587 31
3 4588 31
3 4589 31
3 4590 31
3 4591 30
3 4592 30
3 4593 30
3 4594 30
3 4595 30
3 4596 30
3 4597 30
3 4598 31
3 4599 31
3 4600 31
3 4601 31
3 4602 30
3 4603 30
3 4604 30
3 4605 30
3 4606 30
3 4607 30
3 4608 30
3 4609 31
3 4610 31
3 4611 30
3 4612 30
3 4613 30
3 4614 30
3 4615 29
3 4616 30
3 4617 31
3 4618 31
3 4619 31
3 4620 31
3 4621 31
3 4622 30
3 4623 30
3 4624 30
3 4625 30
3 4626 30
3 4627 30
3 4628 30
3 4629 31
3 4630 30
3 4631 30
3 4632 30
3 4633 31
3 4634 30
3 4635 30
3 4636 30
3 4637 30
3 4638 30
3 4639 29
3 4640 29
3 4641 30
3 4642 31
3 4643 31
3 4644 30
3 4645 31
3 4646 31
3 4647 31
3 4648 30
3 4649 30
3 4650 29
3 4651 31
3 4652 31
3 4653 30
3 4654 30
3 4655 30
3 4656 30
3 4657 29
3 4658 29
3 4659 29
3 4660 29
3 4661 29
3 4662 31
3 4663 31
3 4664 31
3 4665 31
3 4666 31
3 4667 31
3 4668 30
3 4669 30
3 4670 29
3 4671 31
3 4672 31
3 4673 30
3 4674 30
3 4675 31
3 4676 30
3 4677 30
3 4678 29
3 4679 30
3 4680 30
3 4681 31
3 4682 31
3 4683 30
3 4684 30
3 4685 30
3 4686 30
3 4687 31
3 4688 31
3 4689 31
3 4690 30
3 4691 30
3 4692 30
3 4693 30
3 4694 30
3 4695 31
3 4696 29
3 4697 31
3 4698 31
3 4699 31
3 4700 31
3 4701 31
3 4702 31
3 4703 30
3 4704 30
3 4705 30
3 4706 30
3 4707 30
3 4708 30
3 4709 30
3 4710 31
3 4711 30
3 4712 30
3 4713 30
3 4714 30
3 4715 30
3 4716 30
3 4717 30
3 4718 30
3 4719 31
3 4720 31
3 4721 31
3 4722 30
3 4723 30
3 4724 30
3 4725 30
3 4726 30
3 4727 30
3 4728 31
3 4729 31
3 4730 31
3 4731 30
3 4732 31
3 4733 31
3 4734 30
3 4735 30
3 4736 30
3 4737 29
3 4738 31
3 4739 31
3 4740 30
3 4741 31
3 4742 31
3 4743 31
3 4744 31
3 4745 31
3 4746 31
3 4747 31
3 4748 30
3 4749 30
3 4750 29
3 4751 31
3 4752 31
3 4753 30
3 4754 30
3 4755 31
3 4756 30
3 4757 29
3 4758 29
3 4759 29
3 4760 29
3 4761 29
3 4762 30
3 4763 31
3 4764 31
3 4765 31
3 4766 31
3 4767 31
3 4768 30
3 4769 30
3 4770 30
3 4771 30
3 4772 31
3 4773 31
3 4774 30
3 4775 30
3 4776 30
3 4777 30
3 4778 30
3 4779 30
3 4780 30
3 4781 31
3 4782 31
3 4783 30
3 4784 30
3 4785 30
3 4786 30
3 4787 30
3 4788 31
3 4789 31
3 4790 30
3 4791 30
3 4792 30
3 4793 30
3 4794 30
3 4795 30
3 4796 30
3 4797 31
3 4798 30
3 4799 31
3 4800 31
3 4801 31
3 4802 30
3 4803 30
3 4804 30
3 4805 30
3 4806 30
3 4807 30
3 4808 30
3 4809 31
3 4810 31
3 4811 30
3 4812 31
3 4813 30
3 4814 30
3 4815 30
3 4816 29
3 4817 31
3 4818 31
3 4819 31
3 4820 31
3 4821 31
3 4822 31
3 4823 30
3 4824 30
3 4825 30
3 4826 30
3 4827 31
3 4828 31
3 4829 31
3 4830 30
3 4831 31
3 4832 30
3 4833 30
3 4834 30
3 4835 31
3 4836 29
3 4837 30
3 4838 29
3 4839 30
3 4840 29
3 4841 31
3 4842 31
3 4843 31
3 4844 30
3 4845 31
3 4846 31
3 4847 31
3 4848 30
3 4849 30
3 4850 29
3 4851 31
3 4852 31
3 4853 30
3 4854 30
3 4855 30
3 4856 30
3 4857 29
3 4858 29
3 4859 29
3 4860 29
3 4861 29
3 4862 31
3 4863 31
3 4864 31
3 4865 31
3 4866 31
3 4867 31
3 4868 31
3 4869 31
3 4870 30
3 4871 31
3 4872 31
3 4873 30
3 4874 30
3 4875 31
3 4876 30
3 4877 30
3 4878 30
3 4879 30
3 4880 30
3 4881 31
3 4882 31
3 4883 30
3 4884 30
3 4885 30
3 4886 30
3 4887 31
3 4888 31
3 4889 31
3 4890 30
3 4891 30
3 4892 30
3 4893 31
3 4894 30
3 4895 30
3 4896 30
3 4897 31
3 4898 31
3 4899 31
3 4900 31
3 4901 31
3 4902 31
3 4903 30
3 4904 30
3 4905 30
3 4906 30
3 4907 30
3 4908 30
3 4909 31
3 4910 31
3 4911 30
3 4912 30
3 4913 30
3 4914 30
3 4915 30
3 4916 30
3 4917 31
3 4918 31
3 4919 31
3 4920 31
3 4921 31
3 4922 31
3 4923 30
3 4924 30
3 4925 30
3 4926 30
3 4927 31
3 4928 31
3 4929 31
3 4930 30
3 4931 30
3 4932 30
3 4933 31
3 4934 30
3 4935 30
3 4936 30
3 4937 30
3 4938 29
3 4939 30
3 4940 29
3 4941 31
3 4942 31
3 4943 31
3 4944 31
3 4945 31
3 4946 31
3 4947 31
3 4948 30
3 4949 30
3 4950 29
3 4951 31
3 4952 31
3 4953 30
3 4954 31
3 4955 30
3 4956 30
3 4957 29
3 4958 29
3 4959 29
3 4960 29
3 4961 29
3 4962 31
3 4963 31
3 4964 30
3 4965 31
3 4966 31
3 4967 31
3 4968 30
3 4969 30
3 4970 29
3 4971 31
3 4972 31
3 4973 30
3 4974 30
3 4975 30
3 4976 29
3 4977 31
3 4978 30
3 4979 31
3 4980 31
3 4981 31
3 4982 31
3 4983 31
3 4984 30
3 4985 30
3 4986 30
3 4987 30
3 4988 30
3 4989 31
3 4990 31
3 4991 30
3 4992 30
3 4993 30
3 4994 29
3 4995 30
3 4996 30
3 4997 31
3 4998 31
3 4999 31
3 5000 31
3 5001 31
3 5002 30
3 5003 30
3 5004 30
3 5005 30
3 5006 30
3 5007 30
3 5008 30
3 5009 30
3 5010 31
3 5011 30
3 5012 30
3 5013 30
3 5014 30
3 5015 30
3 5016 30
3 5017 31
3 5018 30
3 5019 31
3 5020 31
3 5021 31
3 5022 31
3 5023 31
3 5024 30
3 5025 30
3 5026 30
3 5027 30
3 5028 31
3 5029 31
3 5030 30
3 5031 31
3 5032 31
3 5033 30
3 5034 30
3 5035 30
3 5036 30
3 5037 29
3 5038 29
3 5039 29
3 5040 29
3 5041 29
3 5042 31
3 5043 31
3 5044 31
3 5045 31
3 5046 31
3 5047 30
3 5048 30
3 5049 30
3 5050 29
3 5051 31
3 5052 31
3 5053 31
3 5054 30
3 5055 30
3 5056 30
3 5057 29
3 5058 29
3 5059 29
3 5060 29
3 5061 31
3 5062 31
3 5063 31
3 5064 31
3 5065 31
3 5066 31
3 5067 31
3 5068 30
3 5069 31
3 5070 30
3 5071 30
3 5072 30
3 5073 31
3 5074 30
3 5075 30
3 5076 30
3 5077 30
3 5078 29
3 5079 30
3 5080 30
3 5081 31
3 5082 31
3 5083 30
3 5084 30
3 5085 30
3 5086 30
3 5087 31
3 5088 31
3 5089 31
3 5090 31
3 5091 30
3 5092 30
3 5093 30
3 5094 30
3 5095 30
3 5096 30
3 5097 31
3 5098 31
3 5099 31
3 5100 31
3 5101 31
3 5102 30
3 5103 30
3 5104 30
3 5105 30
3 5106 30
3 5107 30
3 5108 30
3 5109 31
3 5110 30
3 5111 30
3 5112 30
3 5113 30
3 5114 30
3 5115 30
3 5116 29
3 5117 30
3 5118 30
3 5119 30
3 5120 30
3 5121 30
3 5122 31
3 5123 30
3 5124 30
3 5125 30
3 5126 30
3 5127 31
3 5128 30
3 5129 31
3 5130 30
3 5131 30
3 5132 31
3 5133 31
3 5134 30
3 5135 30
3 5136 30
3 5137 29
3 5138 29
3 5139 29
3 5140 29
3 5141 29
3 5142 31
3 5143 31
3 5144 31
3 5145 31
3 5146 31
3 5147 30
3 5148 30
3 5149 30
3 5150 29
3 5151 31
3 5152 31
3 5153 30
3 5154 30
3 5155 31
3 5156 30
3 5157 29
3 5158 29
3 5159 29
3 5160 29
3 5161 29
3 5162 31
3 5163 31
3 5164 31
3 5165 31
3 5166 31
3 5167 31
3 5168 31
3 5169 31
3 5170 30
3 5171 30
3 5172 31
3 5173 31
3 5174 30
3 5175 30
3 5176 30
3 5177 30
3 5178 30
3 5179 30
3 5180 31
3 5181 31
3 5182 31
3 5183 30
3 5184 30
3 5185 30
3 5186 30
3 5187 30
3 5188 30
3 5189 30
3 5190 31
3 5191 30
3 5192 30
3 5193 30
3 5194 30
3 5195 30
3 5196 30
3 5197 31
3 5198 31
3 5199 31
3 5200 31
3 5201 31
3 5202 30
3 5203 30
3 5204 30
3 5205 30
3 5206 30
3 5207 30
3 5208 30
3 5209 31
3 5210 31
3 5211 30
3 5212 30
3 5213 30
3 5214 30
3 5215 30
3 5216 30
3 5217 31
3 5218 31
3 5219 31
3 5220 31
3 5221 31
3 5222 31
3 5223 31
3 5224 31
3 5225 30
3 5226 30
3 5227 31
3 5228 31
3 5229 30
3 5230 30
3 5231 31
3 5232 31
3 5233 30
3 5234 30
3 5235 31
3 5236 30
3 5237 30
3 5238 29
3 5239 29
3 5240 29
3 5241 29
3 5242 31
3 5243 31
3 5244 31
3 5245 31
3 5246 31
3 5247 31
3 5248 30
3 5249 30
3 5250 29
3 5251 31
3 5252 31
3 5253 30
3 5254 30
3 5255 30
3 5256 30
3 5257 29
3 5258 29
3 5259 29
3 5260 29
3 5261 30
3 5262 31
3 5263 31
3 5264 31
3 5265 31
3 5266 31
3 5267 31
3 5268 31
3 5269 31
3 5270 30
3 5271 30
3 5272 31
3 5273 31
3 5274 30
3 5275 30
3 5276 30
3 5277 31
3 5278 30
3 5279 30
3 5280 31
3 5281 31
3 5282 30
3 5283 30
3 5284 30
3 5285 30
3 5286 30
3 5287 30
3 5288 30
3 5289 31
3 5290 31
3 5291 30
3 5292 30
3 5293 30
3 5294 30
3 5295 30
3 5296 30
3 5297 31
3 5298 31
3 5299 31
3 5300 31
3 5301 31
3 5302 31
3 5303 30
3 5304 30
3 5305 30
3 5306 30
3 5307 30
3 5308 31
3 5309 31
3 5310 31
3 5311 30
3 5312 30
3 5313 30
3 5314 30
3 5315 30
3 5316 30
3 5317 30
3 5318 31
3 5319 31
3 5320 30
3 5321 31
3 5322 31
3 5323 31
3 5324 30
3 5325 30
3 5326 30
3 5327 31
3 5328 31
3 5329 31
3 5330 30
3 5331 30
3 5332 31
3 5333 30
3 5334 30
3 5335 30
3 5336 30
3 5337 30
3 5338 29
3 5339 29
3 5340 29
3 5341 29
3 5342 31
3 5343 31
3 5344 31
3 5345 31
3 5346 31
3 5347 31
3 5348 30
3 5349 30
3 5350 30
3 5351 31
3 5352 31
3 5353 30
3 5354 30
3 5355 30
3 5356 30
3 5357 29
3 5358 29
3 5359 29
3 5360 29
3 5361 29
3 5362 31
3 5363 31
3 5364 30
3 5365 30
3 5366 30
3 5367 31
3 5368 31
3 5369 31
3 5370 30
3 5371 30
3 5372 30
3 5373 30
3 5374 30
3 5375 31
3 5376 30
3 5377 31
3 5378 31
3 5379 31
3 5380 31
3 5381 31
3 5382 30
3 5383 30
3 5384 30
3 5385 30
3 5386 30
3 5387 30
3 5388 30
3 5389 30
3 5390 31
3 5391 30
3 5392 30
3 5393 30
3 5394 30
3 5395 30
3 5396 30
3 5397 31
3 5398 30
3 5399 31
3 5400 31
3 5401 31
3 5402 30
3 5403 30
3 5404 30
3 5405 30
3 5406 30
3 5407 30
3 5408 30
3 5409 31
3 5410 31
3 5411 30
3 5412 30
3 5413 30
3 5414 30
3 5415 31
3 5416 29
3 5417 31
3 5418 31
3 5419 31
3 5420 30
3 5421 31
3 5422 31
3 5423 31
3 5424 30
3 5425 30
3 5426 30
3 5427 31
3 5428 31
3 5429 31
3 5430 30
3 5431 31
3 5432 31
3 5433 30
3 5434 30
3 5435 30
3 5436 30
3 5437 29
3 5438 29
3 5439 29
3 5440 29
3 5441 29
3 5442 31
3 5443 31
3 5444 30
3 5445 31
3 5446 31
3 5447 31
3 5448 30
3 5449 30
3 5450 30
3 5451 31
3 5452 31
3 5453 30
3 5454 31
3 5455 30
3 5456 30
