2 0 28
2 1 28
2 2 27
2 3 27
2 4 27
2 5 27
2 6 27
2 7 27
2 8 27
2 9 27
2 10 27
2 11 27
2 12 27
2 13 27
2 14 26
2 15 28
2 16 27
2 17 28
2 18 27
2 19 27
2 20 27
2 21 27
2 22 27
2 23 26
2 24 27
2 25 28
2 26 27
2 27 27
2 28 28
2 29 27
2 30 27
2 31 27
2 32 28
2 33 28
2 34 28
2 35 27
2 36 27
2 37 27
2 38 27
2 39 27
2 40 27
2 41 27
2 42 27
2 43 27
2 44 27
2 45 27
2 46 27
2 47 27
2 48 27
2 49 27
2 50 27
2 51 28
2 52 27
2 53 27
2 54 28
2 55 27
2 56 27
2 57 28
2 58 27
2 59 27
2 60 27
2 61 27
2 62 27
2 63 27
2 64 27
2 65 27
2 66 28
2 67 27
2 68 27
2 69 27
2 70 27
2 71 27
2 72 27
2 73 27
2 74 27
2 75 27
2 76 27
2 77 28
2 78 28
2 79 28
2 80 28
2 81 28
2 82 27
2 83 27
2 84 27
2 85 27
2 86 27
2 87 27
2 88 27
2 89 28
2 90 28
2 91 27
2 92 27
2 93 27
2 94 27
2 95 27
2 96 27
2 97 28
2 98 28
2 99 28
2 100 28
2 101 27
2 102 28
2 103 30
2 104 30
2 105 30
2 106 30
2 107 30
2 108 29
2 109 29
2 110 29
2 111 28
2 112 28
2 113 28
2 114 28
2 115 29
2 116 30
2 117 30
2 118 30
2 119 30
2 120 30
2 121 30
2 122 29
2 123 29
2 124 29
2 125 29
2 126 29
2 127 29
2 128 30
2 129 30
2 130 30
2 131 29
2 132 29
2 133 29
2 134 29
2 135 29
2 136 29
2 137 30
2 138 29
2 139 30
2 140 30
2 141 30
2 142 30
2 143 29
2 144 29
2 145 29
2 146 29
2 147 29
2 148 29
2 149 30
2 150 30
2 151 29
2 152 29
2 153 29
2 154 29
2 155 29
2 156 30
2 157 29
2 158 29
2 159 28
2 160 29
2 161 30
2 162 30
2 163 29
2 164 29
2 165 29
2 166 29
2 167 30
2 168 30
2 169 30
2 170 30
2 171 30
2 172 30
2 173 29
2 174 29
2 175 30
2 176 30
2 177 29
2 178 29
2 179 28
2 180 29
2 181 30
2 182 30
2 183 30
2 184 30
2 185 30
2 186 30
2 187 30
2 188 30
2 189 29
2 190 28
2 191 30
2 192 30
2 193 29
2 194 29
2 195 29
2 196 29
2 197 29
2 198 29
2 199 28
2 200 29
2 201 30
2 202 30
2 203 29
2 204 29
2 205 29
2 206 29
2 207 29
2 208 29
2 209 30
2 210 30
2 211 29
2 212 29
2 213 29
2 214 29
2 215 29
2 216 29
2 217 30
2 218 30
2 219 30
2 220 30
2 221 30
2 222 29
2 223 29
2 224 29
2 225 29
2 226 29
2 227 29
2 228 29
2 229 29
2 230 30
2 231 29
2 232 29
2 233 29
2 234 29
2 235 29
2 236 29
2 237 30
2 238 30
2 239 30
2 240 30
2 241 30
2 242 29
2 243 29
2 244 29
2 245 29
2 246 29
2 247 29
2 248 29
2 249 29
2 250 30
2 251 29
2 252 29
2 253 29
2 254 29
2 255 29
2 256 29
2 257 30
2 258 29
2 259 30
2 260 29
2 261 29
2 262 29
2 263 29
2 264 29
2 265 29
2 266 29
2 267 29
2 268 30
2 269 30
2 270 30
2 271 29
2 272 29
2 273 29
2 274 29
2 275 29
2 276 29
2 277 30
2 278 30
2 279 30
2 280 29
2 281 30
2 282 30
2 283 29
2 284 29
2 285 29
2 286 29
2 287 29
2 288 29
2 289 30
2 290 30
2 291 29
2 292 29
2 293 29
2 294 29
2 295 29
2 296 29
2 297 30
2 298 30
2 299 30
2 300 30
2 301 29
2 302 29
2 303 29
2 304 29
2 305 29
2 306 29
2 307 29
2 308 29
2 309 29
2 310 29
2 311 29
2 312 29
2 313 29
2 314 29
2 315 29
2 316 29
2 317 29
2 318 29
2 319 29
2 320 29
2 321 29
2 322 29
2 323 29
2 324 29
2 325 29
2 326 29
2 327 29
2 328 29
2 329 29
2 330 29
2 331 29
2 332 29
2 333 29
2 334 29
2 335 29
2 336 29
2 337 29
2 338 29
2 339 29
2 340 29
2 341 29
2 342 29
2 343 29
2 344 29
2 345 29
2 346 29
2 347 29
2 348 29
2 349 29
2 350 29
2 351 29
2 352 29
2 353 29
2 354 29
2 355 29
2 356 29
2 357 29
2 358 29
2 359 30
2 360 29
2 361 29
2 362 29
2 363 29
2 364 29
2 365 29
2 366 29
2 367 29
2 368 29
2 369 29
2 370 30
2 371 29
2 372 29
2 373 29
2 374 29
2 375 29
2 376 29
2 377 30
2 378 30
2 379 30
2 380 30
2 381 30
2 382 29
2 383 29
2 384 29
2 385 29
2 386 29
2 387 29
2 388 29
2 389 29
2 390 29
2 391 29
2 392 29
2 393 29
2 394 29
2 395 29
2 396 29
2 397 30
2 398 29
2 399 29
2 400 29
2 401 29
2 402 29
2 403 29
2 404 29
2 405 29
2 406 29
2 407 29
2 408 29
2 409 29
2 410 29
2 411 29
2 412 29
2 413 29
2 414 29
2 415 29
2 416 29
2 417 29
2 418 29
2 419 29
2 420 29
2 421 29
2 422 29
2 423 29
2 424 29
2 425 29
2 426 29
2 427 29
2 428 29
2 429 29
2 430 29
2 431 29
2 432 29
2 433 29
2 434 29
2 435 29
2 436 29
2 437 29
2 438 29
2 439 29
2 440 29
2 441 29
2 442 29
2 443 29
2 444 29
2 445 29
2 446 29
2 447 29
2 448 29
2 449 29
2 450 29
2 451 29
2 452 29
2 453 29
2 454 29
2 455 29
2 456 29
2 457 29
2 458 29
2 459 29
2 460 29
2 461 29
2 462 29
2 463 29
2 464 29
2 465 29
2 466 29
2 467 29
2 468 29
2 469 29
2 470 29
2 471 29
2 472 29
2 473 29
2 474 29
2 475 29
2 476 29
2 477 30
2 478 29
2 479 30
2 480 29
2 481 29
2 482 29
2 483 29
2 484 29
2 485 29
2 486 29
2 487 29
2 488 29
2 489 29
2 490 29
2 491 29
2 492 29
2 493 29
2 494 29
2 495 29
2 496 29
2 497 29
2 498 29
2 499 29
2 500 29
2 501 29
2 502 29
2 503 29
2 504 29
2 505 29
2 506 29
2 507 29
2 508 29
2 509 29
2 510 29
2 511 29
2 512 29
2 513 29
2 514 31
2 515 29
2 516 29
2 517 29
2 518 29
2 519 29
2 520 29
2 521 29
2 522 29
2 523 29
2 524 29
2 525 29
2 526 29
2 527 29
2 528 29
2 529 29
2 530 29
2 531 29
2 532 29
2 533 29
2 534 31
2 535 29
2 536 29
2 537 29
2 538 29
2 539 29
2 540 29
2 541 29
2 542 29
2 543 29
2 544 29
2 545 29
2 546 29
2 547 29
2 548 29
2 549 29
2 550 29
2 551 29
2 552 29
2 553 29
2 554 29
2 555 29
2 556 29
2 557 29
2 558 29
2 559 29
2 560 29
2 561 29
2 562 29
2 563 29
2 564 29
2 565 29
2 566 29
2 567 29
2 568 29
2 569 29
2 570 29
2 571 29
2 572 29
2 573 29
2 574 29
2 575 29
2 576 29
2 577 29
2 578 29
2 579 29
2 580 29
2 581 29
2 582 29
2 583 29
2 584 29
2 585 29
2 586 29
2 587 29
2 588 29
2 589 29
2 590 29
2 591 29
2 592 29
2 593 29
2 594 29
2 595 29
2 596 29
2 597 29
2 598 29
2 599 29
2 600 29
2 601 29
2 602 29
2 603 29
2 604 29
2 605 29
2 606 29
2 607 29
2 608 29
2 609 29
2 610 29
2 611 29
2 612 29
2 613 29
2 614 31
2 615 29
2 616 29
2 617 29
2 618 29
2 619 29
2 620 29
2 621 29
2 622 29
2 623 29
2 624 29
2 625 29
2 626 29
2 627 29
2 628 29
2 629 29
2 630 29
2 631 29
2 632 30
2 633 30
2 634 31
2 635 29
2 636 29
2 637 29
2 638 29
2 639 29
2 640 29
2 641 29
2 642 29
2 643 29
2 644 29
2 645 29
2 646 29
2 647 29
2 648 29
2 649 29
2 650 29
2 651 30
2 652 29
2 653 30
2 654 29
2 655 29
2 656 29
2 657 29
2 658 29
2 659 29
2 660 29
2 661 29
2 662 29
2 663 29
2 664 29
2 665 29
2 666 29
2 667 29
2 668 29
2 669 29
2 670 29
2 671 29
2 672 29
2 673 29
2 674 29
2 675 29
2 676 29
2 677 29
2 678 29
2 679 29
2 680 29
2 681 29
2 682 29
2 683 29
2 684 29
2 685 29
2 686 29
2 687 29
2 688 29
2 689 29
2 690 29
2 691 30
2 692 29
2 693 30
2 694 31
2 695 29
2 696 29
2 697 29
2 698 29
2 699 29
2 700 29
2 701 29
2 702 29
2 703 29
2 704 29
2 705 29
2 706 30
2 707 30
2 708 29
2 709 29
2 710 29
2 711 31
2 712 31
2 713 31
2 714 31
2 715 29
2 716 29
2 717 29
2 718 29
2 719 29
2 720 29
2 721 29
2 722 29
2 723 29
2 724 30
2 725 31
2 726 31
2 727 30
2 728 30
2 729 29
2 730 29
2 731 31
2 732 29
2 733 30
2 734 31
2 735 29
2 736 30
2 737 29
2 738 29
2 739 29
2 740 29
2 741 29
2 742 29
2 743 29
2 744 29
2 745 29
2 746 29
2 747 29
2 748 29
2 749 29
2 750 29
2 751 29
2 752 30
2 753 29
2 754 30
2 755 29
2 756 29
2 757 29
2 758 29
2 759 29
2 760 29
2 761 29
2 762 29
2 763 29
2 764 29
2 765 29
2 766 29
2 767 29
2 768 29
2 769 29
2 770 29
2 771 30
2 772 29
2 773 30
2 774 31
2 775 29
2 776 29
2 777 29
2 778 29
2 779 29
2 780 29
2 781 29
2 782 29
2 783 29
2 784 29
2 785 29
2 786 29
2 787 29
2 788 29
2 789 29
2 790 29
2 791 29
2 792 30
2 793 29
2 794 31
2 795 29
2 796 29
2 797 29
2 798 29
2 799 29
2 800 29
2 801 29
2 802 29
2 803 30
2 804 30
2 805 30
2 806 31
2 807 30
2 808 29
2 809 29
2 810 29
2 811 31
2 812 31
2 813 31
2 814 31
2 815 30
2 816 30
2 817 29
2 818 29
2 819 29
2 820 29
2 821 29
2 822 29
2 823 30
2 824 30
2 825 31
2 826 30
2 827 30
2 828 30
2 829 29
2 830 29
2 831 31
2 832 30
2 833 30
2 834 31
2 835 30
2 836 30
2 837 29
2 838 29
2 839 29
2 840 29
2 841 29
2 842 29
2 843 29
2 844 30
2 845 30
2 846 30
2 847 30
2 848 29
2 849 29
2 850 29
2 851 31
2 852 30
2 853 30
2 854 31
2 855 29
2 856 29
2 857 29
2 858 29
2 859 29
2 860 29
2 861 29
2 862 29
2 863 29
2 864 29
2 865 29
2 866 29
2 867 29
2 868 29
2 869 29
2 870 29
2 871 29
2 872 29
2 873 29
2 874 30
2 875 29
2 876 29
2 877 29
2 878 29
2 879 29
2 880 29
2 881 29
2 882 29
2 883 29
2 884 29
2 885 30
2 886 29
2 887 29
2 888 29
2 889 29
2 890 29
2 891 30
2 892 30
2 893 30
2 894 31
2 895 29
2 896 30
2 897 29
2 898 29
2 899 29
2 900 29
2 901 29
2 902 31
2 903 30
2 904 30
2 905 31
2 906 31
2 907 31
2 908 30
2 909 30
2 910 29
2 911 31
2 912 31
2 913 30
2 914 30
2 915 30
2 916 30
2 917 29
2 918 29
2 919 29
2 920 29
2 921 29
2 922 30
2 923 31
2 924 31
2 925 31
2 926 31
2 927 30
2 928 30
2 929 30
2 930 29
2 931 31
2 932 31
2 933 31
2 934 30
2 935 30
2 936 30
2 937 29
2 938 29
2 939 29
2 940 29
2 941 29
2 942 29
2 943 29
2 944 30
2 945 30
2 946 30
2 947 30
2 948 29
2 949 29
2 950 29
2 951 30
2 952 30
2 953 31
2 954 31
2 955 29
2 956 29
2 957 29
2 958 29
2 959 29
2 960 29
2 961 29
2 962 29
2 963 30
2 964 30
2 965 30
2 966 30
2 967 29
2 968 29
2 969 29
2 970 29
2 971 29
2 972 29
2 973 29
2 974 31
2 975 29
2 976 29
2 977 29
2 978 29
2 979 29
2 980 29
2 981 29
2 982 29
2 983 29
2 984 29
2 985 29
2 986 30
2 987 29
2 988 29
2 989 29
2 990 29
2 991 31
2 992 31
2 993 31
2 994 30
2 995 30
2 996 30
2 997 29
2 998 29
2 999 29
2 1000 29
2 1001 29
2 1002 30
2 1003 31
2 1004 31
2 1005 31
2 1006 31
2 1007 30
2 1008 30
2 1009 30
2 1010 30
2 1011 31
2 1012 31
2 1013 30
2 1014 31
2 1015 30
2 1016 30
2 1017 29
2 1018 29
2 1019 29
2 1020 29
2 1021 29
2 1022 31
2 1023 31
2 1024 31
2 1025 31
2 1026 31
2 1027 31
2 1028 30
2 1029 30
2 1030 30
2 1031 31
2 1032 31
2 1033 31
2 1034 30
2 1035 30
2 1036 30
2 1037 29
2 1038 29
2 1039 29
2 1040 29
2 1041 29
2 1042 29
2 1043 31
2 1044 31
2 1045 31
2 1046 30
2 1047 30
2 1048 29
2 1049 29
2 1050 29
2 1051 31
2 1052 29
2 1053 31
2 1054 31
2 1055 29
2 1056 29
2 1057 29
2 1058 29
2 1059 29
2 1060 29
2 1061 29
2 1062 29
2 1063 29
2 1064 29
2 1065 29
2 1066 29
2 1067 29
2 1068 29
2 1069 29
2 1070 29
2 1071 29
2 1072 30
2 1073 30
2 1074 31
2 1075 29
2 1076 29
2 1077 29
2 1078 29
2 1079 29
2 1080 29
2 1081 29
2 1082 29
2 1083 29
2 1084 29
2 1085 30
2 1086 30
2 1087 29
2 1088 29
2 1089 29
2 1090 29
2 1091 31
2 1092 31
2 1093 30
2 1094 31
2 1095 30
2 1096 30
2 1097 29
2 1098 29
2 1099 29
2 1100 29
2 1101 29
2 1102 31
2 1103 31
2 1104 31
2 1105 31
2 1106 31
2 1107 31
2 1108 30
2 1109 30
2 1110 30
2 1111 31
2 1112 31
2 1113 30
2 1114 30
2 1115 31
2 1116 30
2 1117 30
2 1118 29
2 1119 29
2 1120 29
2 1121 29
2 1122 31
2 1123 31
2 1124 30
2 1125 31
2 1126 31
2 1127 31
2 1128 30
2 1129 30
2 1130 29
2 1131 31
2 1132 31
2 1133 30
2 1134 30
2 1135 30
2 1136 30
2 1137 29
2 1138 29
2 1139 29
2 1140 29
2 1141 29
2 1142 29
2 1143 31
2 1144 30
2 1145 31
2 1146 31
2 1147 30
2 1148 30
2 1149 29
2 1150 29
2 1151 29
2 1152 31
2 1153 31
2 1154 30
2 1155 30
2 1156 30
2 1157 29
2 1158 29
2 1159 29
2 1160 29
2 1161 29
2 1162 29
2 1163 29
2 1164 29
2 1165 29
2 1166 29
2 1167 29
2 1168 29
2 1169 29
2 1170 29
2 1171 31
2 1172 30
2 1173 31
2 1174 31
2 1175 29
2 1176 30
2 1177 29
2 1178 29
2 1179 29
2 1180 29
2 1181 29
2 1182 29
2 1183 29
2 1184 30
2 1185 31
2 1186 31
2 1187 31
2 1188 30
2 1189 30
2 1190 30
2 1191 31
2 1192 31
2 1193 30
2 1194 31
2 1195 30
2 1196 30
2 1197 29
2 1198 29
2 1199 29
2 1200 29
2 1201 29
2 1202 31
2 1203 31
2 1204 31
2 1205 31
2 1206 31
2 1207 30
2 1208 30
2 1209 30
2 1210 29
2 1211 31
2 1212 31
2 1213 30
2 1214 30
2 1215 30
2 1216 30
2 1217 30
2 1218 29
2 1219 31
2 1220 30
2 1221 31
2 1222 31
2 1223 31
2 1224 31
2 1225 31
2 1226 31
2 1227 31
2 1228 30
2 1229 30
2 1230 29
2 1231 31
2 1232 31
2 1233 30
2 1234 31
2 1235 30
2 1236 30
2 1237 29
2 1238 29
2 1239 29
2 1240 29
2 1241 29
2 1242 31
2 1243 31
2 1244 31
2 1245 31
2 1246 30
2 1247 30
2 1248 30
2 1249 29
2 1250 29
2 1251 31
2 1252 30
2 1253 30
2 1254 31
2 1255 29
2 1256 30
2 1257 29
2 1258 29
2 1259 29
2 1260 29
2 1261 29
2 1262 29
2 1263 29
2 1264 29
2 1265 30
2 1266 30
2 1267 30
2 1268 29
2 1269 29
2 1270 29
2 1271 31
2 1272 31
2 1273 31
2 1274 31
2 1275 29
2 1276 29
2 1277 29
2 1278 29
2 1279 29
2 1280 29
2 1281 29
2 1282 31
2 1283 31
2 1284 30
2 1285 31
2 1286 31
2 1287 30
2 1288 30
2 1289 30
2 1290 29
2 1291 31
2 1292 31
2 1293 30
2 1294 30
2 1295 30
2 1296 30
2 1297 30
2 1298 29
2 1299 30
2 1300 29
2 1301 31
2 1302 31
2 1303 31
2 1304 31
2 1305 31
2 1306 31
2 1307 31
2 1308 30
2 1309 30
2 1310 30
2 1311 31
2 1312 31
2 1313 30
2 1314 30
2 1315 31
2 1316 30
2 1317 30
2 1318 29
2 1319 30
2 1320 29
2 1321 30
2 1322 31
2 1323 31
2 1324 31
2 1325 31
2 1326 31
2 1327 30
2 1328 30
2 1329 30
2 1330 29
2 1331 31
2 1332 31
2 1333 31
2 1334 30
2 1335 30
2 1336 30
2 1337 29
2 1338 29
2 1339 29
2 1340 29
2 1341 29
2 1342 29
2 1343 31
2 1344 30
2 1345 30
2 1346 31
2 1347 31
2 1348 30
2 1349 30
2 1350 29
2 1351 31
2 1352 31
2 1353 31
2 1354 31
2 1355 29
2 1356 29
2 1357 29
2 1358 29
2 1359 29
2 1360 29
2 1361 29
2 1362 29
2 1363 29
2 1364 30
2 1365 30
2 1366 30
2 1367 29
2 1368 29
2 1369 29
2 1370 29
2 1371 31
2 1372 29
2 1373 31
2 1374 31
2 1375 29
2 1376 30
2 1377 29
2 1378 29
2 1379 29
2 1380 29
2 1381 30
2 1382 31
2 1383 31
2 1384 31
2 1385 31
2 1386 31
2 1387 30
2 1388 30
2 1389 31
2 1390 29
2 1391 31
2 1392 31
2 1393 30
2 1394 30
2 1395 31
2 1396 30
2 1397 30
2 1398 29
2 1399 29
2 1400 30
2 1401 31
2 1402 31
2 1403 31
2 1404 30
2 1405 31
2 1406 30
2 1407 31
2 1408 30
2 1409 31
2 1410 31
2 1411 30
2 1412 30
2 1413 31
2 1414 30
2 1415 30
2 1416 30
2 1417 29
2 1418 29
2 1419 29
2 1420 29
2 1421 31
2 1422 31
2 1423 31
2 1424 31
2 1425 31
2 1426 31
2 1427 31
2 1428 30
2 1429 30
2 1430 29
2 1431 31
2 1432 31
2 1433 30
2 1434 30
2 1435 30
2 1436 30
2 1437 29
2 1438 29
2 1439 29
2 1440 29
2 1441 29
2 1442 31
2 1443 31
2 1444 31
2 1445 31
2 1446 30
2 1447 30
2 1448 29
2 1449 29
2 1450 29
2 1451 31
2 1452 29
2 1453 30
2 1454 31
2 1455 29
2 1456 30
2 1457 29
2 1458 29
2 1459 29
2 1460 29
2 1461 29
2 1462 29
2 1463 29
2 1464 30
2 1465 30
2 1466 30
2 1467 30
2 1468 29
2 1469 29
2 1470 29
2 1471 31
2 1472 31
2 1473 31
2 1474 30
2 1475 30
2 1476 30
2 1477 29
2 1478 29
2 1479 29
2 1480 29
2 1481 29
2 1482 30
2 1483 31
2 1484 31
2 1485 31
2 1486 31
2 1487 31
2 1488 30
2 1489 30
2 1490 30
2 1491 30
2 1492 31
2 1493 30
2 1494 30
2 1495 30
2 1496 30
2 1497 29
2 1498 29
2 1499 30
2 1500 31
2 1501 31
2 1502 31
2 1503 31
2 1504 31
2 1505 30
2 1506 30
2 1507 31
2 1508 31
2 1509 31
2 1510 30
2 1511 31
2 1512 30
2 1513 30
2 1514 30
2 1515 31
2 1516 30
2 1517 30
2 1518 29
2 1519 30
2 1520 30
2 1521 31
2 1522 31
2 1523 31
2 1524 30
2 1525 31
2 1526 31
2 1527 30
2 1528 30
2 1529 30
2 1530 29
2 1531 31
2 1532 31
2 1533 30
2 1534 31
2 1535 30
2 1536 30
2 1537 29
2 1538 29
2 1539 29
2 1540 29
2 1541 30
2 1542 30
2 1543 30
2 1544 31
2 1545 31
2 1546 30
2 1547 30
2 1548 30
2 1549 29
2 1550 29
2 1551 31
2 1552 30
2 1553 31
2 1554 31
2 1555 29
2 1556 29
2 1557 29
2 1558 29
2 1559 29
2 1560 29
2 1561 29
2 1562 29
2 1563 29
2 1564 30
2 1565 30
2 1566 30
2 1567 30
2 1568 29
2 1569 29
2 1570 29
2 1571 31
2 1572 31
2 1573 31
2 1574 31
2 1575 30
2 1576 30
2 1577 29
2 1578 29
2 1579 29
2 1580 29
2 1581 29
2 1582 30
2 1583 31
2 1584 31
2 1585 31
2 1586 31
2 1587 31
2 1588 30
2 1589 30
2 1590 30
2 1591 31
2 1592 31
2 1593 30
2 1594 30
2 1595 30
2 1596 30
2 1597 29
2 1598 29
2 1599 29
2 1600 29
2 1601 30
2 1602 31
2 1603 31
2 1604 30
2 1605 31
2 1606 31
2 1607 31
2 1608 30
2 1609 30
2 1610 29
2 1611 31
2 1612 31
2 1613 30
2 1614 30
2 1615 30
2 1616 30
2 1617 30
2 1618 29
2 1619 29
2 1620 29
2 1621 30
2 1622 31
2 1623 31
2 1624 31
2 1625 31
2 1626 31
2 1627 30
2 1628 30
2 1629 29
2 1630 29
2 1631 31
2 1632 31
2 1633 30
2 1634 31
2 1635 30
2 1636 30
2 1637 29
2 1638 29
2 1639 29
2 1640 29
2 1641 29
2 1642 29
2 1643 30
2 1644 30
2 1645 30
2 1646 30
2 1647 30
2 1648 29
2 1649 29
2 1650 29
2 1651 30
2 1652 30
2 1653 30
2 1654 31
2 1655 29
2 1656 29
2 1657 29
2 1658 29
2 1659 29
2 1660 29
2 1661 29
2 1662 29
2 1663 29
2 1664 29
2 1665 30
2 1666 31
2 1667 31
2 1668 30
2 1669 30
2 1670 29
2 1671 31
2 1672 31
2 1673 31
2 1674 30
2 1675 30
2 1676 30
2 1677 29
2 1678 29
2 1679 29
2 1680 29
2 1681 29
2 1682 31
2 1683 31
2 1684 31
2 1685 31
2 1686 31
2 1687 30
2 1688 30
2 1689 30
2 1690 29
2 1691 31
2 1692 31
2 1693 30
2 1694 30
2 1695 31
2 1696 30
2 1697 30
2 1698 29
2 1699 30
2 1700 30
2 1701 31
2 1702 31
2 1703 31
2 1704 31
2 1705 31
2 1706 31
2 1707 31
2 1708 30
2 1709 30
2 1710 30
2 1711 31
2 1712 31
2 1713 30
2 1714 30
2 1715 31
2 1716 30
2 1717 30
2 1718 29
2 1719 29
2 1720 29
2 1721 29
2 1722 31
2 1723 31
2 1724 31
2 1725 31
2 1726 31
2 1727 30
2 1728 30
2 1729 29
2 1730 30
2 1731 31
2 1732 31
2 1733 30
2 1734 31
2 1735 29
2 1736 30
2 1737 29
2 1738 29
2 1739 29
2 1740 29
2 1741 29
2 1742 29
2 1743 29
2 1744 29
2 1745 30
2 1746 30
2 1747 29
2 1748 29
2 1749 29
2 1750 29
2 1751 29
2 1752 30
2 1753 30
2 1754 31
2 1755 29
2 1756 29
2 1757 29
2 1758 29
2 1759 29
2 1760 29
2 1761 29
2 1762 29
2 1763 31
2 1764 30
2 1765 30
2 1766 31
2 1767 30
2 1768 30
2 1769 29
2 1770 29
2 1771 31
2 1772 31
2 1773 30
2 1774 31
2 1775 30
2 1776 30
2 1777 29
2 1778 29
2 1779 29
2 1780 29
2 1781 29
2 1782 31
2 1783 31
2 1784 31
2 1785 31
2 1786 31
2 1787 31
2 1788 30
2 1789 30
2 1790 29
2 1791 31
2 1792 31
2 1793 30
2 1794 30
2 1795 31
2 1796 30
2 1797 30
2 1798 29
2 1799 29
2 1800 29
2 1801 29
2 1802 31
2 1803 31
2 1804 31
2 1805 31
2 1806 31
2 1807 30
2 1808 30
2 1809 30
2 1810 30
2 1811 31
2 1812 31
2 1813 30
2 1814 30
2 1815 30
2 1816 30
2 1817 29
2 1818 29
2 1819 29
2 1820 29
2 1821 29
2 1822 29
2 1823 31
2 1824 30
2 1825 31
2 1826 31
2 1827 31
2 1828 30
2 1829 30
2 1830 29
2 1831 30
2 1832 31
2 1833 31
2 1834 31
2 1835 30
2 1836 29
2 1837 29
2 1838 29
2 1839 29
2 1840 29
2 1841 29
2 1842 29
2 1843 29
2 1844 29
2 1845 30
2 1846 30
2 1847 29
2 1848 29
2 1849 29
2 1850 29
2 1851 30
2 1852 29
2 1853 30
2 1854 31
2 1855 29
2 1856 29
2 1857 29
2 1858 29
2 1859 29
2 1860 29
2 1861 29
2 1862 29
2 1863 29
2 1864 29
2 1865 29
2 1866 30
2 1867 30
2 1868 29
2 1869 29
2 1870 29
2 1871 31
2 1872 31
2 1873 31
2 1874 30
2 1875 30
2 1876 30
2 1877 29
2 1878 29
2 1879 29
2 1880 29
2 1881 29
2 1882 29
2 1883 31
2 1884 31
2 1885 31
2 1886 31
2 1887 30
2 1888 30
2 1889 30
2 1890 30
2 1891 31
2 1892 31
2 1893 30
2 1894 30
2 1895 30
2 1896 30
2 1897 29
2 1898 29
2 1899 29
2 1900 29
2 1901 30
2 1902 31
2 1903 31
2 1904 31
2 1905 31
2 1906 31
2 1907 31
2 1908 30
2 1909 30
2 1910 30
2 1911 31
2 1912 31
2 1913 30
2 1914 30
2 1915 30
2 1916 30
2 1917 29
2 1918 29
2 1919 29
2 1920 29
2 1921 29
2 1922 31
2 1923 31
2 1924 31
2 1925 31
2 1926 31
2 1927 30
2 1928 29
2 1929 29
2 1930 29
2 1931 31
2 1932 30
2 1933 30
2 1934 31
2 1935 29
2 1936 30
2 1937 29
2 1938 29
2 1939 29
2 1940 29
2 1941 29
2 1942 29
2 1943 29
2 1944 29
2 1945 29
2 1946 29
2 1947 29
2 1948 29
2 1949 29
2 1950 29
2 1951 29
2 1952 29
2 1953 30
2 1954 31
2 1955 29
2 1956 29
2 1957 29
2 1958 29
2 1959 29
2 1960 29
2 1961 29
2 1962 29
2 1963 29
2 1964 30
2 1965 30
2 1966 29
2 1967 29
2 1968 29
2 1969 29
2 1970 29
2 1971 31
2 1972 30
2 1973 31
2 1974 31
2 1975 30
2 1976 30
2 1977 29
2 1978 29
2 1979 29
2 1980 29
2 1981 29
2 1982 29
2 1983 30
2 1984 31
2 1985 31
2 1986 31
2 1987 31
2 1988 30
2 1989 30
2 1990 29
2 1991 31
2 1992 31
2 1993 30
2 1994 30
2 1995 30
2 1996 30
2 1997 29
2 1998 29
2 1999 29
2 2000 29
2 2001 29
2 2002 31
2 2003 31
2 2004 31
2 2005 31
2 2006 31
2 2007 30
2 2008 30
2 2009 30
2 2010 29
2 2011 31
2 2012 31
2 2013 31
2 2014 30
2 2015 30
2 2016 30
2 2017 29
2 2018 29
2 2019 29
2 2020 29
2 2021 29
2 2022 29
2 2023 30
2 2024 30
2 2025 30
2 2026 30
2 2027 30
2 2028 29
2 2029 29
2 2030 29
2 2031 30
2 2032 30
2 2033 30
2 2034 31
2 2035 29
2 2036 29
2 2037 29
2 2038 29
2 2039 29
2 2040 29
2 2041 29
2 2042 29
2 2043 29
2 2044 29
2 2045 29
2 2046 29
2 2047 29
2 2048 29
2 2049 29
2 2050 29
2 2051 30
2 2052 30
2 2053 30
2 2054 31
2 2055 29
2 2056 29
2 2057 29
2 2058 29
2 2059 29
2 2060 29
2 2061 29
2 2062 29
2 2063 29
2 2064 29
2 2065 30
2 2066 31
2 2067 30
2 2068 30
2 2069 30
2 2070 29
2 2071 31
2 2072 31
2 2073 31
2 2074 31
2 2075 30
2 2076 30
2 2077 29
2 2078 29
2 2079 29
2 2080 29
2 2081 29
2 2082 31
2 2083 31
2 2084 31
2 2085 31
2 2086 31
2 2087 30
2 2088 30
2 2089 30
2 2090 30
2 2091 31
2 2092 31
2 2093 30
2 2094 31
2 2095 30
2 2096 30
2 2097 29
2 2098 29
2 2099 29
2 2100 29
2 2101 30
2 2102 31
2 2103 31
2 2104 31
2 2105 31
2 2106 31
2 2107 30
2 2108 30
2 2109 30
2 2110 29
2 2111 31
2 2112 31
2 2113 30
2 2114 30
2 2115 30
2 2116 30
2 2117 29
2 2118 29
2 2119 29
2 2120 29
2 2121 29
2 2122 29
2 2123 29
2 2124 30
2 2125 30
2 2126 30
2 2127 29
2 2128 29
2 2129 29
2 2130 29
2 2131 31
2 2132 29
2 2133 30
2 2134 31
2 2135 29
2 2136 29
2 2137 29
2 2138 29
2 2139 29
2 2140 29
2 2141 29
2 2142 29
2 2143 29
2 2144 29
2 2145 29
2 2146 29
2 2147 29
2 2148 29
2 2149 29
2 2150 29
2 2151 29
2 2152 30
2 2153 30
2 2154 31
2 2155 29
2 2156 29
2 2157 29
2 2158 29
2 2159 29
2 2160 29
2 2161 29
2 2162 29
2 2163 29
2 2164 30
2 2165 30
2 2166 30
2 2167 30
2 2168 29
2 2169 29
2 2170 29
2 2171 31
2 2172 30
2 2173 31
2 2174 31
2 2175 29
2 2176 30
2 2177 29
2 2178 29
2 2179 29
2 2180 29
2 2181 30
2 2182 31
2 2183 31
2 2184 31
2 2185 31
2 2186 31
2 2187 30
2 2188 30
2 2189 30
2 2190 29
2 2191 31
2 2192 31
2 2193 30
2 2194 30
2 2195 30
2 2196 30
2 2197 29
2 2198 29
2 2199 29
2 2200 29
2 2201 29
2 2202 29
2 2203 31
2 2204 31
2 2205 31
2 2206 30
2 2207 30
2 2208 30
2 2209 29
2 2210 29
2 2211 31
2 2212 31
2 2213 31
2 2214 31
2 2215 29
2 2216 30
2 2217 29
2 2218 29
2 2219 29
2 2220 29
2 2221 29
2 2222 29
2 2223 29
2 2224 29
2 2225 29
2 2226 29
2 2227 29
2 2228 29
2 2229 29
2 2230 29
2 2231 29
2 2232 30
2 2233 29
2 2234 31
2 2235 29
2 2236 29
2 2237 29
2 2238 29
2 2239 29
2 2240 29
2 2241 29
2 2242 29
2 2243 29
2 2244 29
2 2245 29
2 2246 29
2 2247 29
2 2248 29
2 2249 29
2 2250 29
2 2251 30
2 2252 29
2 2253 30
2 2254 31
2 2255 29
2 2256 29
2 2257 29
2 2258 29
2 2259 29
2 2260 29
2 2261 29
2 2262 29
2 2263 29
2 2264 29
2 2265 30
2 2266 30
2 2267 30
2 2268 29
2 2269 29
2 2270 29
2 2271 31
2 2272 31
2 2273 31
2 2274 31
2 2275 30
2 2276 30
2 2277 29
2 2278 29
2 2279 29
2 2280 29
2 2281 29
2 2282 30
2 2283 31
2 2284 31
2 2285 31
2 2286 31
2 2287 30
2 2288 30
2 2289 30
2 2290 29
2 2291 31
2 2292 31
2 2293 31
2 2294 30
2 2295 30
2 2296 30
2 2297 29
2 2298 29
2 2299 29
2 2300 29
2 2301 29
2 2302 29
2 2303 30
2 2304 31
2 2305 31
2 2306 31
2 2307 31
2 2308 30
2 2309 30
2 2310 29
2 2311 31
2 2312 31
2 2313 30
2 2314 31
2 2315 29
2 2316 29
2 2317 29
2 2318 29
2 2319 29
2 2320 29
2 2321 29
2 2322 29
2 2323 29
2 2324 29
2 2325 29
2 2326 29
2 2327 29
2 2328 29
2 2329 29
2 2330 29
2 2331 29
2 2332 29
2 2333 29
2 2334 31
2 2335 29
2 2336 29
2 2337 29
2 2338 29
2 2339 29
2 2340 29
2 2341 29
2 2342 29
2 2343 29
2 2344 29
2 2345 29
2 2346 29
2 2347 29
2 2348 29
2 2349 29
2 2350 29
2 2351 29
2 2352 29
2 2353 29
2 2354 31
2 2355 29
2 2356 29
2 2357 29
2 2358 29
2 2359 29
2 2360 29
2 2361 29
2 2362 29
2 2363 29
2 2364 29
2 2365 29
2 2366 29
2 2367 29
2 2368 29
2 2369 29
2 2370 29
2 2371 31
2 2372 31
2 2373 30
2 2374 31
2 2375 30
2 2376 30
2 2377 29
2 2378 29
2 2379 29
2 2380 29
2 2381 29
2 2382 29
2 2383 29
2 2384 30
2 2385 30
2 2386 31
2 2387 30
2 2388 30
2 2389 30
2 2390 29
2 2391 31
2 2392 31
2 2393 31
2 2394 31
2 2395 29
2 2396 29
2 2397 29
2 2398 29
2 2399 29
2 2400 29
2 2401 29
2 2402 30
2 2403 31
2 2404 31
2 2405 31
2 2406 30
2 2407 30
2 2408 29
2 2409 29
2 2410 29
2 2411 29
2 2412 30
2 2413 30
2 2414 31
2 2415 29
2 2416 29
2 2417 29
2 2418 29
2 2419 29
2 2420 29
2 2421 29
2 2422 29
2 2423 29
2 2424 29
2 2425 29
2 2426 29
2 2427 29
2 2428 29
2 2429 29
2 2430 29
2 2431 29
2 2432 29
2 2433 29
2 2434 31
2 2435 29
2 2436 29
2 2437 29
2 2438 29
2 2439 29
2 2440 29
2 2441 29
2 2442 29
2 2443 29
2 2444 29
2 2445 29
2 2446 29
2 2447 29
2 2448 29
2 2449 29
2 2450 29
2 2451 30
2 2452 29
2 2453 30
2 2454 31
2 2455 29
2 2456 29
2 2457 29
2 2458 29
2 2459 29
2 2460 29
2 2461 29
2 2462 29
2 2463 29
2 2464 29
2 2465 29
2 2466 30
2 2467 29
2 2468 29
2 2469 29
2 2470 29
2 2471 31
2 2472 30
2 2473 31
2 2474 31
2 2475 30
2 2476 29
2 2477 29
2 2478 29
2 2479 29
2 2480 29
2 2481 29
2 2482 29
2 2483 30
2 2484 30
2 2485 30
2 2486 31
2 2487 30
2 2488 29
2 2489 29
2 2490 29
2 2491 31
2 2492 29
2 2493 31
2 2494 31
2 2495 29
2 2496 30
2 2497 29
2 2498 29
2 2499 29
2 2500 29
2 2501 29
2 2502 29
2 2503 29
2 2504 29
2 2505 29
2 2506 29
2 2507 29
2 2508 29
2 2509 29
2 2510 29
2 2511 29
2 2512 30
2 2513 30
2 2514 31
2 2515 29
2 2516 29
2 2517 29
2 2518 29
2 2519 29
2 2520 29
2 2521 29
2 2522 29
2 2523 29
2 2524 29
2 2525 29
2 2526 29
2 2527 29
2 2528 29
2 2529 29
2 2530 29
2 2531 29
2 2532 29
2 2533 29
2 2534 29
2 2535 29
2 2536 29
2 2537 29
2 2538 29
2 2539 29
2 2540 29
2 2541 29
2 2542 29
2 2543 29
2 2544 29
2 2545 29
2 2546 29
2 2547 29
2 2548 29
2 2549 29
2 2550 29
2 2551 29
2 2552 29
2 2553 29
2 2554 30
2 2555 29
2 2556 29
2 2557 29
2 2558 29
2 2559 29
2 2560 29
2 2561 29
2 2562 30
2 2563 30
2 2564 30
2 2565 31
2 2566 31
2 2567 30
2 2568 29
2 2569 29
2 2570 29
2 2571 31
2 2572 29
2 2573 30
2 2574 31
2 2575 29
2 2576 30
2 2577 29
2 2578 29
2 2579 29
2 2580 29
2 2581 29
2 2582 29
2 2583 29
2 2584 29
2 2585 30
2 2586 30
2 2587 29
2 2588 29
2 2589 29
2 2590 29
2 2591 29
2 2592 30
2 2593 30
2 2594 30
2 2595 30
2 2596 30
2 2597 29
2 2598 29
2 2599 29
2 2600 29
2 2601 29
2 2602 29
2 2603 29
2 2604 29
2 2605 29
2 2606 29
2 2607 29
2 2608 29
2 2609 29
2 2610 29
2 2611 30
2 2612 29
2 2613 30
2 2614 31
2 2615 29
2 2616 29
2 2617 29
2 2618 29
2 2619 29
2 2620 29
2 2621 29
2 2622 29
2 2623 29
2 2624 29
2 2625 29
2 2626 29
2 2627 29
2 2628 29
2 2629 29
2 2630 29
2 2631 29
2 2632 29
2 2633 29
2 2634 29
2 2635 29
2 2636 29
2 2637 29
2 2638 29
2 2639 29
2 2640 29
2 2641 29
2 2642 29
2 2643 29
2 2644 29
2 2645 29
2 2646 29
2 2647 29
2 2648 29
2 2649 29
2 2650 29
2 2651 29
2 2652 29
2 2653 29
2 2654 31
2 2655 29
2 2656 29
2 2657 29
2 2658 29
2 2659 29
2 2660 29
2 2661 29
2 2662 29
2 2663 29
2 2664 29
2 2665 29
2 2666 29
2 2667 29
2 2668 29
2 2669 29
2 2670 29
2 2671 29
2 2672 30
2 2673 31
2 2674 31
2 2675 29
2 2676 29
2 2677 29
2 2678 29
2 2679 29
2 2680 29
2 2681 29
2 2682 29
2 2683 29
2 2684 30
2 2685 30
2 2686 29
2 2687 29
2 2688 29
2 2689 29
2 2690 29
2 2691 31
2 2692 31
2 2693 30
2 2694 31
2 2695 29
2 2696 29
2 2697 29
2 2698 29
2 2699 29
2 2700 29
2 2701 29
2 2702 29
2 2703 29
2 2704 29
2 2705 29
2 2706 29
2 2707 29
2 2708 29
2 2709 29
2 2710 29
2 2711 29
2 2712 29
2 2713 30
2 2714 30
2 2715 29
2 2716 29
2 2717 29
2 2718 29
2 2719 29
2 2720 29
2 2721 29
2 2722 29
2 2723 29
2 2724 29
2 2725 29
2 2726 29
2 2727 29
2 2728 29
2 2729 29
2 2730 29
2 2731 29
2 2732 29
2 2733 29
2 2734 29
2 2735 29
2 2736 29
2 2737 29
2 2738 29
2 2739 29
2 2740 29
2 2741 29
2 2742 29
2 2743 29
2 2744 29
2 2745 29
2 2746 29
2 2747 29
2 2748 29
2 2749 29
2 2750 29
2 2751 29
2 2752 29
2 2753 29
2 2754 31
2 2755 29
2 2756 29
2 2757 29
2 2758 29
2 2759 29
2 2760 29
2 2761 29
2 2762 29
2 2763 29
2 2764 29
2 2765 29
2 2766 29
2 2767 29
2 2768 29
2 2769 29
2 2770 29
2 2771 30
2 2772 30
2 2773 30
2 2774 31
2 2775 29
2 2776 29
2 2777 29
2 2778 29
2 2779 29
2 2780 29
2 2781 29
2 2782 29
2 2783 29
2 2784 29
2 2785 29
2 2786 29
2 2787 29
2 2788 29
2 2789 29
2 2790 29
2 2791 29
2 2792 30
2 2793 30
2 2794 31
2 2795 29
2 2796 29
2 2797 29
2 2798 29
2 2799 29
2 2800 29
2 2801 29
2 2802 29
2 2803 29
2 2804 29
2 2805 29
2 2806 29
2 2807 29
2 2808 29
2 2809 29
2 2810 29
2 2811 29
2 2812 29
2 2813 29
2 2814 29
2 2815 29
2 2816 29
2 2817 29
2 2818 29
2 2819 29
2 2820 29
2 2821 29
2 2822 29
2 2823 29
2 2824 29
2 2825 29
2 2826 29
2 2827 29
2 2828 29
2 2829 29
2 2830 29
2 2831 29
2 2832 29
2 2833 29
2 2834 29
2 2835 29
2 2836 29
2 2837 29
2 2838 29
2 2839 29
2 2840 29
2 2841 29
2 2842 29
2 2843 29
2 2844 29
2 2845 29
2 2846 29
2 2847 29
2 2848 29
2 2849 29
2 2850 29
2 2851 29
2 2852 29
2 2853 30
2 2854 29
2 2855 29
2 2856 29
2 2857 29
2 2858 29
2 2859 29
2 2860 29
2 2861 29
2 2862 29
2 2863 29
2 2864 29
2 2865 29
2 2866 29
2 2867 29
2 2868 29
2 2869 29
2 2870 29
2 2871 29
2 2872 29
2 2873 30
2 2874 31
2 2875 29
2 2876 29
2 2877 29
2 2878 29
2 2879 29
2 2880 29
2 2881 29
2 2882 29
2 2883 29
2 2884 29
2 2885 30
2 2886 29
2 2887 29
2 2888 29
2 2889 29
2 2890 29
2 2891 30
2 2892 29
2 2893 30
2 2894 31
2 2895 29
2 2896 29
2 2897 29
2 2898 29
2 2899 29
2 2900 29
2 2901 29
2 2902 29
2 2903 29
2 2904 29
2 2905 29
2 2906 29
2 2907 29
2 2908 29
2 2909 29
2 2910 29
2 2911 29
2 2912 29
2 2913 29
2 2914 30
2 2915 29
2 2916 29
2 2917 29
2 2918 29
2 2919 29
2 2920 29
2 2921 29
2 2922 29
2 2923 29
2 2924 29
2 2925 29
2 2926 29
2 2927 29
2 2928 29
2 2929 29
2 2930 29
2 2931 29
2 2932 29
2 2933 29
2 2934 29
2 2935 29
2 2936 29
2 2937 29
2 2938 29
2 2939 29
2 2940 29
2 2941 29
2 2942 29
2 2943 29
2 2944 29
2 2945 29
2 2946 29
2 2947 29
2 2948 29
2 2949 29
2 2950 29
2 2951 29
2 2952 29
2 2953 30
2 2954 30
2 2955 29
2 2956 29
2 2957 29
2 2958 29
2 2959 29
2 2960 29
2 2961 29
2 2962 29
2 2963 29
2 2964 29
2 2965 29
2 2966 29
2 2967 29
2 2968 29
2 2969 29
2 2970 29
2 2971 30
2 2972 29
2 2973 30
2 2974 31
2 2975 29
2 2976 29
2 2977 29
2 2978 29
2 2979 29
2 2980 29
2 2981 29
2 2982 29
2 2983 29
2 2984 29
2 2985 29
2 2986 29
2 2987 29
2 2988 29
2 2989 29
2 2990 29
2 2991 29
2 2992 29
2 2993 30
2 2994 30
2 2995 29
2 2996 29
2 2997 29
2 2998 29
2 2999 29
2 3000 29
2 3001 29
2 3002 29
2 3003 29
2 3004 29
2 3005 29
2 3006 29
2 3007 29
2 3008 29
2 3009 29
2 3010 29
2 3011 29
2 3012 29
2 3013 29
2 3014 29
2 3015 29
2 3016 29
2 3017 29
2 3018 29
2 3019 29
2 3020 29
2 3021 29
2 3022 29
2 3023 29
2 3024 29
2 3025 29
2 3026 29
2 3027 29
2 3028 29
2 3029 29
2 3030 29
2 3031 29
2 3032 29
2 3033 29
2 3034 29
2 3035 29
2 3036 29
2 3037 29
2 3038 29
2 3039 29
2 3040 29
2 3041 29
2 3042 29
2 3043 29
2 3044 29
2 3045 29
2 3046 29
2 3047 29
2 3048 29
2 3049 29
2 3050 29
2 3051 29
2 3052 29
2 3053 29
2 3054 30
2 3055 29
2 3056 29
2 3057 29
2 3058 29
2 3059 29
2 3060 29
2 3061 29
2 3062 29
2 3063 29
2 3064 29
2 3065 29
2 3066 29
2 3067 29
2 3068 29
2 3069 29
2 3070 29
2 3071 29
2 3072 30
2 3073 30
2 3074 31
2 3075 29
2 3076 29
2 3077 29
2 3078 29
2 3079 29
2 3080 29
2 3081 29
2 3082 29
2 3083 29
2 3084 29
2 3085 29
2 3086 29
2 3087 29
2 3088 29
2 3089 29
2 3090 29
2 3091 29
2 3092 29
2 3093 29
2 3094 30
2 3095 29
2 3096 29
2 3097 29
2 3098 29
2 3099 29
2 3100 29
2 3101 29
2 3102 29
2 3103 29
2 3104 29
2 3105 29
2 3106 29
2 3107 29
2 3108 29
2 3109 29
2 3110 29
2 3111 29
2 3112 29
2 3113 29
2 3114 29
2 3115 29
2 3116 29
2 3117 29
2 3118 29
2 3119 29
2 3120 29
2 3121 29
2 3122 29
2 3123 29
2 3124 29
2 3125 29
2 3126 29
2 3127 29
2 3128 29
2 3129 29
2 3130 29
2 3131 29
2 3132 29
2 3133 29
2 3134 29
2 3135 29
2 3136 29
2 3137 29
2 3138 29
2 3139 29
2 3140 29
2 3141 29
2 3142 29
2 3143 29
2 3144 29
2 3145 29
2 3146 29
2 3147 29
2 3148 29
2 3149 29
2 3150 29
2 3151 29
2 3152 29
2 3153 29
2 3154 29
2 3155 29
2 3156 29
2 3157 29
2 3158 29
2 3159 29
2 3160 29
2 3161 29
2 3162 29
2 3163 29
2 3164 29
2 3165 29
2 3166 29
2 3167 29
2 3168 29
2 3169 29
2 3170 29
2 3171 30
2 3172 29
2 3173 30
2 3174 31
2 3175 29
2 3176 29
2 3177 29
2 3178 29
2 3179 29
2 3180 29
2 3181 29
2 3182 29
2 3183 29
2 3184 29
2 3185 29
2 3186 29
2 3187 29
2 3188 29
2 3189 29
2 3190 29
2 3191 29
2 3192 29
2 3193 29
2 3194 29
2 3195 29
2 3196 29
2 3197 29
2 3198 29
2 3199 29
2 3200 29
2 3201 29
2 3202 29
2 3203 29
2 3204 29
2 3205 29
2 3206 29
2 3207 29
2 3208 29
2 3209 29
2 3210 29
2 3211 29
2 3212 29
2 3213 29
2 3214 29
2 3215 29
2 3216 29
2 3217 30
2 3218 29
2 3219 29
2 3220 29
2 3221 29
2 3222 29
2 3223 29
2 3224 29
2 3225 29
2 3226 29
2 3227 29
2 3228 29
2 3229 29
2 3230 29
2 3231 29
2 3232 29
2 3233 29
2 3234 29
2 3235 29
2 3236 29
2 3237 29
2 3238 29
2 3239 29
2 3240 29
2 3241 29
2 3242 29
2 3243 29
2 3244 29
2 3245 29
2 3246 29
2 3247 29
2 3248 29
2 3249 29
2 3250 29
2 3251 29
2 3252 29
2 3253 29
2 3254 30
2 3255 29
2 3256 29
2 3257 29
2 3258 29
2 3259 29
2 3260 29
2 3261 29
2 3262 29
2 3263 29
2 3264 29
2 3265 29
2 3266 29
2 3267 29
2 3268 29
2 3269 29
2 3270 29
2 3271 29
2 3272 29
2 3273 29
2 3274 30
2 3275 29
2 3276 29
2 3277 29
2 3278 29
2 3279 29
2 3280 29
2 3281 29
2 3282 29
2 3283 29
2 3284 29
2 3285 29
2 3286 29
2 3287 29
2 3288 29
2 3289 29
2 3290 29
2 3291 29
2 3292 29
2 3293 29
2 3294 29
2 3295 29
2 3296 29
2 3297 29
2 3298 29
2 3299 29
2 3300 29
2 3301 29
2 3302 29
2 3303 29
2 3304 29
2 3305 29
2 3306 29
2 3307 29
2 3308 29
2 3309 29
2 3310 29
2 3311 29
2 3312 29
2 3313 29
2 3314 29
2 3315 29
2 3316 29
2 3317 29
2 3318 29
2 3319 30
2 3320 29
2 3321 29
2 3322 29
2 3323 29
2 3324 29
2 3325 29
2 3326 29
2 3327 29
2 3328 29
2 3329 29
2 3330 29
2 3331 29
2 3332 29
2 3333 29
2 3334 29
2 3335 29
2 3336 29
2 3337 29
2 3338 29
2 3339 29
2 3340 29
2 3341 29
2 3342 29
2 3343 29
2 3344 29
2 3345 29
2 3346 29
2 3347 29
2 3348 29
2 3349 29
2 3350 29
2 3351 29
2 3352 29
2 3353 29
2 3354 29
2 3355 29
2 3356 29
2 3357 29
2 3358 29
2 3359 29
2 3360 29
2 3361 29
2 3362 29
2 3363 29
2 3364 29
2 3365 29
2 3366 29
2 3367 29
2 3368 29
2 3369 29
2 3370 29
2 3371 29
2 3372 29
2 3373 29
2 3374 31
2 3375 29
2 3376 29
2 3377 29
2 3378 29
2 3379 29
2 3380 29
2 3381 29
2 3382 29
2 3383 29
2 3384 29
2 3385 29
2 3386 29
2 3387 29
2 3388 29
2 3389 29
2 3390 29
2 3391 29
2 3392 29
2 3393 29
2 3394 29
2 3395 29
2 3396 29
2 3397 29
2 3398 29
2 3399 29
2 3400 29
2 3401 29
2 3402 29
2 3403 29
2 3404 29
2 3405 29
2 3406 29
2 3407 29
2 3408 29
2 3409 29
2 3410 29
2 3411 29
2 3412 29
2 3413 29
2 3414 29
2 3415 29
2 3416 29
2 3417 30
2 3418 29
2 3419 29
2 3420 29
2 3421 29
2 3422 29
2 3423 29
2 3424 29
2 3425 29
2 3426 29
2 3427 29
2 3428 29
2 3429 29
2 3430 29
2 3431 29
2 3432 29
2 3433 29
2 3434 29
2 3435 29
2 3436 29
2 3437 29
2 3438 29
2 3439 29
2 3440 29
2 3441 29
2 3442 29
2 3443 29
2 3444 29
2 3445 29
2 3446 29
2 3447 29
2 3448 29
2 3449 29
2 3450 29
2 3451 29
2 3452 29
2 3453 29
