0 0 25
0 1 25
0 2 25
0 3 25
0 4 25
0 5 25
0 6 25
0 7 25
0 8 25
0 9 25
0 10 25
0 11 24
0 12 24
0 13 25
0 14 26
0 15 26
0 16 26
0 17 26
0 18 25
0 19 24
0 20 24
0 21 24
0 22 24
0 23 25
0 24 25
0 25 25
0 26 25
0 27 25
0 28 25
0 29 25
0 30 25
0 31 25
0 32 24
0 33 25
0 34 25
0 35 25
0 36 26
0 37 25
0 38 26
0 39 26
0 40 25
0 41 24
0 42 24
0 43 24
0 44 25
0 45 25
0 46 25
0 47 25
0 48 25
0 49 26
0 50 27
0 51 27
0 52 26
0 53 25
0 54 25
0 55 25
0 56 25
0 57 25
0 58 25
0 59 26
0 60 25
0 61 25
0 62 25
0 63 25
0 64 25
0 65 25
0 66 24
0 67 26
0 68 26
0 69 26
0 70 27
0 71 27
0 72 26
0 73 25
0 74 25
0 75 25
0 76 25
0 77 25
0 78 25
0 79 27
0 80 26
0 81 26
0 82 25
0 83 25
0 84 25
0 85 25
0 86 25
0 87 25
0 88 25
0 89 25
0 90 26
0 91 25
0 92 25
0 93 25
0 94 25
0 95 25
0 96 25
0 97 25
0 98 25
0 99 26
0 100 25
0 101 25
0 102 25
0 103 24
0 104 24
0 105 25
0 106 25
0 107 25
0 108 25
0 109 25
0 110 25
0 111 25
0 112 25
0 113 25
0 114 25
0 115 24
0 116 25
0 117 25
0 118 26
0 119 26
0 120 24
0 121 24
0 122 24
0 123 24
0 124 24
0 125 24
0 126 25
0 127 25
0 128 25
0 129 25
0 130 25
0 131 27
0 132 25
0 133 25
0 134 25
0 135 25
0 136 25
0 137 25
0 138 25
0 139 26
0 140 25
0 141 25
0 142 25
0 143 25
0 144 25
0 145 25
0 146 25
0 147 25
0 148 25
0 149 26
0 150 25
0 151 25
0 152 25
0 153 25
0 154 25
0 155 25
0 156 24
0 157 25
0 158 26
0 159 27
0 160 26
0 161 26
0 162 25
0 163 25
0 164 25
0 165 25
0 166 25
0 167 25
0 168 25
0 169 25
0 170 27
0 171 25
0 172 26
0 173 26
0 174 25
0 175 25
0 176 24
0 177 26
0 178 25
0 179 26
0 180 27
0 181 26
0 182 25
0 183 25
0 184 25
0 185 25
0 186 25
0 187 25
0 188 25
0 189 26
0 190 25
0 191 25
0 192 25
0 193 25
0 194 25
0 195 25
0 196 25
0 197 25
0 198 26
0 199 26
0 200 25
0 201 25
0 202 25
0 203 24
0 204 24
0 205 25
0 206 25
0 207 25
0 208 25
0 209 25
0 210 25
0 211 25
0 212 25
0 213 25
0 214 25
0 215 24
0 216 25
0 217 25
0 218 26
0 219 25
0 220 24
0 221 25
0 222 24
0 223 24
0 224 24
0 225 25
0 226 25
0 227 25
0 228 25
0 229 25
0 230 25
0 231 25
0 232 25
0 233 25
0 234 25
0 235 25
0 236 25
0 237 25
0 238 26
0 239 26
0 240 25
0 241 25
0 242 25
0 243 25
0 244 25
0 245 25
0 246 25
0 247 25
0 248 25
0 249 25
0 250 25
0 251 25
0 252 25
0 253 25
0 254 25
0 255 25
0 256 24
0 257 25
0 258 26
0 259 27
0 260 26
0 261 26
0 262 25
0 263 25
0 264 25
0 265 25
0 266 25
0 267 25
0 268 25
0 269 27
0 270 27
0 271 27
0 272 26
0 273 26
0 274 25
0 275 25
0 276 26
0 277 25
0 278 26
0 279 25
0 280 25
0 281 26
0 282 25
0 283 25
0 284 25
0 285 25
0 286 25
0 287 25
0 288 25
0 289 26
0 290 26
0 291 27
0 292 27
0 293 26
0 294 25
0 295 25
0 296 25
0 297 25
0 298 26
0 299 26
0 300 25
0 301 25
0 302 25
0 303 25
0 304 25
0 305 25
0 306 25
0 307 25
0 308 25
0 309 25
0 310 25
0 311 25
0 312 25
0 313 25
0 314 25
0 315 25
0 316 24
0 317 25
0 318 26
0 319 25
0 320 24
0 321 25
0 322 25
0 323 25
0 324 25
0 325 25
0 326 25
0 327 25
0 328 25
0 329 25
0 330 25
0 331 25
0 332 25
0 333 25
0 334 25
0 335 25
0 336 25
0 337 25
0 338 25
0 339 26
0 340 26
0 341 26
0 342 25
0 343 25
0 344 25
0 345 25
0 346 25
0 347 25
0 348 25
0 349 26
0 350 26
0 351 26
0 352 25
0 353 26
0 354 25
0 355 25
0 356 25
0 357 27
0 358 25
0 359 27
0 360 26
0 361 26
0 362 25
0 363 25
0 364 25
0 365 25
0 366 25
0 367 25
0 368 25
0 369 26
0 370 26
0 371 27
0 372 26
0 373 26
0 374 25
0 375 25
0 376 25
0 377 26
0 378 25
0 379 26
0 380 25
0 381 25
0 382 25
0 383 25
0 384 25
0 385 25
0 386 24
0 387 26
0 388 27
0 389 27
0 390 27
0 391 27
0 392 25
0 393 25
0 394 25
0 395 25
0 396 25
0 397 25
0 398 25
0 399 26
0 400 24
0 401 25
0 402 25
0 403 25
0 404 25
0 405 25
0 406 25
0 407 25
0 408 25
0 409 25
0 410 25
0 411 25
0 412 25
0 413 25
0 414 25
0 415 24
0 416 25
0 417 25
0 418 25
0 419 26
0 420 25
0 421 25
0 422 25
0 423 24
0 424 24
0 425 25
0 426 25
0 427 25
0 428 25
0 429 25
0 430 25
0 431 25
0 432 25
0 433 25
0 434 25
0 435 25
0 436 25
0 437 25
0 438 25
0 439 26
0 440 25
0 441 25
0 442 25
0 443 25
0 444 25
0 445 25
0 446 25
0 447 25
0 448 25
0 449 26
0 450 26
0 451 26
0 452 26
0 453 26
0 454 25
0 455 25
0 456 24
0 457 26
0 458 25
0 459 26
0 460 27
0 461 26
0 462 25
0 463 25
0 464 25
0 465 25
0 466 25
0 467 25
0 468 26
0 469 26
0 470 27
0 471 27
0 472 25
0 473 25
0 474 25
0 475 25
0 476 26
0 477 25
0 478 26
0 479 26
0 480 25
0 481 26
0 482 25
0 483 25
0 484 25
0 485 25
0 486 25
0 487 25
0 488 25
0 489 25
0 490 26
0 491 26
0 492 25
0 493 25
0 494 25
0 495 25
0 496 25
0 497 25
0 498 25
0 499 26
0 500 24
0 501 25
0 502 25
0 503 25
0 504 26
0 505 26
0 506 27
0 507 26
0 508 26
0 509 26
0 510 27
0 511 26
0 512 26
0 513 25
0 514 26
0 515 26
0 516 26
0 517 26
0 518 26
0 519 26
0 520 26
0 521 27
0 522 26
0 523 26
0 524 26
0 525 27
0 526 27
0 527 26
0 528 26
0 529 26
0 530 26
0 531 26
0 532 26
0 533 26
0 534 26
0 535 27
0 536 26
0 537 26
0 538 26
0 539 26
0 540 27
0 541 27
0 542 26
0 543 26
0 544 26
0 545 27
0 546 26
0 547 26
0 548 26
0 549 26
0 550 26
0 551 26
0 552 26
0 553 26
0 554 26
0 555 27
0 556 26
0 557 26
0 558 26
0 559 26
0 560 26
0 561 27
0 562 26
0 563 26
0 564 27
0 565 26
0 566 26
0 567 26
0 568 26
0 569 26
0 570 26
0 571 26
0 572 26
0 573 26
0 574 26
0 575 26
0 576 26
0 577 26
0 578 27
0 579 27
0 580 26
0 581 27
0 582 27
0 583 27
0 584 27
0 585 27
0 586 26
0 587 26
0 588 26
0 589 26
0 590 26
0 591 26
0 592 26
0 593 26
0 594 26
0 595 27
0 596 26
0 597 26
0 598 26
0 599 26
0 600 27
0 601 27
0 602 26
0 603 25
0 604 26
0 605 26
0 606 26
0 607 26
0 608 27
0 609 26
0 610 26
0 611 26
0 612 27
0 613 27
0 614 27
0 615 26
0 616 27
0 617 26
0 618 26
0 619 26
0 620 26
0 621 27
0 622 25
0 623 25
0 624 26
0 625 26
0 626 26
0 627 26
0 628 26
0 629 26
0 630 26
0 631 26
0 632 26
0 633 27
0 634 26
0 635 27
0 636 26
0 637 26
0 638 26
0 639 26
0 640 26
0 641 27
0 642 26
0 643 26
0 644 26
0 645 26
0 646 26
0 647 26
0 648 26
0 649 26
0 650 26
0 651 26
0 652 26
0 653 26
0 654 26
0 655 26
0 656 26
0 657 26
0 658 26
0 659 27
0 660 26
0 661 27
0 662 26
0 663 27
0 664 27
0 665 27
0 666 26
0 667 26
0 668 26
0 669 26
0 670 26
0 671 26
0 672 26
0 673 26
0 674 26
0 675 26
0 676 26
0 677 26
0 678 26
0 679 27
0 680 26
0 681 27
0 682 26
0 683 26
0 684 27
0 685 27
0 686 26
0 687 26
0 688 26
0 689 26
0 690 26
0 691 26
0 692 26
0 693 26
0 694 26
0 695 27
0 696 26
0 697 26
0 698 26
0 699 26
0 700 26
0 701 27
0 702 25
0 703 25
0 704 26
0 705 26
0 706 26
0 707 26
0 708 26
0 709 26
0 710 26
0 711 26
0 712 27
0 713 27
0 714 27
0 715 27
0 716 26
0 717 26
0 718 26
0 719 26
0 720 26
0 721 27
0 722 26
0 723 26
0 724 27
0 725 27
0 726 26
0 727 26
0 728 26
0 729 26
0 730 26
0 731 26
0 732 26
0 733 26
0 734 26
0 735 27
0 736 26
0 737 26
0 738 26
0 739 27
0 740 26
0 741 27
0 742 26
0 743 27
0 744 27
0 745 26
0 746 26
0 747 26
0 748 26
0 749 26
0 750 26
0 751 26
0 752 26
0 753 26
0 754 26
0 755 26
0 756 26
0 757 26
0 758 27
0 759 27
0 760 26
0 761 27
0 762 26
0 763 26
0 764 26
0 765 26
0 766 26
0 767 26
0 768 26
0 769 26
0 770 26
0 771 26
0 772 26
0 773 26
0 774 26
0 775 26
0 776 26
0 777 26
0 778 26
0 779 27
0 780 26
0 781 27
0 782 26
0 783 27
0 784 27
0 785 27
0 786 26
0 787 26
0 788 26
0 789 26
0 790 26
0 791 26
0 792 26
0 793 26
0 794 26
0 795 27
0 796 26
0 797 26
0 798 26
0 799 26
0 800 25
0 801 27
0 802 26
0 803 26
0 804 27
0 805 27
0 806 26
0 807 26
0 808 26
0 809 26
0 810 26
0 811 26
0 812 26
0 813 27
0 814 26
0 815 27
0 816 26
0 817 26
0 818 26
0 819 26
0 820 26
0 821 27
0 822 27
0 823 26
0 824 26
0 825 27
0 826 26
0 827 26
0 828 26
0 829 26
0 830 26
0 831 26
0 832 26
0 833 26
0 834 26
0 835 26
0 836 27
0 837 26
0 838 28
0 839 27
0 840 26
0 841 26
0 842 26
0 843 26
0 844 26
0 845 26
0 846 26
0 847 26
0 848 26
0 849 26
0 850 26
0 851 27
0 852 26
0 853 26
0 854 26
0 855 26
0 856 26
0 857 26
0 858 28
0 859 27
0 860 26
0 861 26
0 862 26
0 863 26
0 864 26
0 865 26
0 866 26
0 867 26
0 868 26
0 869 27
0 870 26
0 871 26
0 872 26
0 873 26
0 874 26
0 875 26
0 876 26
0 877 26
0 878 28
0 879 27
0 880 26
0 881 26
0 882 26
0 883 26
0 884 26
0 885 26
0 886 26
0 887 26
0 888 26
0 889 26
0 890 26
0 891 26
0 892 26
0 893 26
0 894 26
0 895 26
0 896 26
0 897 26
0 898 27
0 899 27
0 900 26
0 901 26
0 902 26
0 903 27
0 904 27
0 905 26
0 906 26
0 907 26
0 908 26
0 909 26
0 910 26
0 911 26
0 912 26
0 913 26
0 914 26
0 915 26
0 916 26
0 917 26
0 918 26
0 919 27
0 920 26
0 921 27
0 922 26
0 923 26
0 924 26
0 925 26
0 926 26
0 927 26
0 928 26
0 929 26
0 930 26
0 931 26
0 932 26
0 933 26
0 934 26
0 935 26
0 936 26
0 937 26
0 938 28
0 939 27
0 940 26
0 941 26
0 942 26
0 943 26
0 944 26
0 945 26
0 946 26
0 947 26
0 948 26
0 949 27
0 950 27
0 951 27
0 952 26
0 953 26
0 954 26
0 955 26
0 956 26
0 957 26
0 958 28
0 959 27
0 960 26
0 961 27
0 962 26
0 963 26
0 964 26
0 965 26
0 966 26
0 967 26
0 968 26
0 969 26
0 970 27
0 971 27
0 972 26
0 973 26
0 974 26
0 975 26
0 976 26
0 977 26
0 978 28
0 979 27
0 980 26
0 981 26
0 982 26
0 983 26
0 984 26
0 985 26
0 986 26
0 987 26
0 988 26
0 989 26
0 990 26
0 991 26
0 992 26
0 993 26
0 994 26
0 995 26
0 996 26
0 997 26
0 998 26
0 999 27
0 1000 26
0 1001 27
0 1002 25
0 1003 27
0 1004 25
0 1005 26
0 1006 26
0 1007 26
0 1008 28
0 1009 28
0 1010 27
0 1011 28
0 1012 28
0 1013 28
0 1014 28
0 1015 28
0 1016 27
0 1017 27
0 1018 26
0 1019 27
0 1020 27
0 1021 29
0 1022 28
0 1023 28
0 1024 28
0 1025 28
0 1026 27
0 1027 26
0 1028 27
0 1029 27
0 1030 27
0 1031 28
0 1032 27
0 1033 27
0 1034 27
0 1035 28
0 1036 26
0 1037 26
0 1038 26
0 1039 26
0 1040 28
0 1041 29
0 1042 28
0 1043 28
0 1044 28
0 1045 28
0 1046 27
0 1047 26
0 1048 27
0 1049 27
0 1050 27
0 1051 27
0 1052 27
0 1053 27
0 1054 28
0 1055 28
0 1056 27
0 1057 27
0 1058 26
0 1059 26
0 1060 28
0 1061 28
0 1062 28
0 1063 28
0 1064 28
0 1065 28
0 1066 27
0 1067 27
0 1068 26
0 1069 27
0 1070 27
0 1071 27
0 1072 27
0 1073 28
0 1074 27
0 1075 28
0 1076 27
0 1077 28
0 1078 26
0 1079 28
0 1080 28
0 1081 28
0 1082 28
0 1083 28
0 1084 28
0 1085 28
0 1086 27
0 1087 28
0 1088 27
0 1089 27
0 1090 27
0 1091 27
0 1092 28
0 1093 28
0 1094 28
0 1095 28
0 1096 27
0 1097 27
0 1098 26
0 1099 27
0 1100 28
0 1101 28
0 1102 28
0 1103 28
0 1104 28
0 1105 28
0 1106 27
0 1107 28
0 1108 26
0 1109 27
0 1110 27
0 1111 28
0 1112 27
0 1113 28
0 1114 27
0 1115 28
0 1116 27
0 1117 26
0 1118 26
0 1119 27
0 1120 27
0 1121 29
0 1122 27
0 1123 28
0 1124 28
0 1125 28
0 1126 27
0 1127 27
0 1128 27
0 1129 27
0 1130 27
0 1131 27
0 1132 27
0 1133 27
0 1134 26
0 1135 28
0 1136 27
0 1137 27
0 1138 26
0 1139 26
0 1140 28
0 1141 27
0 1142 28
0 1143 28
0 1144 28
0 1145 28
0 1146 27
0 1147 27
0 1148 27
0 1149 27
0 1150 27
0 1151 27
0 1152 27
0 1153 27
0 1154 27
0 1155 27
0 1156 26
0 1157 26
0 1158 26
0 1159 26
0 1160 28
0 1161 27
0 1162 27
0 1163 28
0 1164 27
0 1165 27
0 1166 27
0 1167 27
0 1168 27
0 1169 27
0 1170 26
0 1171 27
0 1172 27
0 1173 27
0 1174 26
0 1175 28
0 1176 27
0 1177 27
0 1178 26
0 1179 26
0 1180 28
0 1181 28
0 1182 28
0 1183 28
0 1184 28
0 1185 28
0 1186 27
0 1187 27
0 1188 27
0 1189 27
0 1190 26
0 1191 27
0 1192 27
0 1193 27
0 1194 26
0 1195 28
0 1196 27
0 1197 27
0 1198 26
0 1199 27
0 1200 28
0 1201 28
0 1202 28
0 1203 28
0 1204 28
0 1205 28
0 1206 27
0 1207 27
0 1208 26
0 1209 27
0 1210 27
0 1211 27
0 1212 27
0 1213 28
0 1214 28
0 1215 28
0 1216 27
0 1217 27
0 1218 26
0 1219 26
0 1220 28
0 1221 28
0 1222 28
0 1223 28
0 1224 28
0 1225 27
0 1226 26
0 1227 27
0 1228 27
0 1229 26
0 1230 26
0 1231 26
0 1232 27
0 1233 27
0 1234 27
0 1235 28
0 1236 26
0 1237 26
0 1238 26
0 1239 26
0 1240 28
0 1241 27
0 1242 28
0 1243 27
0 1244 27
0 1245 27
0 1246 27
0 1247 27
0 1248 27
0 1249 26
0 1250 26
0 1251 26
0 1252 26
0 1253 27
0 1254 27
0 1255 28
0 1256 26
0 1257 26
0 1258 26
0 1259 26
0 1260 27
0 1261 27
0 1262 27
0 1263 28
0 1264 27
0 1265 27
0 1266 26
0 1267 26
0 1268 26
0 1269 26
0 1270 26
0 1271 26
0 1272 27
0 1273 27
0 1274 27
0 1275 28
0 1276 26
0 1277 26
0 1278 26
0 1279 26
0 1280 28
0 1281 27
0 1282 28
0 1283 27
0 1284 27
0 1285 27
0 1286 27
0 1287 27
0 1288 27
0 1289 27
0 1290 27
0 1291 27
0 1292 27
0 1293 27
0 1294 27
0 1295 28
0 1296 27
0 1297 26
0 1298 26
0 1299 26
0 1300 28
0 1301 29
0 1302 28
0 1303 28
0 1304 28
0 1305 28
0 1306 27
0 1307 26
0 1308 27
0 1309 27
0 1310 27
0 1311 27
0 1312 27
0 1313 27
0 1314 27
0 1315 28
0 1316 27
0 1317 26
0 1318 26
0 1319 26
0 1320 28
0 1321 27
0 1322 28
0 1323 27
0 1324 26
0 1325 27
0 1326 27
0 1327 27
0 1328 26
0 1329 26
0 1330 26
0 1331 26
0 1332 27
0 1333 27
0 1334 27
0 1335 27
0 1336 26
0 1337 26
0 1338 26
0 1339 26
0 1340 27
0 1341 27
0 1342 27
0 1343 27
0 1344 27
0 1345 27
0 1346 26
0 1347 26
0 1348 26
0 1349 26
0 1350 26
0 1351 26
0 1352 26
0 1353 26
0 1354 26
0 1355 27
0 1356 26
0 1357 26
0 1358 26
0 1359 26
0 1360 27
0 1361 27
0 1362 27
0 1363 27
0 1364 27
0 1365 27
0 1366 27
0 1367 26
0 1368 26
0 1369 26
0 1370 26
0 1371 26
0 1372 27
0 1373 27
0 1374 27
0 1375 27
0 1376 26
0 1377 26
0 1378 26
0 1379 26
0 1380 28
0 1381 27
0 1382 27
0 1383 28
0 1384 27
0 1385 27
0 1386 27
0 1387 27
0 1388 27
0 1389 26
0 1390 26
0 1391 26
0 1392 27
0 1393 27
0 1394 27
0 1395 28
0 1396 26
0 1397 26
0 1398 26
0 1399 26
0 1400 28
0 1401 27
0 1402 27
0 1403 28
0 1404 27
0 1405 27
0 1406 27
0 1407 27
0 1408 27
0 1409 26
0 1410 26
0 1411 26
0 1412 26
0 1413 27
0 1414 27
0 1415 27
0 1416 26
0 1417 26
0 1418 26
0 1419 26
0 1420 27
0 1421 27
0 1422 27
0 1423 27
0 1424 27
0 1425 27
0 1426 26
0 1427 26
0 1428 26
0 1429 26
0 1430 26
0 1431 26
0 1432 26
0 1433 26
0 1434 26
0 1435 26
0 1436 26
0 1437 26
0 1438 26
0 1439 26
0 1440 26
0 1441 27
0 1442 26
0 1443 26
0 1444 26
0 1445 26
0 1446 26
0 1447 26
0 1448 26
0 1449 26
0 1450 26
0 1451 26
0 1452 26
0 1453 26
0 1454 26
0 1455 27
0 1456 26
0 1457 26
0 1458 26
0 1459 26
0 1460 26
0 1461 27
0 1462 27
0 1463 27
0 1464 27
0 1465 27
0 1466 26
0 1467 26
0 1468 26
0 1469 26
0 1470 26
0 1471 26
0 1472 26
0 1473 27
0 1474 26
0 1475 26
0 1476 26
0 1477 26
0 1478 26
0 1479 26
0 1480 28
0 1481 27
0 1482 27
0 1483 27
0 1484 27
0 1485 27
0 1486 27
0 1487 26
0 1488 26
0 1489 26
0 1490 26
0 1491 26
0 1492 27
0 1493 27
0 1494 27
0 1495 28
0 1496 27
0 1497 26
0 1498 26
0 1499 26
0 1500 28
0 1501 27
0 1502 26
0 1503 27
0 1504 26
0 1505 26
0 1506 26
0 1507 26
0 1508 26
0 1509 26
0 1510 26
0 1511 27
0 1512 27
0 1513 26
0 1514 27
0 1515 27
0 1516 26
0 1517 26
0 1518 26
0 1519 26
0 1520 26
0 1521 26
0 1522 27
0 1523 26
0 1524 26
0 1525 26
0 1526 26
0 1527 26
0 1528 26
0 1529 26
0 1530 26
0 1531 26
0 1532 26
0 1533 26
0 1534 26
0 1535 26
0 1536 26
0 1537 26
0 1538 27
0 1539 26
0 1540 26
0 1541 26
0 1542 27
0 1543 27
0 1544 27
0 1545 27
0 1546 26
0 1547 26
0 1548 26
0 1549 26
0 1550 26
0 1551 26
0 1552 26
0 1553 26
0 1554 26
0 1555 26
0 1556 26
0 1557 26
0 1558 26
0 1559 26
0 1560 26
0 1561 26
0 1562 27
0 1563 26
0 1564 27
0 1565 27
0 1566 26
0 1567 26
0 1568 26
0 1569 26
0 1570 26
0 1571 26
0 1572 26
0 1573 26
0 1574 26
0 1575 27
0 1576 26
0 1577 26
0 1578 26
0 1579 26
0 1580 26
0 1581 27
0 1582 27
0 1583 27
0 1584 27
0 1585 27
0 1586 27
0 1587 26
0 1588 26
0 1589 26
0 1590 26
0 1591 26
0 1592 26
0 1593 27
0 1594 27
0 1595 27
0 1596 26
0 1597 27
0 1598 26
0 1599 26
0 1600 27
0 1601 26
0 1602 27
0 1603 27
0 1604 27
0 1605 27
0 1606 27
0 1607 26
0 1608 26
0 1609 26
0 1610 26
0 1611 26
0 1612 26
0 1613 26
0 1614 26
0 1615 26
0 1616 26
0 1617 26
0 1618 26
0 1619 26
0 1620 26
0 1621 26
0 1622 27
0 1623 26
0 1624 26
0 1625 26
0 1626 26
0 1627 26
0 1628 26
0 1629 26
0 1630 26
0 1631 26
0 1632 26
0 1633 26
0 1634 26
0 1635 26
0 1636 26
0 1637 26
0 1638 26
0 1639 26
0 1640 26
0 1641 26
0 1642 26
0 1643 26
0 1644 26
0 1645 26
0 1646 26
0 1647 26
0 1648 26
0 1649 26
0 1650 26
0 1651 26
0 1652 26
0 1653 26
0 1654 26
0 1655 26
0 1656 26
0 1657 26
0 1658 26
0 1659 26
0 1660 26
0 1661 26
0 1662 27
0 1663 26
0 1664 27
0 1665 26
0 1666 26
0 1667 26
0 1668 26
0 1669 26
0 1670 26
0 1671 26
0 1672 26
0 1673 26
0 1674 26
0 1675 26
0 1676 26
0 1677 26
0 1678 26
0 1679 26
0 1680 26
0 1681 26
0 1682 27
0 1683 27
0 1684 27
0 1685 27
0 1686 26
0 1687 26
0 1688 26
0 1689 26
0 1690 26
0 1691 26
0 1692 26
0 1693 26
0 1694 26
0 1695 27
0 1696 26
0 1697 26
0 1698 26
0 1699 26
0 1700 26
0 1701 26
0 1702 27
0 1703 27
0 1704 27
0 1705 27
0 1706 27
0 1707 26
0 1708 26
0 1709 26
0 1710 26
0 1711 26
0 1712 26
0 1713 26
0 1714 26
0 1715 26
0 1716 26
0 1717 26
0 1718 26
0 1719 26
0 1720 26
0 1721 26
0 1722 26
0 1723 26
0 1724 26
0 1725 26
0 1726 26
0 1727 26
0 1728 26
0 1729 26
0 1730 26
0 1731 26
0 1732 26
0 1733 26
0 1734 26
0 1735 26
0 1736 26
0 1737 26
0 1738 27
0 1739 27
0 1740 26
0 1741 26
0 1742 26
0 1743 26
0 1744 26
0 1745 26
0 1746 26
0 1747 26
0 1748 26
0 1749 26
0 1750 26
0 1751 26
0 1752 26
0 1753 26
0 1754 26
0 1755 26
0 1756 26
0 1757 27
0 1758 26
0 1759 27
0 1760 26
0 1761 26
0 1762 26
0 1763 26
0 1764 26
0 1765 26
0 1766 26
0 1767 26
0 1768 26
0 1769 26
0 1770 26
0 1771 26
0 1772 26
0 1773 26
0 1774 26
0 1775 26
0 1776 26
0 1777 26
0 1778 26
0 1779 26
0 1780 26
0 1781 26
0 1782 26
0 1783 26
0 1784 27
0 1785 26
0 1786 26
0 1787 26
0 1788 26
0 1789 26
0 1790 26
0 1791 26
0 1792 26
0 1793 26
0 1794 26
0 1795 26
0 1796 26
0 1797 26
0 1798 26
0 1799 26
0 1800 26
0 1801 26
0 1802 26
0 1803 26
0 1804 26
0 1805 26
0 1806 26
0 1807 26
0 1808 26
0 1809 26
0 1810 26
0 1811 26
0 1812 26
0 1813 26
0 1814 26
0 1815 26
0 1816 26
0 1817 26
0 1818 27
0 1819 26
0 1820 26
0 1821 26
0 1822 26
0 1823 26
0 1824 26
0 1825 26
0 1826 26
0 1827 26
0 1828 26
0 1829 27
0 1830 26
0 1831 26
0 1832 26
0 1833 26
0 1834 26
0 1835 26
0 1836 27
0 1837 26
0 1838 26
0 1839 28
0 1840 26
0 1841 26
0 1842 26
0 1843 26
0 1844 26
0 1845 26
0 1846 26
0 1847 26
0 1848 26
0 1849 26
0 1850 26
0 1851 26
0 1852 26
0 1853 26
0 1854 26
0 1855 26
0 1856 26
0 1857 26
0 1858 27
0 1859 27
0 1860 26
0 1861 26
0 1862 26
0 1863 26
0 1864 26
0 1865 26
0 1866 26
0 1867 26
0 1868 26
0 1869 26
0 1870 26
0 1871 26
0 1872 26
0 1873 26
0 1874 26
0 1875 26
0 1876 26
0 1877 26
0 1878 26
0 1879 27
0 1880 26
0 1881 26
0 1882 26
0 1883 26
0 1884 26
0 1885 26
0 1886 26
0 1887 26
0 1888 26
0 1889 26
0 1890 26
0 1891 26
0 1892 26
0 1893 26
0 1894 26
0 1895 26
0 1896 26
0 1897 26
0 1898 26
0 1899 26
0 1900 26
0 1901 26
0 1902 26
0 1903 26
0 1904 26
0 1905 26
0 1906 26
0 1907 26
0 1908 26
0 1909 26
0 1910 26
0 1911 26
0 1912 26
0 1913 26
0 1914 26
0 1915 26
0 1916 26
0 1917 27
0 1918 26
0 1919 28
0 1920 26
0 1921 26
0 1922 26
0 1923 26
0 1924 26
0 1925 26
0 1926 26
0 1927 26
0 1928 26
0 1929 26
0 1930 26
0 1931 27
0 1932 26
0 1933 26
0 1934 26
0 1935 26
0 1936 26
0 1937 28
0 1938 27
0 1939 27
0 1940 27
0 1941 27
0 1942 26
0 1943 26
0 1944 26
0 1945 26
0 1946 26
0 1947 26
0 1948 26
0 1949 26
0 1950 26
0 1951 26
0 1952 26
0 1953 26
0 1954 26
0 1955 26
0 1956 27
0 1957 27
0 1958 27
0 1959 27
0 1960 26
0 1961 26
0 1962 26
0 1963 26
0 1964 26
0 1965 26
0 1966 26
0 1967 26
0 1968 26
0 1969 26
0 1970 26
0 1971 26
0 1972 26
0 1973 26
0 1974 26
0 1975 26
0 1976 26
0 1977 26
0 1978 27
0 1979 27
0 1980 26
0 1981 26
0 1982 26
0 1983 26
0 1984 26
0 1985 26
0 1986 26
0 1987 26
0 1988 26
0 1989 26
0 1990 26
0 1991 26
0 1992 26
0 1993 26
0 1994 26
0 1995 26
0 1996 26
0 1997 27
0 1998 26
0 1999 27
0 2000 26
0 2001 26
0 2002 27
0 2003 28
0 2004 28
0 2005 28
0 2006 29
0 2007 28
0 2008 28
0 2009 28
0 2010 28
0 2011 28
0 2012 27
0 2013 27
0 2014 27
0 2015 27
0 2016 28
0 2017 29
0 2018 29
0 2019 29
0 2020 28
0 2021 28
0 2022 28
0 2023 28
0 2024 28
0 2025 28
0 2026 28
0 2027 28
0 2028 28
0 2029 28
0 2030 28
0 2031 28
0 2032 28
0 2033 28
0 2034 28
0 2035 28
0 2036 28
0 2037 29
0 2038 28
0 2039 28
0 2040 28
0 2041 28
0 2042 28
0 2043 28
0 2044 28
0 2045 28
0 2046 28
0 2047 28
0 2048 28
0 2049 28
0 2050 29
0 2051 29
0 2052 28
0 2053 28
0 2054 28
0 2055 28
0 2056 28
0 2057 28
0 2058 29
0 2059 28
0 2060 28
0 2061 28
0 2062 27
0 2063 28
0 2064 28
0 2065 28
0 2066 28
0 2067 28
0 2068 28
0 2069 28
0 2070 28
0 2071 28
0 2072 28
0 2073 28
0 2074 28
0 2075 27
0 2076 28
0 2077 28
0 2078 28
0 2079 28
0 2080 28
0 2081 28
0 2082 27
0 2083 27
0 2084 27
0 2085 27
0 2086 27
0 2087 28
0 2088 28
0 2089 28
0 2090 28
0 2091 28
0 2092 28
0 2093 28
0 2094 28
0 2095 28
0 2096 28
0 2097 28
0 2098 29
0 2099 28
0 2100 28
0 2101 28
0 2102 27
0 2103 27
0 2104 27
0 2105 28
0 2106 28
0 2107 28
0 2108 28
0 2109 28
0 2110 28
0 2111 28
0 2112 28
0 2113 28
0 2114 28
0 2115 28
0 2116 28
0 2117 29
0 2118 29
0 2119 29
0 2120 28
0 2121 28
0 2122 28
0 2123 28
0 2124 28
0 2125 28
0 2126 28
0 2127 28
0 2128 28
0 2129 28
0 2130 29
0 2131 28
0 2132 28
0 2133 28
0 2134 28
0 2135 28
0 2136 28
0 2137 29
0 2138 29
0 2139 29
0 2140 28
0 2141 28
0 2142 28
0 2143 28
0 2144 28
0 2145 28
0 2146 28
0 2147 28
0 2148 28
0 2149 29
0 2150 28
0 2151 28
0 2152 28
0 2153 28
0 2154 28
0 2155 28
0 2156 28
0 2157 28
0 2158 28
0 2159 29
0 2160 28
0 2161 28
0 2162 28
0 2163 28
0 2164 28
0 2165 28
0 2166 28
0 2167 28
0 2168 28
0 2169 28
0 2170 28
0 2171 28
0 2172 28
0 2173 28
0 2174 28
0 2175 28
0 2176 28
0 2177 28
0 2178 29
0 2179 29
0 2180 28
0 2181 28
0 2182 27
0 2183 28
0 2184 28
0 2185 27
0 2186 28
0 2187 28
0 2188 28
0 2189 28
0 2190 28
0 2191 28
0 2192 28
0 2193 28
0 2194 28
0 2195 28
0 2196 29
0 2197 28
0 2198 28
0 2199 29
0 2200 28
0 2201 28
0 2202 28
0 2203 28
0 2204 28
0 2205 28
0 2206 28
0 2207 28
0 2208 28
0 2209 28
0 2210 29
0 2211 29
0 2212 28
0 2213 28
0 2214 28
0 2215 28
0 2216 28
0 2217 29
0 2218 29
0 2219 29
0 2220 28
0 2221 28
0 2222 28
0 2223 28
0 2224 28
0 2225 28
0 2226 28
0 2227 29
0 2228 28
0 2229 29
0 2230 29
0 2231 28
0 2232 28
0 2233 28
0 2234 28
0 2235 28
0 2236 29
0 2237 29
0 2238 29
0 2239 29
0 2240 28
0 2241 28
0 2242 28
0 2243 28
0 2244 28
0 2245 28
0 2246 28
0 2247 28
0 2248 28
0 2249 29
0 2250 29
0 2251 28
0 2252 28
0 2253 28
0 2254 28
0 2255 28
0 2256 28
0 2257 29
0 2258 29
0 2259 29
0 2260 28
0 2261 28
0 2262 28
0 2263 28
0 2264 28
0 2265 28
0 2266 28
0 2267 28
0 2268 28
0 2269 28
0 2270 28
0 2271 28
0 2272 28
0 2273 28
0 2274 28
0 2275 28
0 2276 28
0 2277 28
0 2278 28
0 2279 28
0 2280 28
0 2281 28
0 2282 28
0 2283 28
0 2284 28
0 2285 28
0 2286 28
0 2287 28
0 2288 28
0 2289 28
0 2290 28
0 2291 28
0 2292 28
0 2293 28
0 2294 28
0 2295 28
0 2296 28
0 2297 29
0 2298 29
0 2299 29
0 2300 28
0 2301 28
0 2302 28
0 2303 28
0 2304 28
0 2305 28
0 2306 29
0 2307 29
0 2308 29
0 2309 29
0 2310 29
0 2311 28
0 2312 28
0 2313 28
0 2314 28
0 2315 28
0 2316 29
0 2317 29
0 2318 29
0 2319 29
0 2320 28
0 2321 28
0 2322 28
0 2323 28
0 2324 28
0 2325 28
0 2326 28
0 2327 28
0 2328 28
0 2329 29
0 2330 29
0 2331 28
0 2332 28
0 2333 28
0 2334 28
0 2335 28
0 2336 29
0 2337 29
0 2338 28
0 2339 29
0 2340 28
0 2341 28
0 2342 28
0 2343 28
0 2344 28
0 2345 28
0 2346 28
0 2347 28
0 2348 28
0 2349 29
0 2350 29
0 2351 28
0 2352 28
0 2353 28
0 2354 29
0 2355 28
0 2356 29
0 2357 29
0 2358 29
0 2359 29
0 2360 28
0 2361 28
0 2362 28
0 2363 28
0 2364 28
0 2365 28
0 2366 28
0 2367 28
0 2368 28
0 2369 28
0 2370 29
0 2371 29
0 2372 28
0 2373 28
0 2374 28
0 2375 28
0 2376 29
0 2377 29
0 2378 29
0 2379 29
0 2380 28
0 2381 28
0 2382 28
0 2383 28
0 2384 28
0 2385 28
0 2386 28
0 2387 28
0 2388 28
0 2389 28
0 2390 28
0 2391 28
0 2392 28
0 2393 28
0 2394 28
0 2395 28
0 2396 29
0 2397 29
0 2398 29
0 2399 29
0 2400 28
0 2401 28
0 2402 28
0 2403 28
0 2404 28
0 2405 28
0 2406 28
0 2407 28
0 2408 28
0 2409 29
0 2410 29
0 2411 29
0 2412 28
0 2413 28
0 2414 29
0 2415 28
0 2416 29
0 2417 29
0 2418 27
0 2419 29
0 2420 28
0 2421 29
0 2422 28
0 2423 28
0 2424 28
0 2425 28
0 2426 29
0 2427 29
0 2428 29
0 2429 29
0 2430 29
0 2431 29
0 2432 28
0 2433 29
0 2434 29
0 2435 29
0 2436 29
0 2437 29
0 2438 27
0 2439 30
0 2440 28
0 2441 28
0 2442 28
0 2443 28
0 2444 28
0 2445 28
0 2446 28
0 2447 28
0 2448 29
0 2449 29
0 2450 29
0 2451 29
0 2452 28
0 2453 28
0 2454 28
0 2455 28
0 2456 29
0 2457 29
0 2458 28
0 2459 29
0 2460 28
0 2461 28
0 2462 28
0 2463 28
0 2464 28
0 2465 28
0 2466 29
0 2467 29
0 2468 29
0 2469 29
0 2470 29
0 2471 28
0 2472 28
0 2473 28
0 2474 28
0 2475 28
0 2476 28
0 2477 29
0 2478 29
0 2479 29
0 2480 28
0 2481 28
0 2482 28
0 2483 28
0 2484 28
0 2485 28
0 2486 28
0 2487 28
0 2488 28
0 2489 28
0 2490 29
0 2491 29
0 2492 28
0 2493 28
0 2494 28
0 2495 28
0 2496 29
0 2497 29
0 2498 27
0 2499 29
0 2500 28
0 2501 28
0 2502 28
0 2503 29
0 2504 28
0 2505 28
0 2506 28
0 2507 28
0 2508 28
0 2509 28
0 2510 28
0 2511 28
0 2512 29
0 2513 29
0 2514 27
0 2515 28
0 2516 28
0 2517 28
0 2518 28
0 2519 28
0 2520 28
0 2521 27
0 2522 28
0 2523 28
0 2524 28
0 2525 28
0 2526 28
0 2527 28
0 2528 28
0 2529 28
0 2530 28
0 2531 28
0 2532 28
0 2533 28
0 2534 27
0 2535 28
0 2536 28
0 2537 28
0 2538 28
0 2539 28
0 2540 28
0 2541 28
0 2542 28
0 2543 29
0 2544 28
0 2545 28
0 2546 28
0 2547 28
0 2548 28
0 2549 28
0 2550 28
0 2551 28
0 2552 28
0 2553 28
0 2554 28
0 2555 28
0 2556 28
0 2557 29
0 2558 28
0 2559 28
0 2560 28
0 2561 29
0 2562 28
0 2563 28
0 2564 27
0 2565 28
0 2566 28
0 2567 28
0 2568 28
0 2569 28
0 2570 28
0 2571 28
0 2572 27
0 2573 28
0 2574 28
0 2575 28
0 2576 28
0 2577 28
0 2578 28
0 2579 28
0 2580 28
0 2581 29
0 2582 28
0 2583 28
0 2584 28
0 2585 28
0 2586 28
0 2587 28
0 2588 28
0 2589 28
0 2590 28
0 2591 27
0 2592 28
0 2593 28
0 2594 28
0 2595 28
0 2596 28
0 2597 28
0 2598 28
0 2599 28
0 2600 28
0 2601 28
0 2602 28
0 2603 28
0 2604 28
0 2605 28
0 2606 28
0 2607 27
0 2608 28
0 2609 28
0 2610 28
0 2611 28
0 2612 28
0 2613 27
0 2614 28
0 2615 28
0 2616 28
0 2617 28
0 2618 28
0 2619 28
0 2620 28
0 2621 27
0 2622 28
0 2623 28
0 2624 28
0 2625 28
0 2626 28
0 2627 28
0 2628 28
0 2629 28
0 2630 28
0 2631 28
0 2632 28
0 2633 28
0 2634 28
0 2635 28
0 2636 28
0 2637 28
0 2638 28
0 2639 28
0 2640 28
0 2641 28
0 2642 28
0 2643 27
0 2644 27
0 2645 28
0 2646 28
0 2647 28
0 2648 28
0 2649 28
0 2650 28
0 2651 28
0 2652 28
0 2653 28
0 2654 28
0 2655 28
0 2656 28
0 2657 28
0 2658 28
0 2659 28
0 2660 28
0 2661 27
0 2662 28
0 2663 28
0 2664 29
0 2665 29
0 2666 28
0 2667 28
0 2668 28
0 2669 28
0 2670 28
0 2671 28
0 2672 27
0 2673 28
0 2674 28
0 2675 28
0 2676 28
0 2677 28
0 2678 28
0 2679 28
0 2680 29
0 2681 29
0 2682 28
0 2683 28
0 2684 28
0 2685 28
0 2686 28
0 2687 28
0 2688 28
0 2689 28
0 2690 28
0 2691 28
0 2692 28
0 2693 28
0 2694 28
0 2695 27
0 2696 28
0 2697 28
0 2698 28
0 2699 28
0 2700 28
0 2701 27
0 2702 28
0 2703 28
0 2704 28
0 2705 29
0 2706 28
0 2707 28
0 2708 28
0 2709 28
0 2710 28
0 2711 28
0 2712 28
0 2713 28
0 2714 28
0 2715 27
0 2716 28
0 2717 28
0 2718 28
0 2719 28
0 2720 28
0 2721 27
0 2722 29
0 2723 28
0 2724 28
0 2725 28
0 2726 28
0 2727 28
0 2728 28
0 2729 28
0 2730 28
0 2731 28
0 2732 28
0 2733 28
0 2734 28
0 2735 28
0 2736 28
0 2737 28
0 2738 28
0 2739 28
0 2740 28
0 2741 28
0 2742 28
0 2743 27
0 2744 28
0 2745 27
0 2746 28
0 2747 28
0 2748 28
0 2749 28
0 2750 28
0 2751 28
0 2752 28
0 2753 28
0 2754 28
0 2755 28
0 2756 28
0 2757 28
0 2758 28
0 2759 28
0 2760 28
0 2761 27
0 2762 28
0 2763 28
0 2764 28
0 2765 28
0 2766 28
0 2767 28
0 2768 28
0 2769 28
0 2770 28
0 2771 28
0 2772 28
0 2773 27
0 2774 28
0 2775 28
0 2776 28
0 2777 28
0 2778 28
0 2779 28
0 2780 28
0 2781 29
0 2782 28
0 2783 28
0 2784 28
0 2785 28
0 2786 28
0 2787 28
0 2788 28
0 2789 28
0 2790 28
0 2791 28
0 2792 28
0 2793 28
0 2794 28
0 2795 27
0 2796 28
0 2797 28
0 2798 28
0 2799 28
0 2800 28
0 2801 28
0 2802 28
0 2803 28
0 2804 28
0 2805 28
0 2806 28
0 2807 28
0 2808 28
0 2809 28
0 2810 28
0 2811 28
0 2812 28
0 2813 28
0 2814 28
0 2815 28
0 2816 28
0 2817 28
0 2818 27
0 2819 28
0 2820 28
0 2821 28
0 2822 28
0 2823 28
0 2824 28
0 2825 28
0 2826 28
0 2827 28
0 2828 28
0 2829 28
0 2830 28
0 2831 28
0 2832 28
0 2833 28
0 2834 28
0 2835 28
0 2836 28
0 2837 28
0 2838 28
0 2839 28
0 2840 28
0 2841 28
0 2842 28
0 2843 28
0 2844 28
0 2845 28
0 2846 28
0 2847 28
0 2848 28
0 2849 28
0 2850 28
0 2851 28
0 2852 28
0 2853 28
0 2854 28
0 2855 28
0 2856 28
0 2857 28
0 2858 28
0 2859 28
0 2860 28
0 2861 27
0 2862 28
0 2863 28
0 2864 28
0 2865 27
0 2866 28
0 2867 28
0 2868 28
0 2869 28
0 2870 28
0 2871 28
0 2872 28
0 2873 28
0 2874 27
0 2875 28
0 2876 28
0 2877 28
0 2878 28
0 2879 28
0 2880 28
0 2881 27
0 2882 29
0 2883 28
0 2884 28
0 2885 28
0 2886 28
0 2887 28
0 2888 28
0 2889 28
0 2890 28
0 2891 28
0 2892 28
0 2893 28
0 2894 28
0 2895 28
0 2896 28
0 2897 28
0 2898 28
0 2899 28
0 2900 28
0 2901 28
0 2902 28
0 2903 28
0 2904 28
0 2905 28
0 2906 28
0 2907 28
0 2908 28
0 2909 28
0 2910 28
0 2911 28
0 2912 28
0 2913 28
0 2914 28
0 2915 28
0 2916 28
0 2917 28
0 2918 28
0 2919 28
0 2920 28
0 2921 28
0 2922 28
0 2923 28
0 2924 28
0 2925 28
0 2926 28
0 2927 28
0 2928 28
0 2929 28
0 2930 28
0 2931 28
0 2932 28
0 2933 28
0 2934 28
0 2935 28
0 2936 28
0 2937 28
0 2938 28
0 2939 28
0 2940 28
0 2941 28
0 2942 28
0 2943 28
0 2944 28
0 2945 28
0 2946 28
0 2947 28
0 2948 28
0 2949 28
0 2950 28
0 2951 28
0 2952 28
0 2953 28
0 2954 28
0 2955 28
0 2956 28
0 2957 28
0 2958 28
0 2959 28
0 2960 28
0 2961 27
0 2962 28
0 2963 27
0 2964 28
0 2965 28
0 2966 28
0 2967 28
0 2968 28
0 2969 28
0 2970 28
0 2971 28
0 2972 28
0 2973 28
0 2974 28
0 2975 28
0 2976 28
0 2977 28
0 2978 28
0 2979 28
0 2980 28
0 2981 28
0 2982 29
0 2983 27
0 2984 28
0 2985 28
0 2986 28
0 2987 28
0 2988 28
0 2989 28
0 2990 28
0 2991 28
0 2992 28
0 2993 28
0 2994 28
0 2995 28
0 2996 28
0 2997 28
0 2998 28
0 2999 28
0 3000 28
0 3001 28
0 3002 28
0 3003 27
0 3004 28
0 3005 28
0 3006 28
0 3007 28
0 3008 28
0 3009 29
0 3010 28
0 3011 29
0 3012 29
0 3013 29
0 3014 29
0 3015 29
0 3016 28
0 3017 29
0 3018 28
0 3019 28
0 3020 29
0 3021 28
0 3022 29
0 3023 29
0 3024 29
0 3025 29
0 3026 28
0 3027 29
0 3028 29
0 3029 29
0 3030 28
0 3031 30
0 3032 29
0 3033 29
0 3034 30
0 3035 29
0 3036 28
0 3037 28
0 3038 28
0 3039 28
0 3040 30
0 3041 29
0 3042 29
0 3043 29
0 3044 29
0 3045 29
0 3046 29
0 3047 29
0 3048 29
0 3049 28
0 3050 29
0 3051 28
0 3052 29
0 3053 29
0 3054 29
0 3055 29
0 3056 28
0 3057 29
0 3058 28
0 3059 29
0 3060 29
0 3061 29
0 3062 28
0 3063 28
0 3064 28
0 3065 28
0 3066 28
0 3067 29
0 3068 29
0 3069 29
0 3070 29
0 3071 29
0 3072 29
0 3073 29
0 3074 28
0 3075 29
0 3076 28
0 3077 28
0 3078 28
0 3079 28
0 3080 29
0 3081 29
0 3082 28
0 3083 28
0 3084 29
0 3085 29
0 3086 29
0 3087 29
0 3088 29
0 3089 28
0 3090 29
0 3091 29
0 3092 29
0 3093 29
0 3094 29
0 3095 29
0 3096 28
0 3097 29
0 3098 28
0 3099 29
0 3100 29
0 3101 29
0 3102 29
0 3103 29
0 3104 29
0 3105 29
0 3106 28
0 3107 29
0 3108 28
0 3109 28
0 3110 28
0 3111 29
0 3112 29
0 3113 29
0 3114 28
0 3115 29
0 3116 28
0 3117 28
0 3118 28
0 3119 28
0 3120 30
0 3121 29
0 3122 29
0 3123 29
0 3124 29
0 3125 29
0 3126 29
0 3127 29
0 3128 29
0 3129 28
0 3130 28
0 3131 29
0 3132 29
0 3133 29
0 3134 29
0 3135 29
0 3136 28
0 3137 28
0 3138 28
0 3139 28
0 3140 29
0 3141 29
0 3142 29
0 3143 29
0 3144 28
0 3145 29
0 3146 29
0 3147 30
0 3148 30
0 3149 29
0 3150 28
0 3151 29
0 3152 29
0 3153 29
0 3154 29
0 3155 29
0 3156 28
0 3157 28
0 3158 29
0 3159 28
0 3160 29
0 3161 29
0 3162 28
0 3163 28
0 3164 28
0 3165 28
0 3166 28
0 3167 29
0 3168 29
0 3169 29
0 3170 28
0 3171 29
0 3172 30
0 3173 29
0 3174 29
0 3175 29
0 3176 28
0 3177 29
0 3178 28
0 3179 29
0 3180 30
0 3181 29
0 3182 28
0 3183 29
0 3184 29
0 3185 29
0 3186 28
0 3187 29
0 3188 28
0 3189 29
0 3190 28
0 3191 29
0 3192 29
0 3193 29
0 3194 29
0 3195 29
0 3196 28
0 3197 28
0 3198 28
0 3199 28
0 3200 30
0 3201 28
0 3202 28
0 3203 29
0 3204 28
0 3205 28
0 3206 28
0 3207 29
0 3208 28
0 3209 28
0 3210 28
0 3211 28
0 3212 29
0 3213 29
0 3214 29
0 3215 29
0 3216 28
0 3217 28
0 3218 27
0 3219 28
0 3220 29
0 3221 29
0 3222 29
0 3223 29
0 3224 29
0 3225 29
0 3226 29
0 3227 30
0 3228 28
0 3229 28
0 3230 28
0 3231 29
0 3232 29
0 3233 29
0 3234 28
0 3235 29
0 3236 28
0 3237 30
0 3238 28
0 3239 28
0 3240 30
0 3241 29
0 3242 29
0 3243 29
0 3244 29
0 3245 29
0 3246 29
0 3247 29
0 3248 29
0 3249 29
0 3250 29
0 3251 30
0 3252 28
0 3253 29
0 3254 29
0 3255 29
0 3256 28
0 3257 28
0 3258 28
0 3259 28
0 3260 30
0 3261 29
0 3262 29
0 3263 28
0 3264 29
0 3265 29
0 3266 28
0 3267 30
0 3268 29
0 3269 29
0 3270 28
0 3271 29
0 3272 29
0 3273 29
0 3274 29
0 3275 29
0 3276 28
0 3277 29
0 3278 28
0 3279 28
0 3280 30
0 3281 29
0 3282 29
0 3283 29
0 3284 29
0 3285 29
0 3286 29
0 3287 30
0 3288 29
0 3289 29
0 3290 28
0 3291 29
0 3292 29
0 3293 30
0 3294 30
0 3295 29
0 3296 28
0 3297 28
0 3298 27
0 3299 28
0 3300 29
0 3301 28
0 3302 29
0 3303 29
0 3304 29
0 3305 29
0 3306 29
0 3307 28
0 3308 28
0 3309 28
0 3310 28
0 3311 28
0 3312 29
0 3313 29
0 3314 28
0 3315 29
0 3316 28
0 3317 28
0 3318 28
0 3319 28
0 3320 29
0 3321 28
0 3322 29
0 3323 29
0 3324 29
0 3325 30
0 3326 29
0 3327 28
0 3328 28
0 3329 28
0 3330 28
0 3331 28
0 3332 28
0 3333 28
0 3334 28
0 3335 30
0 3336 28
0 3337 28
0 3338 27
0 3339 28
0 3340 29
0 3341 28
0 3342 29
0 3343 29
0 3344 29
0 3345 29
0 3346 28
0 3347 29
0 3348 28
0 3349 28
0 3350 28
0 3351 29
0 3352 30
0 3353 29
0 3354 29
0 3355 29
0 3356 28
0 3357 29
0 3358 28
0 3359 28
0 3360 30
0 3361 29
0 3362 29
0 3363 29
0 3364 29
0 3365 29
0 3366 29
0 3367 29
0 3368 29
0 3369 30
0 3370 29
0 3371 30
0 3372 30
0 3373 29
0 3374 29
0 3375 29
0 3376 29
0 3377 28
0 3378 28
0 3379 28
0 3380 29
0 3381 28
0 3382 29
0 3383 29
0 3384 29
0 3385 29
0 3386 28
0 3387 30
0 3388 28
0 3389 28
0 3390 28
0 3391 28
0 3392 28
0 3393 28
0 3394 28
0 3395 29
0 3396 28
0 3397 28
0 3398 28
0 3399 28
0 3400 29
0 3401 27
0 3402 28
0 3403 30
0 3404 30
0 3405 30
0 3406 28
0 3407 28
0 3408 28
0 3409 28
0 3410 28
0 3411 28
0 3412 28
0 3413 28
0 3414 28
0 3415 29
0 3416 28
0 3417 28
0 3418 28
0 3419 28
0 3420 29
0 3421 29
0 3422 29
0 3423 29
0 3424 29
0 3425 29
0 3426 28
0 3427 28
0 3428 28
0 3429 28
0 3430 28
0 3431 28
0 3432 29
0 3433 29
0 3434 29
0 3435 29
0 3436 28
0 3437 28
0 3438 28
0 3439 28
0 3440 30
0 3441 27
0 3442 29
0 3443 30
0 3444 30
0 3445 30
0 3446 29
0 3447 30
0 3448 28
0 3449 28
0 3450 28
0 3451 29
0 3452 29
0 3453 29
0 3454 29
0 3455 29
0 3456 28
0 3457 28
0 3458 27
0 3459 29
0 3460 29
0 3461 29
0 3462 29
0 3463 29
0 3464 29
0 3465 29
0 3466 29
0 3467 29
0 3468 28
0 3469 28
0 3470 28
0 3471 29
0 3472 29
0 3473 29
0 3474 29
0 3475 29
0 3476 28
0 3477 28
0 3478 28
0 3479 28
0 3480 30
0 3481 29
0 3482 29
0 3483 29
0 3484 29
0 3485 29
0 3486 28
0 3487 29
0 3488 28
0 3489 28
0 3490 28
0 3491 28
0 3492 28
0 3493 29
0 3494 30
0 3495 29
0 3496 28
0 3497 28
0 3498 28
0 3499 28
0 3500 29
0 3501 27
0 3502 28
0 3503 27
0 3504 29
0 3505 29
0 3506 29
0 3507 29
0 3508 28
0 3509 29
0 3510 28
0 3511 28
0 3512 28
0 3513 28
0 3514 27
0 3515 27
0 3516 29
0 3517 30
0 3518 29
0 3519 28
0 3520 28
0 3521 28
0 3522 28
0 3523 28
0 3524 28
0 3525 28
0 3526 28
0 3527 28
0 3528 28
0 3529 28
0 3530 28
0 3531 28
0 3532 28
0 3533 28
0 3534 28
0 3535 27
0 3536 29
0 3537 29
0 3538 29
0 3539 29
0 3540 29
0 3541 28
0 3542 27
0 3543 28
0 3544 28
0 3545 27
0 3546 27
0 3547 28
0 3548 28
0 3549 28
0 3550 28
0 3551 28
0 3552 28
0 3553 27
0 3554 27
0 3555 27
0 3556 28
0 3557 28
0 3558 29
0 3559 28
0 3560 27
0 3561 28
0 3562 28
0 3563 28
0 3564 28
0 3565 28
0 3566 27
0 3567 27
0 3568 27
0 3569 28
0 3570 28
0 3571 28
0 3572 28
0 3573 28
0 3574 27
0 3575 27
0 3576 28
0 3577 28
0 3578 29
0 3579 29
0 3580 29
0 3581 29
0 3582 27
0 3583 27
0 3584 27
0 3585 27
0 3586 28
0 3587 29
0 3588 29
0 3589 29
0 3590 29
0 3591 29
0 3592 29
0 3593 28
0 3594 28
0 3595 28
0 3596 29
0 3597 29
0 3598 28
0 3599 29
0 3600 29
0 3601 28
0 3602 28
0 3603 28
0 3604 28
0 3605 28
0 3606 28
0 3607 28
0 3608 28
0 3609 28
0 3610 29
0 3611 28
0 3612 28
0 3613 28
0 3614 28
0 3615 27
0 3616 28
0 3617 28
0 3618 29
0 3619 29
0 3620 29
0 3621 28
0 3622 27
0 3623 27
0 3624 27
0 3625 27
0 3626 28
0 3627 28
0 3628 28
0 3629 28
0 3630 29
0 3631 28
0 3632 28
0 3633 28
0 3634 28
0 3635 27
0 3636 29
0 3637 28
0 3638 29
0 3639 28
0 3640 28
0 3641 29
0 3642 27
0 3643 27
0 3644 27
0 3645 27
0 3646 27
0 3647 27
0 3648 27
0 3649 28
0 3650 28
0 3651 28
0 3652 28
0 3653 28
0 3654 27
0 3655 28
0 3656 27
0 3657 28
0 3658 29
0 3659 29
0 3660 28
0 3661 29
0 3662 28
0 3663 28
0 3664 28
0 3665 28
0 3666 27
0 3667 27
0 3668 28
0 3669 28
0 3670 28
0 3671 28
0 3672 28
0 3673 28
0 3674 27
0 3675 27
0 3676 28
0 3677 28
0 3678 29
0 3679 28
0 3680 28
0 3681 29
0 3682 27
0 3683 27
0 3684 27
0 3685 28
0 3686 28
0 3687 28
0 3688 28
0 3689 28
0 3690 29
0 3691 29
0 3692 28
0 3693 28
0 3694 28
0 3695 28
0 3696 28
0 3697 28
0 3698 29
0 3699 29
0 3700 29
0 3701 28
0 3702 28
0 3703 27
0 3704 27
0 3705 27
0 3706 27
0 3707 28
0 3708 29
0 3709 29
0 3710 29
0 3711 29
0 3712 28
0 3713 28
0 3714 29
0 3715 28
0 3716 29
0 3717 30
0 3718 28
0 3719 29
0 3720 29
0 3721 28
0 3722 28
0 3723 28
0 3724 28
0 3725 28
0 3726 28
0 3727 28
0 3728 29
0 3729 29
0 3730 29
0 3731 29
0 3732 28
0 3733 28
0 3734 28
0 3735 27
0 3736 28
0 3737 28
0 3738 30
0 3739 28
0 3740 29
0 3741 28
0 3742 27
0 3743 27
0 3744 28
0 3745 27
0 3746 27
0 3747 28
0 3748 28
0 3749 28
0 3750 28
0 3751 28
0 3752 28
0 3753 27
0 3754 27
0 3755 28
0 3756 28
0 3757 28
0 3758 29
0 3759 28
0 3760 27
0 3761 29
0 3762 27
0 3763 27
0 3764 27
0 3765 27
0 3766 27
0 3767 27
0 3768 27
0 3769 28
0 3770 28
0 3771 28
0 3772 28
0 3773 28
0 3774 27
0 3775 27
0 3776 28
0 3777 28
0 3778 29
0 3779 29
0 3780 29
0 3781 28
0 3782 27
0 3783 28
0 3784 27
0 3785 28
0 3786 28
0 3787 29
0 3788 29
0 3789 29
0 3790 29
0 3791 29
0 3792 28
0 3793 28
0 3794 28
0 3795 28
0 3796 29
0 3797 30
0 3798 28
0 3799 29
0 3800 29
0 3801 28
0 3802 28
0 3803 28
0 3804 28
0 3805 27
0 3806 28
0 3807 28
0 3808 28
0 3809 29
0 3810 29
0 3811 29
0 3812 29
0 3813 28
0 3814 28
0 3815 28
0 3816 28
0 3817 29
0 3818 29
0 3819 29
0 3820 29
0 3821 28
0 3822 27
0 3823 27
0 3824 27
0 3825 27
0 3826 28
0 3827 28
0 3828 29
0 3829 29
0 3830 29
0 3831 28
0 3832 28
0 3833 28
0 3834 28
0 3835 27
0 3836 29
0 3837 28
0 3838 29
0 3839 29
0 3840 28
0 3841 29
0 3842 28
0 3843 27
0 3844 28
0 3845 28
0 3846 28
0 3847 28
0 3848 28
0 3849 28
0 3850 28
0 3851 28
0 3852 28
0 3853 28
0 3854 27
0 3855 27
0 3856 28
0 3857 28
0 3858 29
0 3859 28
0 3860 28
0 3861 29
0 3862 28
0 3863 28
0 3864 28
0 3865 27
0 3866 27
0 3867 27
0 3868 28
0 3869 28
0 3870 29
0 3871 28
0 3872 28
0 3873 28
0 3874 28
0 3875 27
0 3876 29
0 3877 30
0 3878 29
0 3879 28
0 3880 29
0 3881 28
0 3882 28
0 3883 28
0 3884 27
0 3885 28
0 3886 28
0 3887 28
0 3888 28
0 3889 29
0 3890 29
0 3891 29
0 3892 29
0 3893 29
0 3894 28
0 3895 28
0 3896 29
0 3897 29
0 3898 29
0 3899 29
0 3900 29
0 3901 28
0 3902 27
0 3903 28
0 3904 27
0 3905 28
0 3906 28
0 3907 29
0 3908 29
0 3909 29
0 3910 29
0 3911 29
0 3912 28
0 3913 28
0 3914 28
0 3915 28
0 3916 29
0 3917 30
0 3918 29
0 3919 28
0 3920 28
0 3921 28
0 3922 28
0 3923 27
0 3924 27
0 3925 27
0 3926 28
0 3927 28
0 3928 28
0 3929 28
0 3930 29
0 3931 29
0 3932 28
0 3933 28
0 3934 28
0 3935 28
0 3936 28
0 3937 28
0 3938 29
0 3939 30
0 3940 29
0 3941 28
0 3942 27
0 3943 28
0 3944 28
0 3945 27
0 3946 27
0 3947 27
0 3948 28
0 3949 28
0 3950 28
0 3951 28
0 3952 27
0 3953 27
0 3954 27
0 3955 27
0 3956 29
0 3957 28
0 3958 29
0 3959 28
0 3960 28
0 3961 29
0 3962 27
0 3963 27
0 3964 27
0 3965 27
0 3966 27
0 3967 28
0 3968 28
0 3969 28
0 3970 29
0 3971 29
0 3972 29
0 3973 28
0 3974 28
0 3975 28
0 3976 29
0 3977 29
0 3978 29
0 3979 28
0 3980 29
0 3981 28
0 3982 27
0 3983 28
0 3984 28
0 3985 28
0 3986 28
0 3987 29
0 3988 29
0 3989 29
0 3990 29
0 3991 29
0 3992 28
0 3993 28
0 3994 28
0 3995 28
0 3996 29
0 3997 29
0 3998 28
0 3999 28
0 4000 29
0 4001 28
0 4002 29
0 4003 28
0 4004 29
0 4005 28
0 4006 28
0 4007 28
0 4008 28
0 4009 28
0 4010 28
0 4011 29
0 4012 29
0 4013 29
0 4014 28
0 4015 29
0 4016 29
0 4017 29
0 4018 28
0 4019 28
0 4020 28
0 4021 29
0 4022 29
0 4023 28
0 4024 29
0 4025 28
0 4026 29
0 4027 29
0 4028 29
0 4029 29
0 4030 29
0 4031 29
0 4032 29
0 4033 29
0 4034 29
0 4035 29
0 4036 28
0 4037 29
0 4038 28
0 4039 28
0 4040 29
0 4041 30
0 4042 29
0 4043 29
0 4044 29
0 4045 29
0 4046 29
0 4047 29
0 4048 29
0 4049 29
0 4050 29
0 4051 29
0 4052 29
0 4053 29
0 4054 28
0 4055 29
0 4056 29
0 4057 29
0 4058 29
0 4059 29
0 4060 29
0 4061 30
0 4062 29
0 4063 29
0 4064 29
0 4065 29
0 4066 28
0 4067 29
0 4068 29
0 4069 29
0 4070 29
0 4071 29
0 4072 29
0 4073 29
0 4074 29
0 4075 29
0 4076 29
0 4077 29
0 4078 28
0 4079 28
0 4080 29
0 4081 30
0 4082 29
0 4083 29
0 4084 29
0 4085 29
0 4086 29
0 4087 29
0 4088 29
0 4089 29
0 4090 29
0 4091 28
0 4092 28
0 4093 28
0 4094 29
0 4095 29
0 4096 29
0 4097 28
0 4098 29
0 4099 29
0 4100 28
0 4101 28
0 4102 28
0 4103 29
0 4104 29
0 4105 29
0 4106 29
0 4107 29
0 4108 29
0 4109 29
0 4110 29
0 4111 29
0 4112 29
0 4113 29
0 4114 29
0 4115 29
0 4116 28
0 4117 29
0 4118 28
0 4119 28
0 4120 28
0 4121 30
0 4122 29
0 4123 28
0 4124 29
0 4125 28
0 4126 28
0 4127 29
0 4128 29
0 4129 29
0 4130 29
0 4131 29
0 4132 29
0 4133 29
0 4134 29
0 4135 29
0 4136 29
0 4137 29
0 4138 29
0 4139 29
0 4140 30
0 4141 30
0 4142 29
0 4143 29
0 4144 29
0 4145 29
0 4146 28
0 4147 29
0 4148 29
0 4149 29
0 4150 29
0 4151 29
0 4152 29
0 4153 30
0 4154 29
0 4155 29
0 4156 29
0 4157 29
0 4158 29
0 4159 29
0 4160 29
0 4161 30
0 4162 29
0 4163 28
0 4164 29
0 4165 29
0 4166 29
0 4167 29
0 4168 29
0 4169 29
0 4170 29
0 4171 29
0 4172 29
0 4173 29
0 4174 29
0 4175 29
0 4176 29
0 4177 29
0 4178 28
0 4179 28
0 4180 28
0 4181 28
0 4182 29
0 4183 29
0 4184 29
0 4185 29
0 4186 29
0 4187 29
0 4188 29
0 4189 28
0 4190 29
0 4191 28
0 4192 29
0 4193 29
0 4194 29
0 4195 29
0 4196 28
0 4197 28
0 4198 28
0 4199 28
0 4200 28
0 4201 29
0 4202 29
0 4203 29
0 4204 29
0 4205 29
0 4206 29
0 4207 29
0 4208 29
0 4209 29
0 4210 29
0 4211 28
0 4212 28
0 4213 28
0 4214 29
0 4215 29
0 4216 28
0 4217 29
0 4218 28
0 4219 28
0 4220 28
0 4221 30
0 4222 28
0 4223 29
0 4224 29
0 4225 30
0 4226 29
0 4227 29
0 4228 29
0 4229 28
0 4230 29
0 4231 29
0 4232 29
0 4233 29
0 4234 29
0 4235 28
0 4236 29
0 4237 29
0 4238 29
0 4239 29
0 4240 29
0 4241 30
0 4242 29
0 4243 29
0 4244 29
0 4245 29
0 4246 28
0 4247 29
0 4248 29
0 4249 29
0 4250 29
0 4251 29
0 4252 29
0 4253 29
0 4254 29
0 4255 30
0 4256 29
0 4257 29
0 4258 28
0 4259 28
0 4260 28
0 4261 30
0 4262 29
0 4263 29
0 4264 29
0 4265 28
0 4266 29
0 4267 29
0 4268 29
0 4269 29
0 4270 29
0 4271 29
0 4272 29
0 4273 29
0 4274 29
0 4275 29
0 4276 29
0 4277 28
0 4278 28
0 4279 28
0 4280 28
0 4281 29
0 4282 29
0 4283 29
0 4284 29
0 4285 29
0 4286 29
0 4287 29
0 4288 29
0 4289 28
0 4290 28
0 4291 28
0 4292 28
0 4293 28
0 4294 29
0 4295 29
0 4296 28
0 4297 29
0 4298 28
0 4299 28
0 4300 28
0 4301 28
0 4302 29
0 4303 29
0 4304 29
0 4305 29
0 4306 29
0 4307 29
0 4308 29
0 4309 28
0 4310 28
0 4311 28
0 4312 28
0 4313 29
0 4314 29
0 4315 29
0 4316 28
0 4317 29
0 4318 28
0 4319 28
0 4320 29
0 4321 30
0 4322 29
0 4323 29
0 4324 29
0 4325 29
0 4326 29
0 4327 29
0 4328 29
0 4329 29
0 4330 29
0 4331 29
0 4332 29
0 4333 29
0 4334 29
0 4335 29
0 4336 29
0 4337 29
0 4338 28
0 4339 28
0 4340 28
0 4341 30
0 4342 28
0 4343 29
0 4344 29
0 4345 28
0 4346 28
0 4347 28
0 4348 29
0 4349 29
0 4350 29
0 4351 29
0 4352 29
0 4353 29
0 4354 29
0 4355 29
0 4356 28
0 4357 28
0 4358 28
0 4359 28
0 4360 28
0 4361 30
0 4362 28
0 4363 29
0 4364 29
0 4365 29
0 4366 29
0 4367 29
0 4368 29
0 4369 28
0 4370 28
0 4371 28
0 4372 28
0 4373 28
0 4374 29
0 4375 29
0 4376 29
0 4377 28
0 4378 28
0 4379 28
0 4380 28
0 4381 28
0 4382 29
0 4383 29
0 4384 29
0 4385 29
0 4386 29
0 4387 28
0 4388 28
0 4389 28
0 4390 28
0 4391 28
0 4392 28
0 4393 28
0 4394 29
0 4395 29
0 4396 28
0 4397 28
0 4398 28
0 4399 28
0 4400 28
0 4401 29
0 4402 29
0 4403 29
0 4404 29
0 4405 29
0 4406 29
0 4407 29
0 4408 29
0 4409 29
0 4410 28
0 4411 28
0 4412 28
0 4413 29
0 4414 29
0 4415 29
0 4416 29
0 4417 28
0 4418 28
0 4419 28
0 4420 28
0 4421 28
0 4422 29
0 4423 29
0 4424 29
0 4425 29
0 4426 29
0 4427 29
0 4428 29
0 4429 29
0 4430 29
0 4431 29
0 4432 29
0 4433 29
0 4434 29
0 4435 29
0 4436 29
0 4437 29
0 4438 29
0 4439 28
0 4440 29
0 4441 30
0 4442 28
0 4443 29
0 4444 29
0 4445 29
0 4446 29
0 4447 29
0 4448 29
0 4449 29
0 4450 29
0 4451 29
0 4452 29
0 4453 29
0 4454 29
0 4455 30
0 4456 29
0 4457 29
0 4458 28
0 4459 28
0 4460 28
0 4461 29
0 4462 28
0 4463 28
0 4464 29
0 4465 28
0 4466 29
0 4467 29
0 4468 29
0 4469 28
0 4470 28
0 4471 29
0 4472 29
0 4473 29
0 4474 29
0 4475 29
0 4476 28
0 4477 29
0 4478 28
0 4479 28
0 4480 28
0 4481 28
0 4482 29
0 4483 29
0 4484 29
0 4485 28
0 4486 29
0 4487 29
0 4488 28
0 4489 28
0 4490 28
0 4491 28
0 4492 28
0 4493 28
0 4494 29
0 4495 29
0 4496 28
0 4497 28
0 4498 28
0 4499 28
0 4500 28
0 4501 28
0 4502 28
0 4503 29
0 4504 29
0 4505 29
0 4506 29
0 4507 29
0 4508 29
0 4509 29
0 4510 28
0 4511 27
0 4512 27
0 4513 27
0 4514 28
0 4515 28
0 4516 29
0 4517 28
0 4518 29
0 4519 28
0 4520 28
0 4521 27
0 4522 27
0 4523 28
0 4524 27
0 4525 27
0 4526 28
0 4527 28
0 4528 27
0 4529 28
0 4530 28
0 4531 27
0 4532 27
0 4533 27
0 4534 28
0 4535 28
0 4536 28
0 4537 28
0 4538 29
0 4539 28
0 4540 27
0 4541 27
0 4542 28
0 4543 28
0 4544 28
0 4545 28
0 4546 29
0 4547 29
0 4548 28
0 4549 28
0 4550 28
0 4551 27
0 4552 27
0 4553 27
0 4554 28
0 4555 28
0 4556 28
0 4557 28
0 4558 29
0 4559 28
0 4560 27
0 4561 27
0 4562 28
0 4563 28
0 4564 28
0 4565 27
0 4566 28
0 4567 28
0 4568 29
0 4569 28
0 4570 28
0 4571 28
0 4572 28
0 4573 27
0 4574 27
0 4575 27
0 4576 29
0 4577 29
0 4578 28
0 4579 29
0 4580 28
0 4581 28
0 4582 27
0 4583 28
0 4584 27
0 4585 27
0 4586 28
0 4587 28
0 4588 28
0 4589 28
0 4590 28
0 4591 28
0 4592 27
0 4593 28
0 4594 28
0 4595 27
0 4596 29
0 4597 28
0 4598 29
0 4599 29
0 4600 28
0 4601 27
0 4602 28
0 4603 28
0 4604 28
0 4605 27
0 4606 27
0 4607 28
0 4608 28
0 4609 28
0 4610 29
0 4611 29
0 4612 29
0 4613 28
0 4614 28
0 4615 27
0 4616 28
0 4617 28
0 4618 29
0 4619 28
0 4620 28
0 4621 27
0 4622 28
0 4623 28
0 4624 28
0 4625 28
0 4626 29
0 4627 29
0 4628 27
0 4629 28
0 4630 28
0 4631 27
0 4632 27
0 4633 27
0 4634 28
0 4635 28
0 4636 28
0 4637 28
0 4638 29
0 4639 28
0 4640 27
0 4641 27
0 4642 27
0 4643 28
0 4644 28
0 4645 28
0 4646 29
0 4647 28
0 4648 28
0 4649 28
0 4650 28
0 4651 28
0 4652 27
0 4653 27
0 4654 28
0 4655 28
0 4656 28
0 4657 28
0 4658 29
0 4659 28
0 4660 28
0 4661 27
0 4662 28
0 4663 28
0 4664 28
0 4665 28
0 4666 28
0 4667 28
0 4668 28
0 4669 28
0 4670 28
0 4671 28
0 4672 27
0 4673 28
0 4674 28
0 4675 28
0 4676 29
0 4677 29
0 4678 28
0 4679 29
0 4680 28
0 4681 27
0 4682 27
0 4683 28
0 4684 27
0 4685 27
0 4686 28
0 4687 28
0 4688 28
0 4689 28
0 4690 29
0 4691 29
0 4692 29
0 4693 28
0 4694 28
0 4695 27
0 4696 29
0 4697 29
0 4698 28
0 4699 29
0 4700 28
0 4701 28
0 4702 27
0 4703 28
0 4704 27
0 4705 27
0 4706 28
0 4707 28
0 4708 29
0 4709 28
0 4710 28
0 4711 28
0 4712 28
0 4713 27
0 4714 27
0 4715 28
0 4716 29
0 4717 28
0 4718 29
0 4719 28
0 4720 27
0 4721 27
0 4722 28
0 4723 28
0 4724 28
0 4725 28
0 4726 29
0 4727 28
0 4728 28
0 4729 28
0 4730 28
0 4731 27
0 4732 27
0 4733 27
0 4734 28
0 4735 28
0 4736 28
0 4737 28
0 4738 29
0 4739 29
0 4740 28
0 4741 27
0 4742 27
0 4743 28
0 4744 28
0 4745 28
0 4746 28
0 4747 29
0 4748 28
0 4749 28
0 4750 28
0 4751 28
0 4752 27
0 4753 27
0 4754 27
0 4755 28
0 4756 29
0 4757 28
0 4758 29
0 4759 28
0 4760 27
0 4761 28
0 4762 27
0 4763 28
0 4764 28
0 4765 28
0 4766 29
0 4767 28
0 4768 28
0 4769 28
0 4770 29
0 4771 29
0 4772 29
0 4773 28
0 4774 28
0 4775 27
0 4776 28
0 4777 29
0 4778 29
0 4779 29
0 4780 28
0 4781 27
0 4782 28
0 4783 28
0 4784 27
0 4785 28
0 4786 28
0 4787 29
0 4788 29
0 4789 29
0 4790 29
0 4791 28
0 4792 28
0 4793 28
0 4794 28
0 4795 27
0 4796 29
0 4797 28
0 4798 29
0 4799 29
0 4800 28
0 4801 27
0 4802 28
0 4803 28
0 4804 28
0 4805 28
0 4806 28
0 4807 28
0 4808 28
0 4809 28
0 4810 29
0 4811 28
0 4812 29
0 4813 28
0 4814 28
0 4815 27
0 4816 28
0 4817 28
0 4818 29
0 4819 29
0 4820 27
0 4821 27
0 4822 27
0 4823 28
0 4824 28
0 4825 28
0 4826 28
0 4827 29
0 4828 28
0 4829 28
0 4830 28
0 4831 27
0 4832 27
0 4833 27
0 4834 27
0 4835 28
0 4836 28
0 4837 28
0 4838 29
0 4839 28
0 4840 27
0 4841 27
0 4842 28
0 4843 28
0 4844 28
0 4845 28
0 4846 28
0 4847 28
0 4848 28
0 4849 28
0 4850 28
0 4851 28
0 4852 27
0 4853 27
0 4854 28
0 4855 27
0 4856 29
0 4857 28
0 4858 29
0 4859 29
0 4860 28
0 4861 27
0 4862 28
0 4863 28
0 4864 28
0 4865 28
0 4866 28
0 4867 29
0 4868 29
0 4869 29
0 4870 29
0 4871 29
0 4872 29
0 4873 28
0 4874 28
0 4875 28
0 4876 29
0 4877 29
0 4878 28
0 4879 29
0 4880 28
0 4881 27
0 4882 28
0 4883 27
0 4884 28
0 4885 28
0 4886 28
0 4887 28
0 4888 28
0 4889 29
0 4890 29
0 4891 29
0 4892 28
0 4893 28
0 4894 28
0 4895 28
0 4896 29
0 4897 29
0 4898 28
0 4899 29
0 4900 28
0 4901 27
0 4902 27
0 4903 28
0 4904 28
0 4905 28
0 4906 28
0 4907 28
0 4908 28
0 4909 28
0 4910 28
0 4911 28
0 4912 28
0 4913 27
0 4914 28
0 4915 27
0 4916 29
0 4917 28
0 4918 29
0 4919 29
0 4920 27
0 4921 27
0 4922 27
0 4923 28
0 4924 28
0 4925 28
0 4926 28
0 4927 29
0 4928 27
0 4929 28
0 4930 28
0 4931 28
0 4932 27
0 4933 28
0 4934 27
0 4935 27
0 4936 28
0 4937 28
0 4938 29
0 4939 28
0 4940 27
0 4941 27
0 4942 28
0 4943 28
0 4944 28
0 4945 28
0 4946 29
0 4947 28
0 4948 28
0 4949 28
0 4950 29
0 4951 28
0 4952 28
0 4953 28
0 4954 28
0 4955 27
0 4956 28
0 4957 28
0 4958 29
0 4959 29
0 4960 27
0 4961 27
0 4962 28
0 4963 29
0 4964 27
0 4965 27
0 4966 28
0 4967 28
0 4968 29
0 4969 29
0 4970 29
0 4971 29
0 4972 28
0 4973 28
0 4974 28
0 4975 27
0 4976 29
0 4977 28
0 4978 28
0 4979 29
0 4980 28
0 4981 28
0 4982 27
0 4983 27
0 4984 27
0 4985 27
0 4986 28
0 4987 28
0 4988 29
0 4989 29
0 4990 29
0 4991 28
0 4992 28
0 4993 28
0 4994 29
0 4995 28
0 4996 29
0 4997 29
0 4998 29
0 4999 28
0 5000 29
0 5001 27
0 5002 29
0 5003 28
0 5004 28
0 5005 27
0 5006 27
0 5007 27
0 5008 27
0 5009 27
0 5010 28
0 5011 29
0 5012 29
0 5013 29
0 5014 29
0 5015 29
0 5016 28
0 5017 28
0 5018 27
0 5019 28
0 5020 28
0 5021 29
0 5022 29
0 5023 29
0 5024 29
0 5025 29
0 5026 29
0 5027 29
0 5028 28
0 5029 28
0 5030 28
0 5031 28
0 5032 29
0 5033 29
0 5034 29
0 5035 29
0 5036 28
0 5037 29
0 5038 28
0 5039 28
0 5040 28
0 5041 29
0 5042 29
0 5043 29
0 5044 29
0 5045 29
0 5046 29
0 5047 28
0 5048 28
0 5049 28
0 5050 28
0 5051 28
0 5052 28
0 5053 28
0 5054 29
0 5055 29
0 5056 28
0 5057 28
0 5058 27
0 5059 28
0 5060 28
0 5061 28
0 5062 29
0 5063 29
0 5064 29
0 5065 29
0 5066 29
0 5067 28
0 5068 28
0 5069 28
0 5070 28
0 5071 28
0 5072 28
0 5073 28
0 5074 28
0 5075 28
0 5076 28
0 5077 28
0 5078 27
0 5079 28
0 5080 28
0 5081 28
0 5082 29
0 5083 29
0 5084 29
0 5085 29
0 5086 29
0 5087 28
0 5088 28
0 5089 28
0 5090 28
0 5091 28
0 5092 28
0 5093 28
0 5094 28
0 5095 28
0 5096 28
0 5097 28
0 5098 27
0 5099 27
0 5100 28
0 5101 28
0 5102 29
0 5103 29
0 5104 29
0 5105 29
0 5106 28
0 5107 28
0 5108 28
0 5109 28
0 5110 28
0 5111 28
0 5112 28
0 5113 28
0 5114 29
0 5115 29
0 5116 28
0 5117 28
0 5118 28
0 5119 28
0 5120 29
0 5121 29
0 5122 29
0 5123 28
0 5124 28
0 5125 29
0 5126 28
0 5127 29
0 5128 28
0 5129 28
0 5130 28
0 5131 28
0 5132 28
0 5133 29
0 5134 29
0 5135 29
0 5136 28
0 5137 28
0 5138 28
0 5139 28
0 5140 28
0 5141 28
0 5142 29
0 5143 29
0 5144 29
0 5145 29
0 5146 29
0 5147 29
0 5148 28
0 5149 28
0 5150 28
0 5151 28
0 5152 28
0 5153 29
0 5154 28
0 5155 28
0 5156 28
0 5157 28
0 5158 28
0 5159 28
0 5160 28
0 5161 28
0 5162 29
0 5163 29
0 5164 29
0 5165 29
0 5166 28
0 5167 28
0 5168 28
0 5169 28
0 5170 28
0 5171 28
0 5172 28
0 5173 28
0 5174 28
0 5175 29
0 5176 28
0 5177 28
0 5178 27
0 5179 27
0 5180 28
0 5181 28
0 5182 29
0 5183 29
0 5184 29
0 5185 29
0 5186 28
0 5187 28
0 5188 28
0 5189 28
0 5190 28
0 5191 28
0 5192 28
0 5193 28
0 5194 28
0 5195 28
0 5196 28
0 5197 28
0 5198 28
0 5199 27
0 5200 28
0 5201 28
0 5202 29
0 5203 29
0 5204 29
0 5205 29
0 5206 29
0 5207 28
0 5208 28
0 5209 28
0 5210 28
0 5211 28
0 5212 28
0 5213 28
0 5214 29
0 5215 29
0 5216 28
0 5217 28
0 5218 27
0 5219 28
0 5220 28
0 5221 28
0 5222 29
0 5223 29
0 5224 29
0 5225 29
0 5226 29
0 5227 29
0 5228 28
0 5229 28
0 5230 28
0 5231 29
0 5232 28
0 5233 29
0 5234 29
0 5235 29
0 5236 28
0 5237 28
0 5238 28
0 5239 28
0 5240 29
0 5241 28
0 5242 29
0 5243 29
0 5244 29
0 5245 29
0 5246 29
0 5247 28
0 5248 28
0 5249 28
0 5250 28
0 5251 28
0 5252 28
0 5253 28
0 5254 28
0 5255 28
0 5256 28
0 5257 28
0 5258 26
0 5259 27
0 5260 28
0 5261 28
0 5262 29
0 5263 29
0 5264 29
0 5265 29
0 5266 28
0 5267 28
0 5268 28
0 5269 28
0 5270 28
0 5271 28
0 5272 28
0 5273 28
0 5274 28
0 5275 29
0 5276 28
0 5277 28
0 5278 28
0 5279 27
0 5280 28
0 5281 28
0 5282 29
0 5283 28
0 5284 28
0 5285 28
0 5286 28
0 5287 28
0 5288 28
0 5289 28
0 5290 28
0 5291 28
0 5292 28
0 5293 28
0 5294 28
0 5295 28
0 5296 28
0 5297 28
0 5298 26
0 5299 27
0 5300 28
0 5301 28
0 5302 29
0 5303 29
0 5304 29
0 5305 29
0 5306 29
0 5307 28
0 5308 28
0 5309 28
0 5310 28
0 5311 28
0 5312 28
0 5313 29
0 5314 28
0 5315 29
0 5316 28
0 5317 28
0 5318 28
0 5319 28
0 5320 29
0 5321 28
0 5322 29
0 5323 29
0 5324 29
0 5325 29
0 5326 29
0 5327 29
0 5328 28
0 5329 28
0 5330 28
0 5331 28
0 5332 28
0 5333 28
0 5334 28
0 5335 29
0 5336 28
0 5337 28
0 5338 28
0 5339 28
0 5340 28
0 5341 29
0 5342 29
0 5343 29
0 5344 29
0 5345 29
0 5346 28
0 5347 28
0 5348 28
0 5349 28
0 5350 28
0 5351 28
0 5352 28
0 5353 28
0 5354 28
0 5355 29
0 5356 28
0 5357 28
0 5358 27
0 5359 27
0 5360 27
0 5361 28
0 5362 28
0 5363 28
0 5364 28
0 5365 28
0 5366 28
0 5367 28
0 5368 28
0 5369 28
0 5370 28
0 5371 28
0 5372 28
0 5373 28
0 5374 28
0 5375 28
0 5376 28
0 5377 28
0 5378 26
0 5379 27
0 5380 27
0 5381 27
0 5382 28
0 5383 28
0 5384 28
0 5385 28
0 5386 28
0 5387 28
0 5388 28
0 5389 28
0 5390 28
0 5391 28
0 5392 28
0 5393 28
0 5394 28
0 5395 28
0 5396 28
0 5397 28
0 5398 27
0 5399 27
0 5400 28
0 5401 28
0 5402 29
0 5403 28
0 5404 28
0 5405 29
0 5406 28
0 5407 28
0 5408 28
0 5409 28
0 5410 28
0 5411 28
0 5412 28
0 5413 28
0 5414 28
0 5415 29
0 5416 28
0 5417 28
0 5418 27
0 5419 28
0 5420 28
0 5421 28
0 5422 29
0 5423 29
0 5424 29
0 5425 29
0 5426 29
0 5427 28
0 5428 28
0 5429 28
0 5430 28
0 5431 28
0 5432 28
0 5433 29
0 5434 29
0 5435 29
0 5436 28
0 5437 28
0 5438 28
0 5439 28
0 5440 28
0 5441 28
0 5442 29
0 5443 28
0 5444 28
0 5445 28
0 5446 28
0 5447 28
0 5448 28
0 5449 28
0 5450 28
0 5451 28
0 5452 28
0 5453 28
0 5454 28
0 5455 28
0 5456 28
0 5457 28
0 5458 26
0 5459 27
0 5460 27
0 5461 28
0 5462 29
0 5463 28
0 5464 28
0 5465 28
0 5466 28
0 5467 28
0 5468 28
0 5469 28
0 5470 28
0 5471 28
0 5472 28
0 5473 28
0 5474 28
0 5475 28
0 5476 27
0 5477 28
0 5478 26
0 5479 27
0 5480 28
0 5481 28
0 5482 29
0 5483 28
0 5484 28
0 5485 28
0 5486 28
0 5487 28
0 5488 28
0 5489 28
0 5490 28
0 5491 28
0 5492 28
0 5493 28
0 5494 28
0 5495 28
0 5496 28
0 5497 28
0 5498 27
0 5499 28
0 5500 28
0 5501 28
0 5502 28
0 5503 26
0 5504 27
0 5505 28
0 5506 28
0 5507 28
0 5508 28
0 5509 28
0 5510 28
0 5511 27
0 5512 27
0 5513 27
0 5514 27
0 5515 28
0 5516 27
0 5517 27
0 5518 28
0 5519 28
0 5520 27
0 5521 28
0 5522 26
0 5523 27
0 5524 27
0 5525 26
0 5526 26
0 5527 26
0 5528 26
0 5529 26
0 5530 27
0 5531 27
0 5532 28
0 5533 27
0 5534 26
0 5535 27
0 5536 27
0 5537 27
0 5538 28
0 5539 28
0 5540 28
0 5541 28
0 5542 27
0 5543 28
0 5544 27
0 5545 27
0 5546 26
0 5547 26
0 5548 27
0 5549 27
0 5550 27
0 5551 27
0 5552 27
0 5553 27
0 5554 27
0 5555 27
0 5556 28
0 5557 27
0 5558 28
0 5559 28
0 5560 27
0 5561 29
0 5562 26
0 5563 26
0 5564 27
0 5565 26
0 5566 26
0 5567 27
0 5568 27
0 5569 28
0 5570 28
0 5571 28
0 5572 28
0 5573 28
0 5574 27
0 5575 27
0 5576 28
0 5577 27
0 5578 28
0 5579 28
0 5580 27
0 5581 27
0 5582 26
0 5583 27
0 5584 26
0 5585 27
0 5586 27
0 5587 28
0 5588 28
0 5589 28
0 5590 27
0 5591 27
0 5592 27
0 5593 27
0 5594 27
0 5595 26
0 5596 27
0 5597 27
0 5598 28
0 5599 28
0 5600 27
0 5601 28
0 5602 26
0 5603 26
0 5604 27
0 5605 27
0 5606 26
0 5607 27
0 5608 27
0 5609 27
0 5610 27
0 5611 27
0 5612 27
0 5613 27
0 5614 26
0 5615 27
0 5616 27
0 5617 27
0 5618 28
0 5619 28
0 5620 27
0 5621 28
0 5622 27
0 5623 27
0 5624 27
0 5625 27
0 5626 26
0 5627 26
0 5628 26
0 5629 27
0 5630 27
0 5631 27
0 5632 27
0 5633 27
0 5634 27
0 5635 26
0 5636 28
0 5637 28
0 5638 28
0 5639 28
0 5640 27
0 5641 28
0 5642 26
0 5643 26
0 5644 26
0 5645 26
0 5646 26
0 5647 27
0 5648 27
0 5649 28
0 5650 27
0 5651 28
0 5652 28
0 5653 28
0 5654 27
0 5655 27
0 5656 28
0 5657 28
0 5658 28
0 5659 28
0 5660 27
0 5661 28
0 5662 26
0 5663 26
0 5664 26
0 5665 27
0 5666 27
0 5667 27
0 5668 28
0 5669 28
0 5670 28
0 5671 27
0 5672 28
0 5673 27
0 5674 27
0 5675 27
0 5676 28
0 5677 28
0 5678 28
0 5679 28
0 5680 28
0 5681 28
0 5682 27
0 5683 26
0 5684 27
0 5685 27
0 5686 27
0 5687 27
0 5688 28
0 5689 28
0 5690 28
0 5691 27
0 5692 27
0 5693 27
0 5694 27
0 5695 27
0 5696 28
0 5697 27
0 5698 28
0 5699 28
0 5700 28
0 5701 29
0 5702 26
0 5703 27
0 5704 26
0 5705 26
0 5706 27
0 5707 27
0 5708 27
0 5709 27
0 5710 27
0 5711 27
0 5712 27
0 5713 27
0 5714 27
0 5715 26
0 5716 27
0 5717 27
0 5718 27
0 5719 28
0 5720 27
0 5721 28
0 5722 27
0 5723 28
0 5724 27
0 5725 27
0 5726 26
0 5727 26
0 5728 26
0 5729 27
0 5730 27
0 5731 27
0 5732 27
0 5733 27
0 5734 26
0 5735 26
0 5736 27
0 5737 27
0 5738 28
0 5739 28
0 5740 27
0 5741 29
0 5742 26
0 5743 26
0 5744 26
0 5745 27
0 5746 27
0 5747 27
0 5748 28
0 5749 28
0 5750 28
0 5751 28
0 5752 27
0 5753 27
0 5754 27
0 5755 27
0 5756 28
0 5757 28
0 5758 28
0 5759 28
0 5760 28
0 5761 28
0 5762 27
0 5763 27
0 5764 28
0 5765 28
0 5766 27
0 5767 28
0 5768 28
0 5769 28
0 5770 28
0 5771 28
0 5772 28
0 5773 28
0 5774 27
0 5775 27
0 5776 28
0 5777 28
0 5778 28
0 5779 28
0 5780 28
0 5781 28
0 5782 27
0 5783 27
0 5784 27
0 5785 27
0 5786 27
0 5787 27
0 5788 28
0 5789 28
0 5790 28
0 5791 28
0 5792 27
0 5793 28
0 5794 27
0 5795 27
0 5796 28
0 5797 28
0 5798 28
0 5799 28
0 5800 27
0 5801 29
0 5802 26
0 5803 26
0 5804 26
0 5805 27
0 5806 27
0 5807 27
0 5808 27
0 5809 27
0 5810 27
0 5811 27
0 5812 27
0 5813 27
0 5814 27
0 5815 26
0 5816 27
0 5817 27
0 5818 28
0 5819 28
0 5820 27
0 5821 28
0 5822 26
0 5823 27
0 5824 27
0 5825 26
0 5826 27
0 5827 27
0 5828 27
0 5829 28
0 5830 28
0 5831 27
0 5832 27
0 5833 27
0 5834 27
0 5835 26
0 5836 28
0 5837 27
0 5838 28
0 5839 28
0 5840 27
0 5841 28
0 5842 26
0 5843 26
0 5844 27
0 5845 27
0 5846 27
0 5847 27
0 5848 27
0 5849 28
0 5850 28
0 5851 28
0 5852 27
0 5853 28
0 5854 27
0 5855 27
0 5856 28
0 5857 28
0 5858 28
0 5859 28
0 5860 28
0 5861 28
0 5862 27
0 5863 27
0 5864 27
0 5865 27
0 5866 27
0 5867 28
0 5868 28
0 5869 28
0 5870 28
0 5871 28
0 5872 28
0 5873 27
0 5874 27
0 5875 27
0 5876 28
0 5877 28
0 5878 28
0 5879 28
0 5880 27
0 5881 29
0 5882 27
0 5883 26
0 5884 27
0 5885 27
0 5886 27
0 5887 27
0 5888 27
0 5889 28
0 5890 28
0 5891 28
0 5892 28
0 5893 28
0 5894 28
0 5895 27
0 5896 28
0 5897 28
0 5898 28
0 5899 28
0 5900 28
0 5901 28
0 5902 26
0 5903 26
0 5904 26
0 5905 26
0 5906 27
0 5907 27
0 5908 27
0 5909 28
0 5910 27
0 5911 27
0 5912 27
0 5913 27
0 5914 27
0 5915 26
0 5916 27
0 5917 27
0 5918 28
0 5919 28
0 5920 27
0 5921 28
0 5922 26
0 5923 26
0 5924 26
0 5925 27
0 5926 26
0 5927 27
0 5928 27
0 5929 28
0 5930 28
0 5931 28
0 5932 27
0 5933 27
0 5934 27
0 5935 27
0 5936 28
0 5937 27
0 5938 28
0 5939 28
0 5940 28
0 5941 28
0 5942 26
0 5943 27
0 5944 27
0 5945 27
0 5946 27
0 5947 28
0 5948 28
0 5949 28
0 5950 28
0 5951 28
0 5952 28
0 5953 28
0 5954 28
0 5955 27
0 5956 28
0 5957 28
0 5958 28
0 5959 28
0 5960 28
0 5961 28
0 5962 27
0 5963 27
0 5964 27
0 5965 27
0 5966 27
0 5967 28
0 5968 28
0 5969 28
0 5970 28
0 5971 28
0 5972 28
0 5973 28
0 5974 27
0 5975 27
0 5976 28
0 5977 28
0 5978 28
0 5979 28
0 5980 28
0 5981 28
0 5982 26
0 5983 26
0 5984 27
0 5985 27
0 5986 27
0 5987 28
0 5988 28
0 5989 28
0 5990 28
0 5991 28
0 5992 28
0 5993 28
0 5994 27
0 5995 26
0 5996 28
0 5997 28
0 5998 28
0 5999 28
0 6000 28
0 6001 29
0 6002 28
0 6003 28
0 6004 28
0 6005 28
0 6006 27
0 6007 26
0 6008 27
0 6009 27
0 6010 28
0 6011 28
0 6012 28
0 6013 28
0 6014 28
0 6015 28
0 6016 28
0 6017 28
0 6018 27
0 6019 28
0 6020 27
0 6021 27
0 6022 28
0 6023 28
0 6024 28
0 6025 28
0 6026 28
0 6027 28
0 6028 28
0 6029 28
0 6030 28
0 6031 28
0 6032 28
0 6033 28
0 6034 28
0 6035 28
0 6036 27
0 6037 27
0 6038 27
0 6039 28
0 6040 27
0 6041 28
0 6042 28
0 6043 28
0 6044 28
0 6045 28
0 6046 28
0 6047 28
0 6048 28
0 6049 27
0 6050 26
0 6051 26
0 6052 27
0 6053 27
0 6054 28
0 6055 28
0 6056 27
0 6057 26
0 6058 28
0 6059 28
0 6060 27
0 6061 28
0 6062 28
0 6063 28
0 6064 28
0 6065 28
0 6066 28
0 6067 28
0 6068 28
0 6069 27
0 6070 27
0 6071 27
0 6072 28
0 6073 27
0 6074 28
0 6075 28
0 6076 28
0 6077 27
0 6078 27
0 6079 28
0 6080 27
0 6081 28
0 6082 28
0 6083 28
0 6084 28
0 6085 28
0 6086 28
0 6087 28
0 6088 28
0 6089 28
0 6090 28
0 6091 28
0 6092 28
0 6093 28
0 6094 28
0 6095 28
0 6096 28
0 6097 28
0 6098 27
0 6099 27
0 6100 27
0 6101 28
0 6102 28
0 6103 28
0 6104 28
0 6105 28
0 6106 28
0 6107 28
0 6108 28
0 6109 28
0 6110 28
0 6111 28
0 6112 28
0 6113 28
0 6114 28
0 6115 28
0 6116 28
0 6117 28
0 6118 28
0 6119 28
0 6120 28
0 6121 28
0 6122 28
0 6123 28
0 6124 28
0 6125 28
0 6126 28
0 6127 28
0 6128 28
0 6129 28
0 6130 28
0 6131 28
0 6132 28
0 6133 28
0 6134 28
0 6135 28
0 6136 28
0 6137 28
0 6138 28
0 6139 28
0 6140 27
0 6141 28
0 6142 28
0 6143 28
0 6144 28
0 6145 28
0 6146 28
0 6147 27
0 6148 27
0 6149 27
0 6150 27
0 6151 27
0 6152 27
0 6153 27
0 6154 28
0 6155 28
0 6156 26
0 6157 27
0 6158 28
0 6159 28
0 6160 27
0 6161 27
0 6162 28
0 6163 28
0 6164 28
0 6165 28
0 6166 28
0 6167 28
0 6168 28
0 6169 27
0 6170 27
0 6171 27
0 6172 28
0 6173 27
0 6174 28
0 6175 28
0 6176 27
0 6177 26
0 6178 28
0 6179 28
0 6180 27
0 6181 27
0 6182 28
0 6183 28
0 6184 28
0 6185 28
0 6186 28
0 6187 28
0 6188 28
0 6189 28
0 6190 28
0 6191 28
0 6192 28
0 6193 28
0 6194 28
0 6195 28
0 6196 28
0 6197 28
0 6198 27
0 6199 27
0 6200 28
0 6201 28
0 6202 28
0 6203 28
0 6204 28
0 6205 28
0 6206 28
0 6207 28
0 6208 28
0 6209 28
0 6210 28
0 6211 28
0 6212 28
0 6213 28
0 6214 28
0 6215 28
0 6216 28
0 6217 28
0 6218 28
0 6219 27
0 6220 27
0 6221 28
0 6222 28
0 6223 28
0 6224 28
0 6225 28
0 6226 28
0 6227 28
0 6228 28
0 6229 27
0 6230 28
0 6231 28
0 6232 28
0 6233 28
0 6234 28
0 6235 28
0 6236 27
0 6237 28
0 6238 28
0 6239 28
0 6240 27
0 6241 27
0 6242 28
0 6243 28
0 6244 28
0 6245 28
0 6246 28
0 6247 28
0 6248 28
0 6249 27
0 6250 27
0 6251 27
0 6252 27
0 6253 27
0 6254 27
0 6255 28
0 6256 27
0 6257 26
0 6258 28
0 6259 27
0 6260 28
0 6261 28
0 6262 27
0 6263 28
0 6264 28
0 6265 28
0 6266 28
0 6267 28
0 6268 27
0 6269 27
0 6270 27
0 6271 27
0 6272 27
0 6273 27
0 6274 27
0 6275 28
0 6276 28
0 6277 27
0 6278 28
0 6279 28
0 6280 27
0 6281 27
0 6282 28
0 6283 28
0 6284 28
0 6285 28
0 6286 28
0 6287 28
0 6288 28
0 6289 28
0 6290 28
0 6291 28
0 6292 27
0 6293 28
0 6294 28
0 6295 28
0 6296 28
0 6297 28
0 6298 27
0 6299 27
0 6300 28
0 6301 28
0 6302 28
0 6303 28
0 6304 28
0 6305 28
0 6306 28
0 6307 28
0 6308 28
0 6309 28
0 6310 28
0 6311 28
0 6312 28
0 6313 28
0 6314 28
0 6315 28
0 6316 28
0 6317 28
0 6318 28
0 6319 28
0 6320 28
0 6321 28
0 6322 28
0 6323 28
0 6324 28
0 6325 28
0 6326 28
0 6327 28
0 6328 28
0 6329 28
0 6330 28
0 6331 28
0 6332 28
0 6333 28
0 6334 28
0 6335 28
0 6336 27
0 6337 27
0 6338 28
0 6339 27
0 6340 28
0 6341 27
0 6342 28
0 6343 28
0 6344 28
0 6345 28
0 6346 28
0 6347 28
0 6348 27
0 6349 27
0 6350 27
0 6351 27
0 6352 27
0 6353 27
0 6354 27
0 6355 28
0 6356 29
0 6357 26
0 6358 28
0 6359 28
0 6360 28
0 6361 28
0 6362 27
0 6363 28
0 6364 28
0 6365 28
0 6366 28
0 6367 28
0 6368 28
0 6369 27
0 6370 27
0 6371 26
0 6372 27
0 6373 27
0 6374 28
0 6375 28
0 6376 27
0 6377 27
0 6378 28
0 6379 28
0 6380 27
0 6381 28
0 6382 28
0 6383 28
0 6384 28
0 6385 28
0 6386 28
0 6387 28
0 6388 28
0 6389 27
0 6390 28
0 6391 27
0 6392 28
0 6393 28
0 6394 28
0 6395 28
0 6396 27
0 6397 27
0 6398 27
0 6399 28
0 6400 27
0 6401 28
0 6402 28
0 6403 28
0 6404 28
0 6405 28
0 6406 28
0 6407 28
0 6408 28
0 6409 28
0 6410 28
0 6411 28
0 6412 28
0 6413 28
0 6414 28
0 6415 28
0 6416 28
0 6417 28
0 6418 28
0 6419 28
0 6420 27
0 6421 27
0 6422 28
0 6423 28
0 6424 28
0 6425 28
0 6426 28
0 6427 28
0 6428 28
0 6429 27
0 6430 27
0 6431 27
0 6432 28
0 6433 27
0 6434 27
0 6435 28
0 6436 27
0 6437 27
0 6438 28
0 6439 29
0 6440 27
0 6441 28
0 6442 28
0 6443 28
0 6444 28
0 6445 28
0 6446 28
0 6447 28
0 6448 28
0 6449 27
0 6450 27
0 6451 28
0 6452 28
0 6453 27
0 6454 27
0 6455 27
0 6456 28
0 6457 27
0 6458 27
0 6459 27
0 6460 28
0 6461 28
0 6462 28
0 6463 28
0 6464 28
0 6465 28
0 6466 28
0 6467 26
0 6468 27
0 6469 27
0 6470 28
0 6471 28
0 6472 27
0 6473 27
0 6474 27
0 6475 28
0 6476 28
0 6477 26
0 6478 27
0 6479 27
0 6480 27
0 6481 27
0 6482 28
0 6483 28
0 6484 28
0 6485 28
0 6486 28
0 6487 28
0 6488 28
0 6489 27
0 6490 27
0 6491 27
0 6492 27
0 6493 27
0 6494 28
0 6495 28
0 6496 28
0 6497 27
0 6498 28
0 6499 28
0 6500 27
0 6501 27
0 6502 26
0 6503 28
0 6504 27
0 6505 26
0 6506 26
0 6507 26
0 6508 26
0 6509 26
0 6510 26
0 6511 28
0 6512 28
0 6513 27
0 6514 27
0 6515 27
0 6516 27
0 6517 26
0 6518 26
0 6519 26
0 6520 26
0 6521 26
0 6522 28
0 6523 28
0 6524 28
0 6525 28
0 6526 27
0 6527 28
0 6528 27
0 6529 26
0 6530 26
0 6531 26
0 6532 26
0 6533 26
0 6534 26
0 6535 26
0 6536 26
0 6537 26
0 6538 26
0 6539 26
0 6540 26
0 6541 26
0 6542 27
0 6543 27
0 6544 28
0 6545 28
0 6546 27
0 6547 26
0 6548 26
0 6549 26
0 6550 26
0 6551 26
0 6552 26
0 6553 26
0 6554 26
0 6555 26
0 6556 26
0 6557 26
0 6558 26
0 6559 26
0 6560 26
0 6561 26
0 6562 27
0 6563 27
0 6564 26
0 6565 26
0 6566 26
0 6567 26
0 6568 26
0 6569 26
0 6570 26
0 6571 26
0 6572 26
0 6573 26
0 6574 26
0 6575 28
0 6576 26
0 6577 26
0 6578 26
0 6579 26
0 6580 26
0 6581 26
0 6582 27
0 6583 28
0 6584 28
0 6585 28
0 6586 27
0 6587 27
0 6588 26
0 6589 26
0 6590 26
0 6591 26
0 6592 26
0 6593 27
0 6594 27
0 6595 28
0 6596 26
0 6597 26
0 6598 26
0 6599 26
0 6600 26
0 6601 27
0 6602 28
0 6603 28
0 6604 28
0 6605 28
0 6606 28
0 6607 28
0 6608 27
0 6609 26
0 6610 26
0 6611 26
0 6612 26
0 6613 26
0 6614 26
0 6615 28
0 6616 26
0 6617 26
0 6618 26
0 6619 26
0 6620 26
0 6621 26
0 6622 28
0 6623 28
0 6624 28
0 6625 28
0 6626 27
0 6627 26
0 6628 26
0 6629 26
0 6630 26
0 6631 26
0 6632 26
0 6633 26
0 6634 26
0 6635 27
0 6636 26
0 6637 26
0 6638 26
0 6639 26
0 6640 26
0 6641 26
0 6642 26
0 6643 27
0 6644 26
0 6645 26
0 6646 26
0 6647 26
0 6648 26
0 6649 26
0 6650 26
0 6651 26
0 6652 26
0 6653 26
0 6654 26
0 6655 26
0 6656 26
0 6657 26
0 6658 26
0 6659 26
0 6660 26
0 6661 26
0 6662 26
0 6663 27
0 6664 27
0 6665 27
0 6666 26
0 6667 26
0 6668 26
0 6669 26
0 6670 26
0 6671 26
0 6672 26
0 6673 26
0 6674 26
0 6675 26
0 6676 26
0 6677 26
0 6678 26
0 6679 26
0 6680 26
0 6681 26
0 6682 27
0 6683 28
0 6684 27
0 6685 28
0 6686 27
0 6687 26
0 6688 26
0 6689 26
0 6690 26
0 6691 26
0 6692 26
0 6693 26
0 6694 28
0 6695 27
0 6696 26
0 6697 26
0 6698 26
0 6699 26
0 6700 26
0 6701 27
0 6702 28
0 6703 28
0 6704 28
0 6705 28
0 6706 27
0 6707 27
0 6708 26
0 6709 26
0 6710 26
0 6711 26
0 6712 26
0 6713 26
0 6714 26
0 6715 28
0 6716 26
0 6717 26
0 6718 26
0 6719 26
0 6720 26
0 6721 26
0 6722 26
0 6723 27
0 6724 26
0 6725 26
0 6726 26
0 6727 26
0 6728 26
0 6729 26
0 6730 26
0 6731 26
0 6732 26
0 6733 26
0 6734 26
0 6735 26
0 6736 26
0 6737 26
0 6738 26
0 6739 26
0 6740 26
0 6741 26
0 6742 26
0 6743 27
0 6744 26
0 6745 26
0 6746 26
0 6747 26
0 6748 26
0 6749 26
0 6750 26
0 6751 26
0 6752 26
0 6753 26
0 6754 26
0 6755 26
0 6756 26
0 6757 26
0 6758 26
0 6759 26
0 6760 26
0 6761 26
0 6762 26
0 6763 27
0 6764 26
0 6765 26
0 6766 26
0 6767 26
0 6768 26
0 6769 26
0 6770 26
0 6771 26
0 6772 26
0 6773 26
0 6774 26
0 6775 26
0 6776 26
0 6777 26
0 6778 26
0 6779 26
0 6780 26
0 6781 26
0 6782 27
0 6783 27
0 6784 28
0 6785 26
0 6786 26
0 6787 26
0 6788 26
0 6789 26
0 6790 26
0 6791 26
0 6792 26
0 6793 26
0 6794 26
0 6795 28
0 6796 26
0 6797 26
0 6798 26
0 6799 26
0 6800 26
0 6801 26
0 6802 27
0 6803 28
0 6804 28
0 6805 28
0 6806 28
0 6807 27
0 6808 27
0 6809 26
0 6810 26
0 6811 26
0 6812 26
0 6813 26
0 6814 26
0 6815 28
0 6816 26
0 6817 26
0 6818 26
0 6819 26
0 6820 26
0 6821 26
0 6822 27
0 6823 27
0 6824 27
0 6825 26
0 6826 26
0 6827 26
0 6828 26
0 6829 26
0 6830 26
0 6831 26
0 6832 26
0 6833 26
0 6834 26
0 6835 26
0 6836 26
0 6837 26
0 6838 26
0 6839 26
0 6840 26
0 6841 26
0 6842 26
0 6843 26
0 6844 26
0 6845 26
0 6846 26
0 6847 26
0 6848 26
0 6849 26
0 6850 26
0 6851 26
0 6852 26
0 6853 26
0 6854 26
0 6855 26
0 6856 26
0 6857 26
0 6858 26
0 6859 26
0 6860 26
0 6861 26
0 6862 26
0 6863 27
0 6864 26
0 6865 26
0 6866 26
0 6867 26
0 6868 26
0 6869 26
0 6870 26
0 6871 26
0 6872 26
0 6873 26
0 6874 26
0 6875 26
0 6876 26
0 6877 26
0 6878 26
0 6879 26
0 6880 26
0 6881 26
0 6882 27
0 6883 27
0 6884 27
0 6885 26
0 6886 26
0 6887 26
0 6888 26
0 6889 26
0 6890 26
0 6891 26
0 6892 26
0 6893 26
0 6894 26
0 6895 27
0 6896 26
0 6897 26
0 6898 26
0 6899 26
0 6900 26
0 6901 26
0 6902 27
0 6903 28
0 6904 28
0 6905 28
0 6906 27
0 6907 27
0 6908 26
0 6909 26
0 6910 26
0 6911 26
0 6912 26
0 6913 26
0 6914 26
0 6915 26
0 6916 26
0 6917 26
0 6918 26
0 6919 26
0 6920 26
0 6921 26
0 6922 27
0 6923 27
0 6924 26
0 6925 26
0 6926 26
0 6927 26
0 6928 26
0 6929 26
0 6930 26
0 6931 26
0 6932 26
0 6933 26
0 6934 26
0 6935 26
0 6936 26
0 6937 26
0 6938 26
0 6939 26
0 6940 26
0 6941 26
0 6942 26
0 6943 26
0 6944 26
0 6945 26
0 6946 26
0 6947 26
0 6948 26
0 6949 26
0 6950 26
0 6951 26
0 6952 26
0 6953 26
0 6954 26
0 6955 26
0 6956 26
0 6957 26
0 6958 26
0 6959 26
0 6960 26
0 6961 26
0 6962 26
0 6963 26
0 6964 26
0 6965 26
0 6966 26
0 6967 26
0 6968 26
0 6969 26
0 6970 26
0 6971 26
0 6972 26
0 6973 26
0 6974 26
0 6975 26
0 6976 26
0 6977 26
0 6978 26
0 6979 26
0 6980 26
0 6981 26
0 6982 27
0 6983 27
0 6984 27
0 6985 27
0 6986 26
0 6987 26
0 6988 26
0 6989 26
0 6990 26
0 6991 26
0 6992 26
0 6993 26
0 6994 26
0 6995 27
0 6996 26
0 6997 26
0 6998 26
0 6999 26
0 7000 26
0 7001 26
0 7002 26
0 7003 27
0 7004 26
0 7005 27
0 7006 27
0 7007 27
0 7008 27
0 7009 26
0 7010 25
0 7011 26
0 7012 26
0 7013 26
0 7014 26
0 7015 26
0 7016 26
0 7017 27
0 7018 27
0 7019 27
0 7020 26
0 7021 26
0 7022 26
0 7023 26
0 7024 26
0 7025 26
0 7026 27
0 7027 25
0 7028 27
0 7029 26
0 7030 27
0 7031 27
0 7032 25
0 7033 26
0 7034 26
0 7035 26
0 7036 27
0 7037 26
0 7038 27
0 7039 27
0 7040 25
0 7041 26
0 7042 25
0 7043 26
0 7044 26
0 7045 26
0 7046 26
0 7047 25
0 7048 26
0 7049 27
0 7050 27
0 7051 27
0 7052 26
0 7053 25
0 7054 26
0 7055 26
0 7056 26
0 7057 27
0 7058 27
0 7059 27
0 7060 25
0 7061 26
0 7062 26
0 7063 26
0 7064 26
0 7065 26
0 7066 26
0 7067 27
0 7068 26
0 7069 26
0 7070 26
0 7071 26
0 7072 26
0 7073 26
0 7074 26
0 7075 26
0 7076 26
0 7077 26
0 7078 27
0 7079 27
0 7080 25
0 7081 26
0 7082 26
0 7083 26
0 7084 26
0 7085 26
0 7086 26
0 7087 26
0 7088 26
0 7089 26
0 7090 27
0 7091 26
0 7092 26
0 7093 26
0 7094 26
0 7095 26
0 7096 26
0 7097 27
0 7098 27
0 7099 27
0 7100 26
0 7101 26
0 7102 26
0 7103 26
0 7104 26
0 7105 26
0 7106 26
0 7107 26
0 7108 26
0 7109 26
0 7110 26
0 7111 26
0 7112 26
0 7113 26
0 7114 26
0 7115 26
0 7116 26
0 7117 27
0 7118 27
0 7119 27
0 7120 25
0 7121 27
0 7122 26
0 7123 26
0 7124 26
0 7125 26
0 7126 26
0 7127 26
0 7128 26
0 7129 27
0 7130 27
0 7131 27
0 7132 25
0 7133 25
0 7134 26
0 7135 26
0 7136 26
0 7137 26
0 7138 27
0 7139 27
0 7140 26
0 7141 26
0 7142 26
0 7143 26
0 7144 26
0 7145 26
0 7146 27
0 7147 26
0 7148 27
0 7149 27
0 7150 27
0 7151 27
0 7152 25
0 7153 25
0 7154 26
0 7155 26
0 7156 27
0 7157 27
0 7158 27
0 7159 27
0 7160 25
0 7161 25
0 7162 26
0 7163 26
0 7164 26
0 7165 26
0 7166 26
0 7167 26
0 7168 26
0 7169 26
0 7170 27
0 7171 27
0 7172 27
0 7173 26
0 7174 25
0 7175 26
0 7176 27
0 7177 26
0 7178 28
0 7179 27
0 7180 26
0 7181 26
0 7182 26
0 7183 26
0 7184 26
0 7185 26
0 7186 26
0 7187 26
0 7188 26
0 7189 25
0 7190 26
0 7191 26
0 7192 26
0 7193 26
0 7194 26
0 7195 26
0 7196 27
0 7197 27
0 7198 27
0 7199 27
0 7200 26
0 7201 26
0 7202 26
0 7203 26
0 7204 26
0 7205 26
0 7206 26
0 7207 26
0 7208 26
0 7209 27
0 7210 26
0 7211 26
0 7212 26
0 7213 26
0 7214 26
0 7215 26
0 7216 27
0 7217 26
0 7218 27
0 7219 27
0 7220 26
0 7221 26
0 7222 26
0 7223 26
0 7224 26
0 7225 26
0 7226 27
0 7227 26
0 7228 27
0 7229 27
0 7230 27
0 7231 27
0 7232 26
0 7233 26
0 7234 25
0 7235 25
0 7236 27
0 7237 27
0 7238 27
0 7239 27
0 7240 25
0 7241 26
0 7242 26
0 7243 26
0 7244 26
0 7245 26
0 7246 27
0 7247 26
0 7248 27
0 7249 27
0 7250 27
0 7251 27
0 7252 27
0 7253 27
0 7254 25
0 7255 26
0 7256 26
0 7257 27
0 7258 26
0 7259 27
0 7260 26
0 7261 26
0 7262 26
0 7263 26
0 7264 26
0 7265 26
0 7266 27
0 7267 27
0 7268 27
0 7269 27
0 7270 27
0 7271 26
0 7272 26
0 7273 25
0 7274 26
0 7275 26
0 7276 27
0 7277 27
0 7278 27
0 7279 27
0 7280 25
0 7281 26
0 7282 26
0 7283 26
0 7284 26
0 7285 26
0 7286 26
0 7287 26
0 7288 26
0 7289 26
0 7290 26
0 7291 26
0 7292 26
0 7293 26
0 7294 26
0 7295 26
0 7296 26
0 7297 27
0 7298 27
0 7299 27
0 7300 26
0 7301 26
0 7302 26
0 7303 26
0 7304 26
0 7305 26
0 7306 26
0 7307 26
0 7308 26
0 7309 26
0 7310 26
0 7311 27
0 7312 25
0 7313 25
0 7314 26
0 7315 26
0 7316 27
0 7317 26
0 7318 27
0 7319 27
0 7320 26
0 7321 26
0 7322 26
0 7323 26
0 7324 26
0 7325 26
0 7326 27
0 7327 27
0 7328 26
0 7329 27
0 7330 27
0 7331 27
0 7332 27
0 7333 27
0 7334 27
0 7335 26
0 7336 27
0 7337 27
0 7338 27
0 7339 27
0 7340 26
0 7341 26
0 7342 25
0 7343 26
0 7344 26
0 7345 26
0 7346 27
0 7347 26
0 7348 27
0 7349 27
0 7350 27
0 7351 27
0 7352 26
0 7353 25
0 7354 25
0 7355 26
0 7356 27
0 7357 27
0 7358 27
0 7359 27
0 7360 25
0 7361 26
0 7362 26
0 7363 27
0 7364 26
0 7365 26
0 7366 25
0 7367 26
0 7368 27
0 7369 27
0 7370 27
0 7371 27
0 7372 26
0 7373 25
0 7374 26
0 7375 26
0 7376 27
0 7377 27
0 7378 27
0 7379 27
0 7380 26
0 7381 26
0 7382 26
0 7383 26
0 7384 26
0 7385 26
0 7386 26
0 7387 26
0 7388 26
0 7389 26
0 7390 26
0 7391 26
0 7392 26
0 7393 26
0 7394 26
0 7395 26
0 7396 26
0 7397 27
0 7398 27
0 7399 27
0 7400 25
0 7401 27
0 7402 26
0 7403 26
0 7404 26
0 7405 26
0 7406 26
0 7407 26
0 7408 26
0 7409 25
0 7410 26
0 7411 26
0 7412 26
0 7413 26
0 7414 26
0 7415 26
0 7416 27
0 7417 27
0 7418 27
0 7419 27
0 7420 26
0 7421 26
0 7422 26
0 7423 26
0 7424 26
0 7425 26
0 7426 27
0 7427 27
0 7428 26
0 7429 27
0 7430 27
0 7431 27
0 7432 27
0 7433 27
0 7434 27
0 7435 25
0 7436 27
0 7437 27
0 7438 28
0 7439 26
0 7440 26
0 7441 26
0 7442 26
0 7443 26
0 7444 26
0 7445 25
0 7446 27
0 7447 26
0 7448 27
0 7449 27
0 7450 27
0 7451 27
0 7452 27
0 7453 26
0 7454 26
0 7455 25
0 7456 27
0 7457 27
0 7458 27
0 7459 27
0 7460 26
0 7461 26
0 7462 25
0 7463 26
0 7464 26
0 7465 26
0 7466 25
0 7467 27
0 7468 27
0 7469 27
0 7470 27
0 7471 26
0 7472 26
0 7473 25
0 7474 26
0 7475 26
0 7476 27
0 7477 27
0 7478 27
0 7479 27
0 7480 25
0 7481 26
0 7482 26
0 7483 26
0 7484 26
0 7485 26
0 7486 26
0 7487 26
0 7488 26
0 7489 26
0 7490 26
0 7491 26
0 7492 26
0 7493 26
0 7494 27
0 7495 26
0 7496 27
0 7497 26
0 7498 27
0 7499 27
0 7500 26
0 7501 26
0 7502 26
0 7503 26
0 7504 26
0 7505 26
0 7506 26
0 7507 27
0 7508 26
0 7509 27
0 7510 27
0 7511 26
0 7512 26
0 7513 25
0 7514 25
0 7515 26
0 7516 27
0 7517 27
0 7518 27
0 7519 26
0 7520 26
0 7521 27
0 7522 26
0 7523 26
0 7524 26
0 7525 26
0 7526 25
0 7527 26
0 7528 27
0 7529 27
0 7530 27
0 7531 27
0 7532 27
0 7533 27
0 7534 26
0 7535 25
0 7536 27
0 7537 27
0 7538 27
0 7539 26
0 7540 26
0 7541 27
0 7542 25
0 7543 26
0 7544 27
0 7545 26
0 7546 27
0 7547 27
0 7548 27
0 7549 27
0 7550 27
0 7551 27
0 7552 26
0 7553 27
0 7554 27
0 7555 27
0 7556 26
0 7557 27
0 7558 27
0 7559 27
0 7560 26
0 7561 26
0 7562 25
0 7563 26
0 7564 26
0 7565 26
0 7566 27
0 7567 27
0 7568 26
0 7569 27
0 7570 27
0 7571 27
0 7572 27
0 7573 26
0 7574 26
0 7575 26
0 7576 26
0 7577 27
0 7578 27
0 7579 27
0 7580 26
0 7581 26
0 7582 26
0 7583 26
0 7584 26
0 7585 26
0 7586 26
0 7587 27
0 7588 26
0 7589 27
0 7590 27
0 7591 26
0 7592 26
0 7593 26
0 7594 26
0 7595 26
0 7596 27
0 7597 26
0 7598 28
0 7599 27
0 7600 25
0 7601 26
0 7602 26
0 7603 26
0 7604 26
0 7605 26
0 7606 26
0 7607 27
0 7608 25
0 7609 27
0 7610 27
0 7611 27
0 7612 27
0 7613 27
0 7614 26
0 7615 26
0 7616 27
0 7617 27
0 7618 27
0 7619 26
0 7620 26
0 7621 27
0 7622 25
0 7623 26
0 7624 25
0 7625 27
0 7626 26
0 7627 27
0 7628 27
0 7629 27
0 7630 27
0 7631 27
0 7632 27
0 7633 26
0 7634 27
0 7635 25
0 7636 27
0 7637 27
0 7638 27
0 7639 26
0 7640 26
0 7641 26
0 7642 25
0 7643 27
0 7644 26
0 7645 26
0 7646 27
0 7647 27
0 7648 27
0 7649 27
0 7650 27
0 7651 27
0 7652 27
0 7653 27
0 7654 27
0 7655 26
0 7656 27
0 7657 27
0 7658 27
0 7659 26
0 7660 26
0 7661 26
0 7662 25
0 7663 26
0 7664 26
0 7665 26
0 7666 27
0 7667 27
0 7668 27
0 7669 27
0 7670 27
0 7671 26
0 7672 25
0 7673 25
0 7674 26
0 7675 26
0 7676 27
0 7677 28
0 7678 27
0 7679 27
0 7680 25
0 7681 26
0 7682 25
0 7683 26
0 7684 26
0 7685 25
0 7686 26
0 7687 26
0 7688 26
0 7689 25
0 7690 26
0 7691 26
0 7692 25
0 7693 25
0 7694 26
0 7695 26
0 7696 27
0 7697 27
0 7698 27
0 7699 27
0 7700 26
0 7701 26
0 7702 26
0 7703 26
0 7704 26
0 7705 26
0 7706 26
0 7707 27
0 7708 26
0 7709 27
0 7710 27
0 7711 27
0 7712 27
0 7713 27
0 7714 27
0 7715 25
0 7716 27
0 7717 27
0 7718 27
0 7719 27
0 7720 26
0 7721 26
0 7722 25
0 7723 26
0 7724 26
0 7725 25
0 7726 27
0 7727 27
0 7728 27
0 7729 27
0 7730 27
0 7731 27
0 7732 27
0 7733 27
0 7734 27
0 7735 26
0 7736 27
0 7737 27
0 7738 27
0 7739 27
0 7740 26
0 7741 26
0 7742 25
0 7743 26
0 7744 26
0 7745 27
0 7746 27
0 7747 27
0 7748 27
0 7749 27
0 7750 27
0 7751 27
0 7752 27
0 7753 27
0 7754 27
0 7755 26
0 7756 27
0 7757 27
0 7758 27
0 7759 27
0 7760 25
0 7761 26
0 7762 25
0 7763 26
0 7764 26
0 7765 26
0 7766 26
0 7767 27
0 7768 26
0 7769 27
0 7770 26
0 7771 26
0 7772 25
0 7773 25
0 7774 26
0 7775 26
0 7776 27
0 7777 26
0 7778 28
0 7779 27
0 7780 26
0 7781 26
0 7782 26
0 7783 26
0 7784 26
0 7785 26
0 7786 26
0 7787 26
0 7788 26
0 7789 25
0 7790 27
0 7791 26
0 7792 26
0 7793 26
0 7794 26
0 7795 26
0 7796 27
0 7797 27
0 7798 27
0 7799 27
0 7800 25
0 7801 27
0 7802 26
0 7803 26
0 7804 26
0 7805 26
0 7806 26
0 7807 27
0 7808 26
0 7809 27
0 7810 27
0 7811 27
0 7812 27
0 7813 26
0 7814 26
0 7815 25
0 7816 27
0 7817 27
0 7818 27
0 7819 27
0 7820 26
0 7821 26
0 7822 25
0 7823 26
0 7824 26
0 7825 26
0 7826 26
0 7827 27
0 7828 27
0 7829 27
0 7830 27
0 7831 27
0 7832 27
0 7833 27
0 7834 27
0 7835 25
0 7836 27
0 7837 27
0 7838 28
0 7839 26
0 7840 26
0 7841 26
0 7842 27
0 7843 26
0 7844 25
0 7845 26
0 7846 26
0 7847 27
0 7848 27
0 7849 27
0 7850 27
0 7851 27
0 7852 26
0 7853 27
0 7854 25
0 7855 26
0 7856 27
0 7857 27
0 7858 27
0 7859 27
0 7860 26
0 7861 26
0 7862 26
0 7863 26
0 7864 26
0 7865 26
0 7866 26
0 7867 26
0 7868 27
0 7869 26
0 7870 27
0 7871 26
0 7872 25
0 7873 25
0 7874 27
0 7875 26
0 7876 27
0 7877 27
0 7878 27
0 7879 27
0 7880 25
0 7881 26
0 7882 26
0 7883 26
0 7884 26
0 7885 26
0 7886 26
0 7887 26
0 7888 26
0 7889 27
0 7890 26
0 7891 27
0 7892 26
0 7893 26
0 7894 26
0 7895 26
0 7896 26
0 7897 26
0 7898 27
0 7899 27
0 7900 26
0 7901 26
0 7902 26
0 7903 26
0 7904 26
0 7905 26
0 7906 27
0 7907 26
0 7908 27
0 7909 27
0 7910 27
0 7911 26
0 7912 27
0 7913 25
0 7914 26
0 7915 26
0 7916 27
0 7917 27
0 7918 27
0 7919 27
0 7920 25
0 7921 26
0 7922 25
0 7923 26
0 7924 25
0 7925 27
0 7926 26
0 7927 27
0 7928 27
0 7929 27
0 7930 27
0 7931 27
0 7932 27
0 7933 27
0 7934 27
0 7935 26
0 7936 27
0 7937 27
0 7938 27
0 7939 26
0 7940 26
0 7941 27
0 7942 25
0 7943 26
0 7944 25
0 7945 26
0 7946 26
0 7947 27
0 7948 27
0 7949 27
0 7950 27
0 7951 27
0 7952 27
0 7953 27
0 7954 26
0 7955 25
0 7956 27
0 7957 27
0 7958 27
0 7959 27
0 7960 26
0 7961 26
0 7962 26
0 7963 26
0 7964 26
0 7965 26
0 7966 26
0 7967 26
0 7968 26
0 7969 27
0 7970 27
0 7971 27
0 7972 26
0 7973 25
0 7974 26
0 7975 26
0 7976 26
0 7977 26
0 7978 27
0 7979 27
0 7980 25
0 7981 26
0 7982 26
0 7983 26
0 7984 26
0 7985 26
0 7986 26
0 7987 27
0 7988 26
0 7989 26
0 7990 26
0 7991 26
0 7992 25
0 7993 26
0 7994 26
0 7995 26
0 7996 27
0 7997 26
0 7998 27
0 7999 27
0 8000 25
0 8001 26
0 8002 26
0 8003 26
0 8004 26
0 8005 26
0 8006 27
0 8007 26
0 8008 26
0 8009 27
0 8010 27
0 8011 27
0 8012 26
0 8013 27
0 8014 26
0 8015 26
0 8016 27
0 8017 27
0 8018 27
0 8019 26
0 8020 26
0 8021 26
0 8022 25
0 8023 26
0 8024 26
0 8025 26
0 8026 27
0 8027 28
0 8028 27
0 8029 27
0 8030 27
0 8031 27
0 8032 26
0 8033 26
0 8034 26
0 8035 26
0 8036 27
0 8037 27
0 8038 27
0 8039 27
0 8040 26
0 8041 26
0 8042 25
0 8043 26
0 8044 26
0 8045 26
0 8046 26
0 8047 25
0 8048 26
0 8049 27
0 8050 27
0 8051 27
0 8052 27
0 8053 26
0 8054 25
0 8055 26
0 8056 26
0 8057 26
0 8058 27
0 8059 27
0 8060 26
0 8061 26
0 8062 26
0 8063 26
0 8064 26
0 8065 26
0 8066 27
0 8067 27
0 8068 27
0 8069 27
0 8070 27
0 8071 26
0 8072 25
0 8073 26
0 8074 26
0 8075 26
0 8076 27
0 8077 27
0 8078 27
0 8079 27
0 8080 25
0 8081 26
0 8082 26
0 8083 26
0 8084 26
0 8085 26
0 8086 26
0 8087 26
0 8088 26
0 8089 26
0 8090 27
0 8091 26
0 8092 26
0 8093 25
0 8094 26
0 8095 26
0 8096 26
0 8097 27
0 8098 26
0 8099 27
0 8100 26
0 8101 26
0 8102 26
0 8103 26
0 8104 26
0 8105 26
0 8106 27
0 8107 27
0 8108 27
0 8109 27
0 8110 27
0 8111 27
0 8112 26
0 8113 26
0 8114 25
0 8115 26
0 8116 27
0 8117 27
0 8118 28
0 8119 27
0 8120 26
0 8121 26
0 8122 25
0 8123 26
0 8124 26
0 8125 26
0 8126 27
0 8127 26
0 8128 26
0 8129 27
0 8130 27
0 8131 27
0 8132 27
0 8133 27
0 8134 25
0 8135 25
0 8136 27
0 8137 27
0 8138 27
0 8139 27
0 8140 26
0 8141 26
0 8142 26
0 8143 26
0 8144 26
0 8145 26
0 8146 27
0 8147 26
0 8148 27
0 8149 27
0 8150 27
0 8151 27
0 8152 25
0 8153 25
0 8154 25
0 8155 26
0 8156 27
0 8157 27
0 8158 27
0 8159 27
0 8160 25
0 8161 26
0 8162 25
0 8163 26
0 8164 26
0 8165 26
0 8166 26
0 8167 26
0 8168 26
0 8169 26
0 8170 26
0 8171 26
0 8172 26
0 8173 26
0 8174 26
0 8175 26
0 8176 26
0 8177 27
0 8178 27
0 8179 27
0 8180 25
0 8181 26
0 8182 26
0 8183 26
0 8184 26
0 8185 26
0 8186 26
0 8187 26
0 8188 26
0 8189 26
0 8190 26
0 8191 26
0 8192 26
0 8193 26
0 8194 27
0 8195 26
0 8196 27
0 8197 27
0 8198 27
0 8199 27
0 8200 26
0 8201 25
0 8202 26
0 8203 26
0 8204 26
0 8205 26
0 8206 26
0 8207 26
0 8208 26
0 8209 26
0 8210 27
0 8211 27
0 8212 26
0 8213 26
0 8214 25
0 8215 26
0 8216 27
0 8217 27
0 8218 28
0 8219 27
0 8220 26
0 8221 26
0 8222 26
0 8223 26
0 8224 26
0 8225 26
0 8226 27
0 8227 26
0 8228 27
0 8229 27
0 8230 27
0 8231 26
0 8232 26
0 8233 26
0 8234 26
0 8235 26
0 8236 27
0 8237 27
0 8238 27
0 8239 27
0 8240 25
0 8241 26
0 8242 26
0 8243 26
0 8244 26
0 8245 26
0 8246 26
0 8247 26
0 8248 26
0 8249 25
0 8250 27
0 8251 26
0 8252 25
0 8253 26
0 8254 26
0 8255 26
0 8256 26
0 8257 26
0 8258 26
0 8259 27
0 8260 25
0 8261 26
0 8262 26
0 8263 26
0 8264 26
0 8265 26
0 8266 26
0 8267 26
0 8268 26
0 8269 26
0 8270 26
0 8271 26
0 8272 26
0 8273 26
0 8274 26
0 8275 26
0 8276 27
0 8277 27
0 8278 27
0 8279 27
0 8280 26
0 8281 26
0 8282 26
0 8283 26
0 8284 26
0 8285 26
0 8286 26
0 8287 26
0 8288 26
0 8289 26
0 8290 27
0 8291 26
0 8292 26
0 8293 26
0 8294 26
0 8295 26
0 8296 27
0 8297 27
0 8298 27
0 8299 27
0 8300 25
0 8301 26
0 8302 26
0 8303 26
0 8304 26
0 8305 26
0 8306 26
0 8307 27
0 8308 25
0 8309 27
0 8310 27
0 8311 25
0 8312 26
0 8313 26
0 8314 26
0 8315 26
0 8316 27
0 8317 26
0 8318 28
0 8319 27
0 8320 25
0 8321 26
0 8322 26
0 8323 26
0 8324 25
0 8325 26
0 8326 26
0 8327 26
0 8328 26
0 8329 26
0 8330 26
0 8331 27
0 8332 26
0 8333 25
0 8334 26
0 8335 26
0 8336 25
0 8337 27
0 8338 27
0 8339 27
0 8340 26
0 8341 26
0 8342 26
0 8343 26
0 8344 26
0 8345 26
0 8346 26
0 8347 26
0 8348 26
0 8349 26
0 8350 25
0 8351 27
0 8352 26
0 8353 26
0 8354 26
0 8355 26
0 8356 27
0 8357 26
0 8358 27
0 8359 27
0 8360 26
0 8361 26
0 8362 26
0 8363 26
0 8364 26
0 8365 26
0 8366 26
0 8367 26
0 8368 26
0 8369 26
0 8370 26
0 8371 26
0 8372 26
0 8373 26
0 8374 26
0 8375 26
0 8376 26
0 8377 27
0 8378 27
0 8379 27
0 8380 26
0 8381 26
0 8382 26
0 8383 26
0 8384 26
0 8385 26
0 8386 26
0 8387 26
0 8388 26
0 8389 25
0 8390 26
0 8391 26
0 8392 26
0 8393 26
0 8394 26
0 8395 26
0 8396 27
0 8397 27
0 8398 27
0 8399 27
0 8400 25
0 8401 26
0 8402 26
0 8403 26
0 8404 26
0 8405 26
0 8406 26
0 8407 26
0 8408 26
0 8409 26
0 8410 26
0 8411 27
0 8412 26
0 8413 26
0 8414 26
0 8415 26
0 8416 26
0 8417 26
0 8418 27
0 8419 27
0 8420 26
0 8421 26
0 8422 25
0 8423 26
0 8424 26
0 8425 26
0 8426 26
0 8427 26
0 8428 26
0 8429 25
0 8430 25
0 8431 25
0 8432 26
0 8433 26
0 8434 26
0 8435 26
0 8436 27
0 8437 26
0 8438 27
0 8439 27
0 8440 25
0 8441 26
0 8442 26
0 8443 26
0 8444 26
0 8445 26
0 8446 26
0 8447 26
0 8448 26
0 8449 27
0 8450 26
0 8451 28
0 8452 25
0 8453 26
0 8454 26
0 8455 26
0 8456 26
0 8457 27
0 8458 27
0 8459 27
0 8460 26
0 8461 26
0 8462 26
0 8463 26
0 8464 26
0 8465 26
0 8466 26
0 8467 26
0 8468 26
0 8469 26
0 8470 26
0 8471 26
0 8472 26
0 8473 26
0 8474 26
0 8475 26
0 8476 26
0 8477 26
0 8478 26
0 8479 25
0 8480 26
0 8481 26
0 8482 26
0 8483 26
0 8484 26
0 8485 26
0 8486 26
0 8487 26
0 8488 26
0 8489 26
0 8490 26
0 8491 26
0 8492 26
0 8493 26
0 8494 26
0 8495 26
0 8496 27
0 8497 27
0 8498 27
0 8499 27
0 8500 25
0 8501 25
0 8502 26
0 8503 26
0 8504 26
0 8505 26
0 8506 26
0 8507 26
0 8508 27
0 8509 26
0 8510 26
0 8511 26
0 8512 26
0 8513 26
0 8514 25
0 8515 26
0 8516 27
0 8517 27
0 8518 27
0 8519 27
0 8520 25
0 8521 26
0 8522 26
0 8523 26
0 8524 26
0 8525 26
0 8526 26
0 8527 26
0 8528 26
0 8529 26
0 8530 26
0 8531 28
0 8532 25
0 8533 25
0 8534 26
0 8535 26
0 8536 26
0 8537 27
0 8538 27
0 8539 27
0 8540 25
0 8541 26
0 8542 26
0 8543 26
0 8544 26
0 8545 26
0 8546 26
0 8547 27
0 8548 26
0 8549 25
0 8550 26
0 8551 27
0 8552 26
0 8553 26
0 8554 26
0 8555 26
0 8556 26
0 8557 27
0 8558 26
0 8559 27
0 8560 26
0 8561 26
0 8562 26
0 8563 26
0 8564 26
0 8565 26
0 8566 26
0 8567 26
0 8568 26
0 8569 26
0 8570 26
0 8571 26
0 8572 26
0 8573 26
0 8574 26
0 8575 26
0 8576 26
0 8577 26
0 8578 26
0 8579 27
0 8580 26
0 8581 26
0 8582 26
0 8583 26
0 8584 26
0 8585 26
0 8586 26
0 8587 26
0 8588 26
0 8589 26
0 8590 26
0 8591 26
0 8592 26
0 8593 26
0 8594 26
0 8595 26
0 8596 26
0 8597 27
0 8598 25
0 8599 27
0 8600 26
0 8601 26
0 8602 26
0 8603 26
0 8604 26
0 8605 26
0 8606 26
0 8607 26
0 8608 26
0 8609 26
0 8610 26
0 8611 27
0 8612 26
0 8613 25
0 8614 27
0 8615 26
0 8616 27
0 8617 26
0 8618 27
0 8619 27
0 8620 25
0 8621 25
0 8622 26
0 8623 26
0 8624 26
0 8625 26
0 8626 26
0 8627 26
0 8628 26
0 8629 25
0 8630 27
0 8631 26
0 8632 26
0 8633 26
0 8634 26
0 8635 26
0 8636 26
0 8637 27
0 8638 27
0 8639 27
0 8640 26
0 8641 26
0 8642 26
0 8643 26
0 8644 26
0 8645 26
0 8646 26
0 8647 26
0 8648 26
0 8649 26
0 8650 26
0 8651 26
0 8652 26
0 8653 26
0 8654 26
0 8655 26
0 8656 26
0 8657 26
0 8658 27
0 8659 26
0 8660 26
0 8661 26
0 8662 26
0 8663 26
0 8664 26
0 8665 26
0 8666 26
0 8667 26
0 8668 26
0 8669 26
0 8670 26
0 8671 26
0 8672 26
0 8673 26
0 8674 26
0 8675 26
0 8676 27
0 8677 26
0 8678 26
0 8679 27
0 8680 26
0 8681 26
0 8682 26
0 8683 26
0 8684 26
0 8685 26
0 8686 26
0 8687 26
0 8688 26
0 8689 26
0 8690 26
0 8691 26
0 8692 26
0 8693 26
0 8694 26
0 8695 26
0 8696 26
0 8697 27
0 8698 27
0 8699 27
0 8700 26
0 8701 26
0 8702 26
0 8703 26
0 8704 26
0 8705 26
0 8706 26
0 8707 27
0 8708 26
0 8709 27
0 8710 26
0 8711 26
0 8712 26
0 8713 26
0 8714 26
0 8715 26
0 8716 26
0 8717 27
0 8718 27
0 8719 27
0 8720 26
0 8721 26
0 8722 26
0 8723 26
0 8724 26
0 8725 26
0 8726 26
0 8727 26
0 8728 26
0 8729 27
0 8730 26
0 8731 26
0 8732 26
0 8733 26
0 8734 26
0 8735 26
0 8736 26
0 8737 27
0 8738 26
0 8739 27
0 8740 25
0 8741 26
0 8742 26
0 8743 26
0 8744 26
0 8745 26
0 8746 26
0 8747 26
0 8748 26
0 8749 26
0 8750 26
0 8751 26
0 8752 26
0 8753 26
0 8754 26
0 8755 26
0 8756 26
0 8757 26
0 8758 26
0 8759 26
0 8760 26
0 8761 26
0 8762 26
0 8763 26
0 8764 26
0 8765 26
0 8766 26
0 8767 26
0 8768 26
0 8769 26
0 8770 26
0 8771 26
0 8772 26
0 8773 26
0 8774 26
0 8775 26
0 8776 26
0 8777 26
0 8778 26
0 8779 26
0 8780 26
0 8781 26
0 8782 26
0 8783 26
0 8784 26
0 8785 26
0 8786 26
0 8787 26
0 8788 26
0 8789 26
0 8790 26
0 8791 26
0 8792 26
0 8793 26
0 8794 26
0 8795 26
0 8796 26
0 8797 27
0 8798 26
0 8799 27
0 8800 26
0 8801 26
0 8802 26
0 8803 26
0 8804 26
0 8805 26
0 8806 26
0 8807 26
0 8808 26
0 8809 26
0 8810 26
0 8811 26
0 8812 26
0 8813 26
0 8814 26
0 8815 26
0 8816 26
0 8817 27
0 8818 26
0 8819 27
0 8820 26
0 8821 26
0 8822 26
0 8823 26
0 8824 26
0 8825 26
0 8826 26
0 8827 26
0 8828 26
0 8829 26
0 8830 26
0 8831 26
0 8832 26
0 8833 26
0 8834 26
0 8835 26
0 8836 26
0 8837 27
0 8838 26
0 8839 27
0 8840 26
0 8841 26
0 8842 26
0 8843 26
0 8844 26
0 8845 26
0 8846 26
0 8847 26
0 8848 26
0 8849 26
0 8850 26
0 8851 26
0 8852 26
0 8853 26
0 8854 26
0 8855 26
0 8856 26
0 8857 26
0 8858 26
0 8859 26
0 8860 26
0 8861 26
0 8862 26
0 8863 26
0 8864 26
0 8865 26
0 8866 26
0 8867 26
0 8868 26
0 8869 26
0 8870 26
0 8871 26
0 8872 26
0 8873 26
0 8874 26
0 8875 26
0 8876 26
0 8877 26
0 8878 26
0 8879 26
0 8880 26
0 8881 26
0 8882 26
0 8883 26
0 8884 26
0 8885 26
0 8886 26
0 8887 26
0 8888 26
0 8889 26
0 8890 26
0 8891 26
0 8892 26
0 8893 26
0 8894 26
0 8895 26
0 8896 26
0 8897 26
0 8898 27
0 8899 27
0 8900 26
0 8901 26
0 8902 26
0 8903 26
0 8904 26
0 8905 26
0 8906 26
0 8907 26
0 8908 26
0 8909 26
0 8910 26
0 8911 26
0 8912 26
0 8913 26
0 8914 26
0 8915 26
0 8916 26
0 8917 27
0 8918 26
0 8919 27
0 8920 26
0 8921 26
0 8922 26
0 8923 26
0 8924 26
0 8925 26
0 8926 26
0 8927 26
0 8928 26
0 8929 26
0 8930 26
0 8931 26
0 8932 26
0 8933 26
0 8934 26
0 8935 26
0 8936 26
0 8937 26
0 8938 27
0 8939 26
0 8940 26
0 8941 26
0 8942 26
0 8943 26
0 8944 26
0 8945 26
0 8946 26
0 8947 26
0 8948 26
0 8949 26
0 8950 26
0 8951 26
0 8952 26
0 8953 26
0 8954 26
0 8955 26
0 8956 26
0 8957 26
0 8958 26
0 8959 26
0 8960 26
0 8961 26
0 8962 26
0 8963 26
0 8964 26
0 8965 26
0 8966 26
0 8967 26
0 8968 26
0 8969 26
0 8970 26
0 8971 26
0 8972 26
0 8973 26
0 8974 26
0 8975 26
0 8976 26
0 8977 26
0 8978 27
0 8979 27
0 8980 26
0 8981 26
0 8982 26
0 8983 26
0 8984 26
0 8985 26
0 8986 26
0 8987 26
0 8988 26
0 8989 26
0 8990 26
0 8991 26
0 8992 26
0 8993 26
0 8994 26
0 8995 26
0 8996 27
0 8997 26
0 8998 26
0 8999 26
0 9000 26
0 9001 26
0 9002 26
0 9003 26
0 9004 26
0 9005 26
0 9006 26
0 9007 26
0 9008 26
0 9009 26
0 9010 26
0 9011 26
0 9012 26
0 9013 26
0 9014 26
0 9015 26
0 9016 26
0 9017 26
0 9018 27
0 9019 25
0 9020 26
0 9021 26
0 9022 26
0 9023 26
0 9024 26
0 9025 26
0 9026 26
0 9027 26
0 9028 26
0 9029 26
0 9030 26
0 9031 26
0 9032 26
0 9033 26
0 9034 26
0 9035 26
0 9036 27
0 9037 26
0 9038 26
0 9039 26
0 9040 26
0 9041 26
0 9042 26
0 9043 26
0 9044 26
0 9045 26
0 9046 26
0 9047 26
0 9048 26
0 9049 26
0 9050 26
0 9051 26
0 9052 26
0 9053 26
0 9054 26
0 9055 26
0 9056 26
0 9057 26
0 9058 27
0 9059 26
0 9060 26
0 9061 26
0 9062 26
0 9063 26
0 9064 26
0 9065 26
0 9066 26
0 9067 26
0 9068 26
0 9069 26
0 9070 26
0 9071 26
0 9072 26
0 9073 26
0 9074 26
0 9075 26
0 9076 26
0 9077 26
0 9078 26
0 9079 26
0 9080 26
0 9081 26
0 9082 26
0 9083 26
0 9084 26
0 9085 26
0 9086 26
0 9087 26
0 9088 26
0 9089 26
0 9090 26
0 9091 26
0 9092 26
0 9093 26
0 9094 26
0 9095 26
0 9096 26
0 9097 27
0 9098 27
0 9099 27
0 9100 26
0 9101 26
0 9102 26
0 9103 26
0 9104 26
0 9105 26
0 9106 26
0 9107 26
0 9108 26
0 9109 26
0 9110 26
0 9111 26
0 9112 26
0 9113 26
0 9114 26
0 9115 26
0 9116 26
0 9117 26
0 9118 26
0 9119 26
0 9120 26
0 9121 26
0 9122 26
0 9123 26
0 9124 26
0 9125 26
0 9126 26
0 9127 26
0 9128 26
0 9129 26
0 9130 26
0 9131 26
0 9132 26
0 9133 26
0 9134 26
0 9135 26
0 9136 26
0 9137 26
0 9138 26
0 9139 26
0 9140 26
0 9141 26
0 9142 26
0 9143 26
0 9144 26
0 9145 26
0 9146 26
0 9147 26
0 9148 26
0 9149 26
0 9150 26
0 9151 26
0 9152 26
0 9153 26
0 9154 26
0 9155 26
0 9156 26
0 9157 26
0 9158 26
0 9159 26
0 9160 26
0 9161 26
0 9162 26
0 9163 26
0 9164 26
0 9165 26
0 9166 26
0 9167 26
0 9168 26
0 9169 26
0 9170 26
0 9171 26
0 9172 26
0 9173 26
0 9174 26
0 9175 26
0 9176 26
0 9177 26
0 9178 26
0 9179 26
0 9180 26
0 9181 26
0 9182 26
0 9183 26
0 9184 26
0 9185 26
0 9186 26
0 9187 26
0 9188 26
0 9189 26
0 9190 26
0 9191 26
0 9192 26
0 9193 26
0 9194 26
0 9195 26
0 9196 26
0 9197 26
0 9198 26
0 9199 26
0 9200 26
0 9201 26
0 9202 26
0 9203 26
0 9204 26
0 9205 26
0 9206 26
0 9207 26
0 9208 26
0 9209 26
0 9210 26
0 9211 26
0 9212 26
0 9213 26
0 9214 26
0 9215 26
0 9216 26
0 9217 26
0 9218 26
0 9219 27
0 9220 26
0 9221 26
0 9222 26
0 9223 26
0 9224 26
0 9225 26
0 9226 26
0 9227 26
0 9228 26
0 9229 26
0 9230 26
0 9231 26
0 9232 26
0 9233 26
0 9234 26
0 9235 26
0 9236 26
0 9237 26
0 9238 26
0 9239 26
0 9240 26
0 9241 26
0 9242 26
0 9243 26
0 9244 26
0 9245 26
0 9246 26
0 9247 26
0 9248 26
0 9249 26
0 9250 26
0 9251 26
0 9252 26
0 9253 26
0 9254 26
0 9255 26
0 9256 26
0 9257 26
0 9258 26
0 9259 26
0 9260 26
0 9261 26
0 9262 26
0 9263 27
0 9264 26
0 9265 26
0 9266 26
0 9267 26
0 9268 26
0 9269 26
0 9270 26
0 9271 26
0 9272 26
0 9273 26
0 9274 26
0 9275 26
0 9276 26
0 9277 26
0 9278 26
0 9279 26
0 9280 26
0 9281 26
0 9282 26
0 9283 26
0 9284 26
0 9285 26
0 9286 26
0 9287 26
0 9288 26
0 9289 26
0 9290 26
0 9291 26
0 9292 26
0 9293 26
0 9294 26
0 9295 26
0 9296 26
0 9297 26
0 9298 27
0 9299 27
0 9300 26
0 9301 26
0 9302 26
0 9303 26
0 9304 26
0 9305 26
0 9306 26
0 9307 26
0 9308 26
0 9309 26
0 9310 26
0 9311 26
0 9312 26
0 9313 26
0 9314 26
0 9315 26
0 9316 26
0 9317 27
0 9318 26
0 9319 26
0 9320 26
0 9321 26
0 9322 26
0 9323 26
0 9324 26
0 9325 26
0 9326 26
0 9327 26
0 9328 26
0 9329 26
0 9330 26
0 9331 26
0 9332 26
0 9333 26
0 9334 26
0 9335 26
0 9336 26
0 9337 26
0 9338 26
0 9339 26
0 9340 26
0 9341 26
0 9342 26
0 9343 26
0 9344 26
0 9345 26
0 9346 26
0 9347 26
0 9348 26
0 9349 26
0 9350 26
0 9351 26
0 9352 26
0 9353 26
0 9354 26
0 9355 26
0 9356 26
0 9357 26
0 9358 26
0 9359 26
0 9360 26
0 9361 26
0 9362 26
0 9363 26
0 9364 26
0 9365 26
0 9366 26
0 9367 26
0 9368 26
0 9369 26
0 9370 26
0 9371 26
0 9372 26
0 9373 26
0 9374 26
0 9375 26
0 9376 26
0 9377 26
0 9378 26
0 9379 26
0 9380 26
0 9381 26
0 9382 26
0 9383 26
0 9384 26
0 9385 26
0 9386 26
0 9387 26
0 9388 26
0 9389 26
0 9390 26
0 9391 26
0 9392 26
0 9393 26
0 9394 26
0 9395 26
0 9396 26
0 9397 26
0 9398 26
0 9399 26
0 9400 26
0 9401 26
0 9402 26
0 9403 26
0 9404 26
0 9405 26
0 9406 26
0 9407 26
0 9408 26
0 9409 26
0 9410 26
0 9411 26
0 9412 26
0 9413 26
0 9414 26
0 9415 26
0 9416 26
0 9417 26
0 9418 26
0 9419 26
0 9420 26
0 9421 26
0 9422 26
0 9423 26
0 9424 26
0 9425 26
0 9426 26
0 9427 26
0 9428 26
0 9429 26
0 9430 26
0 9431 26
0 9432 26
0 9433 26
0 9434 26
0 9435 26
0 9436 26
0 9437 26
0 9438 26
0 9439 26
0 9440 26
0 9441 26
0 9442 26
0 9443 26
0 9444 26
0 9445 26
0 9446 26
0 9447 26
0 9448 26
0 9449 26
0 9450 26
0 9451 26
0 9452 26
0 9453 26
0 9454 26
0 9455 26
0 9456 26
0 9457 26
0 9458 26
0 9459 26
0 9460 26
0 9461 26
0 9462 27
0 9463 27
0 9464 27
0 9465 26
0 9466 26
0 9467 26
0 9468 26
0 9469 26
0 9470 26
0 9471 26
0 9472 26
0 9473 26
0 9474 26
0 9475 26
0 9476 26
0 9477 26
0 9478 26
0 9479 26
0 9480 26
0 9481 26
0 9482 26
0 9483 26
0 9484 26
0 9485 26
0 9486 26
0 9487 26
0 9488 26
0 9489 26
0 9490 26
0 9491 26
0 9492 26
0 9493 26
0 9494 26
0 9495 26
0 9496 26
0 9497 26
0 9498 26
0 9499 26
0 9500 26
0 9501 26
0 9502 26
0 9503 26
0 9504 26
0 9505 26
0 9506 26
0 9507 26
0 9508 26
0 9509 26
0 9510 26
0 9511 26
0 9512 26
0 9513 26
0 9514 26
0 9515 26
0 9516 26
0 9517 26
0 9518 26
0 9519 26
0 9520 26
0 9521 26
0 9522 26
0 9523 26
0 9524 26
0 9525 26
0 9526 26
0 9527 26
0 9528 26
0 9529 26
0 9530 26
0 9531 26
0 9532 26
0 9533 26
0 9534 26
0 9535 26
0 9536 26
0 9537 26
0 9538 26
0 9539 26
0 9540 26
0 9541 26
0 9542 26
0 9543 27
0 9544 27
0 9545 26
0 9546 26
0 9547 26
0 9548 26
0 9549 26
0 9550 26
0 9551 26
0 9552 26
0 9553 26
0 9554 26
0 9555 26
0 9556 26
0 9557 26
0 9558 26
0 9559 26
0 9560 26
0 9561 26
0 9562 27
0 9563 27
0 9564 27
0 9565 26
0 9566 26
0 9567 26
0 9568 26
0 9569 26
0 9570 26
0 9571 26
0 9572 26
0 9573 26
0 9574 26
0 9575 26
0 9576 26
0 9577 26
0 9578 26
0 9579 26
0 9580 26
0 9581 26
0 9582 26
0 9583 26
0 9584 26
0 9585 26
0 9586 26
0 9587 26
0 9588 26
0 9589 26
0 9590 26
0 9591 26
0 9592 26
0 9593 26
0 9594 26
0 9595 26
0 9596 26
0 9597 26
0 9598 26
0 9599 26
0 9600 26
0 9601 26
0 9602 26
0 9603 26
0 9604 26
0 9605 26
0 9606 26
0 9607 26
0 9608 26
0 9609 26
0 9610 26
0 9611 26
0 9612 26
0 9613 26
0 9614 26
0 9615 26
0 9616 26
0 9617 26
0 9618 26
0 9619 26
0 9620 26
0 9621 26
0 9622 26
0 9623 26
0 9624 26
0 9625 26
0 9626 26
0 9627 26
0 9628 26
0 9629 26
0 9630 26
0 9631 26
0 9632 26
0 9633 26
0 9634 26
0 9635 26
0 9636 26
0 9637 26
0 9638 26
0 9639 26
0 9640 26
0 9641 26
0 9642 27
0 9643 27
0 9644 27
0 9645 26
0 9646 26
0 9647 26
0 9648 26
0 9649 26
0 9650 26
0 9651 26
0 9652 26
0 9653 26
0 9654 26
0 9655 26
0 9656 26
0 9657 26
0 9658 26
0 9659 26
0 9660 26
0 9661 26
0 9662 27
0 9663 27
0 9664 27
0 9665 26
0 9666 26
0 9667 26
0 9668 26
0 9669 26
0 9670 26
0 9671 26
0 9672 26
0 9673 26
0 9674 26
0 9675 26
0 9676 26
0 9677 26
0 9678 26
0 9679 26
0 9680 26
0 9681 26
0 9682 26
0 9683 26
0 9684 26
0 9685 26
0 9686 26
0 9687 26
0 9688 26
0 9689 26
0 9690 26
0 9691 26
0 9692 26
0 9693 26
0 9694 26
0 9695 26
0 9696 26
0 9697 26
0 9698 26
0 9699 26
0 9700 26
0 9701 26
0 9702 26
0 9703 26
0 9704 26
0 9705 26
0 9706 26
0 9707 26
0 9708 26
0 9709 26
0 9710 26
0 9711 26
0 9712 26
0 9713 26
0 9714 26
0 9715 26
0 9716 26
0 9717 26
0 9718 26
0 9719 26
0 9720 26
0 9721 26
0 9722 26
0 9723 27
0 9724 26
0 9725 26
0 9726 26
0 9727 26
0 9728 26
0 9729 26
0 9730 26
0 9731 26
0 9732 26
0 9733 26
0 9734 26
0 9735 26
0 9736 26
0 9737 26
0 9738 26
0 9739 26
0 9740 26
0 9741 26
0 9742 26
0 9743 27
0 9744 27
0 9745 26
0 9746 26
0 9747 26
0 9748 26
0 9749 26
0 9750 26
0 9751 26
0 9752 26
0 9753 26
0 9754 26
0 9755 27
0 9756 26
0 9757 26
0 9758 26
0 9759 26
0 9760 26
0 9761 26
0 9762 27
0 9763 27
0 9764 26
0 9765 26
0 9766 26
0 9767 26
0 9768 26
0 9769 26
0 9770 26
0 9771 26
0 9772 26
0 9773 26
0 9774 26
0 9775 26
0 9776 26
0 9777 26
0 9778 26
0 9779 26
0 9780 26
0 9781 26
0 9782 26
0 9783 27
0 9784 26
0 9785 26
0 9786 26
0 9787 26
0 9788 26
0 9789 26
0 9790 26
0 9791 26
0 9792 26
0 9793 26
0 9794 26
0 9795 26
0 9796 26
0 9797 26
0 9798 26
0 9799 26
0 9800 26
0 9801 26
0 9802 26
0 9803 26
0 9804 26
0 9805 26
0 9806 26
0 9807 26
0 9808 26
0 9809 26
0 9810 26
0 9811 26
0 9812 26
0 9813 26
0 9814 26
0 9815 26
0 9816 26
0 9817 26
0 9818 26
0 9819 26
0 9820 26
0 9821 26
0 9822 27
0 9823 27
0 9824 27
0 9825 27
0 9826 26
0 9827 26
0 9828 26
0 9829 26
0 9830 26
0 9831 26
0 9832 26
0 9833 26
0 9834 26
0 9835 26
0 9836 26
0 9837 26
0 9838 26
0 9839 26
0 9840 26
0 9841 26
0 9842 27
0 9843 27
0 9844 27
0 9845 27
0 9846 27
0 9847 27
0 9848 26
0 9849 26
0 9850 26
0 9851 26
0 9852 26
0 9853 26
0 9854 26
0 9855 28
0 9856 26
0 9857 26
0 9858 26
0 9859 26
0 9860 26
0 9861 26
0 9862 26
0 9863 27
0 9864 27
0 9865 28
0 9866 27
0 9867 26
0 9868 26
0 9869 26
0 9870 26
0 9871 26
0 9872 26
0 9873 26
0 9874 26
0 9875 26
0 9876 26
0 9877 26
0 9878 26
0 9879 26
0 9880 26
0 9881 26
0 9882 26
0 9883 26
0 9884 26
0 9885 26
0 9886 26
0 9887 26
0 9888 26
0 9889 26
0 9890 26
0 9891 26
0 9892 26
0 9893 26
0 9894 26
0 9895 26
0 9896 26
0 9897 26
0 9898 26
0 9899 26
0 9900 26
0 9901 26
0 9902 26
0 9903 27
0 9904 26
0 9905 26
0 9906 26
0 9907 26
0 9908 26
0 9909 26
0 9910 26
0 9911 26
0 9912 26
0 9913 26
0 9914 26
0 9915 26
0 9916 26
0 9917 26
0 9918 26
0 9919 26
0 9920 26
0 9921 26
0 9922 26
0 9923 27
0 9924 26
0 9925 26
0 9926 26
0 9927 26
0 9928 26
0 9929 26
0 9930 26
0 9931 26
0 9932 26
0 9933 26
0 9934 26
0 9935 27
0 9936 26
0 9937 26
0 9938 26
0 9939 26
0 9940 26
0 9941 26
0 9942 28
0 9943 27
0 9944 28
0 9945 28
0 9946 27
0 9947 27
0 9948 26
0 9949 26
0 9950 26
0 9951 26
0 9952 26
0 9953 26
0 9954 26
0 9955 28
0 9956 26
0 9957 26
0 9958 26
0 9959 26
0 9960 26
0 9961 26
0 9962 27
0 9963 27
0 9964 27
0 9965 26
0 9966 26
0 9967 26
0 9968 26
0 9969 26
0 9970 26
0 9971 26
0 9972 26
0 9973 26
0 9974 26
0 9975 26
0 9976 26
0 9977 26
0 9978 26
0 9979 26
0 9980 26
0 9981 26
0 9982 26
0 9983 26
0 9984 27
0 9985 26
0 9986 26
0 9987 26
0 9988 26
0 9989 26
0 9990 26
0 9991 26
0 9992 26
0 9993 26
0 9994 26
0 9995 26
0 9996 26
0 9997 26
0 9998 26
0 9999 26
