25000000 9
16666666 8
12500000 8
10000000 9
8333333 12
7142857 13
6250000 13
5555555 13
5000000 13
4545454 12
4166666 12
3846153 12
3571428 11
3333333 11
3125000 11
2941176 11
2777777 10
2631578 11
2500000 11
2380952 11
2272727 10
2173913 11
2083333 11
2000000 11
1923076 11
1851851 10
1785714 11
1724137 11
1666666 11
1612903 11
1562500 11
1515151 11
1470588 11
1428571 11
1388888 11
1351351 11
1315789 11
1282051 11
1250000 11
1219512 11
1190476 10
1162790 11
1136363 11
1111111 10
1086956 11
1063829 11
1041666 11
1020408 11
1000000 11
980392 11
961538 11
943396 11
925925 11
909090 10
892857 11
877192 11
862068 11
847457 11
833333 11
819672 11
806451 11
793650 11
781250 11
769230 11
757575 11
746268 11
735294 11
724637 11
714285 10
704225 11
694444 10
684931 11
675675 11
666666 11
657894 11
649350 11
641025 11
632911 11
625000 11
617283 11
609756 11
602409 10
595238 11
588235 10
581395 11
574712 11
568181 11
561797 11
555555 11
549450 11
543478 11
537634 11
531914 11
526315 11
520833 11
515463 11
510204 11
505050 10
500000 11
495049 11
490196 11
485436 10
480769 11
476190 10
471698 11
467289 11
462962 11
458715 11
454545 11
450450 10
446428 11
442477 11
438596 11
434782 11
431034 10
427350 10
423728 11
420168 11
416666 11
413223 11
409836 11
406504 11
403225 10
400000 11
396825 11
393700 11
390625 11
387596 11
384615 10
381679 11
378787 11
375939 11
373134 11
370370 10
367647 11
364963 11
362318 11
359712 10
357142 11
354609 10
352112 11
349650 10
347222 10
344827 11
342465 11
340136 10
337837 11
335570 11
333333 11
331125 11
328947 10
326797 11
324675 11
322580 11
320512 11
318471 11
316455 10
314465 11
312500 11
310559 10
308641 11
306748 10
304878 10
303030 11
301204 11
299401 11
297619 11
295857 11
294117 11
292397 11
290697 11
289017 10
287356 11
285714 11
284090 10
282485 10
280898 11
279329 10
277777 10
276243 11
274725 11
273224 11
271739 11
270270 11
268817 11
267379 11
265957 11
264550 11
263157 11
261780 10
260416 11
259067 11
257731 11
256410 11
255102 11
253807 11
252525 10
251256 11
250000 11
248756 11
247524 11
246305 11
245098 11
243902 10
242718 10
241545 10
240384 11
239234 11
238095 11
236966 11
235849 11
234741 10
233644 11
232558 11
231481 10
230414 11
229357 10
228310 11
227272 11
226244 11
225225 11
224215 11
223214 11
222222 11
221238 11
220264 11
219298 10
218340 11
217391 11
216450 11
215517 10
214592 11
213675 10
212765 11
211864 11
210970 11
210084 11
209205 11
208333 11
207468 11
206611 11
205761 11
204918 11
204081 11
203252 11
202429 11
201612 10
200803 11
200000 11
199203 11
198412 10
197628 11
196850 11
196078 11
195312 11
194552 11
193798 11
193050 10
192307 11
191570 11
190839 11
190114 11
189393 11
188679 10
187969 11
187265 11
186567 11
185873 11
185185 11
184501 11
183823 11
183150 11
182481 11
181818 11
181159 11
180505 11
179856 11
179211 11
178571 11
177935 11
177304 11
176678 11
176056 11
175438 11
174825 11
174216 11
173611 11
173010 11
172413 11
171821 11
171232 11
170648 11
170068 11
169491 11
168918 11
168350 11
167785 11
167224 11
166666 11
166112 11
165562 11
165016 11
164473 10
163934 11
163398 11
162866 11
162337 11
161812 11
161290 11
160771 11
160256 11
159744 11
159235 11
158730 11
158227 11
157728 11
157232 11
156739 11
156250 11
155763 11
155279 11
154798 11
154320 11
153846 11
153374 11
152905 11
152439 11
151975 11
151515 11
151057 11
150602 11
150150 11
149700 10
149253 11
148809 11
148367 11
147928 11
147492 11
147058 11
146627 11
146198 11
145772 11
145348 11
144927 11
144508 11
144092 11
143678 11
143266 11
142857 12
142450 11
142045 11
141643 11
141242 11
140845 11
140449 11
140056 11
139664 11
139275 11
138888 11
138504 11
138121 11
137741 11
137362 11
136986 11
136612 11
136239 11
135869 11
135501 11
135135 11
134770 11
134408 11
134048 11
133689 11
133333 11
132978 11
132625 11
132275 11
131926 11
131578 11
131233 11
130890 11
130548 11
130208 11
129870 11
129533 11
129198 11
128865 11
128534 11
128205 11
127877 11
127551 11
127226 11
126903 11
126582 11
126262 10
125944 11
125628 11
125313 11
125000 11
124688 11
124378 11
124069 11
123762 11
123456 10
123152 11
122850 11
122549 11
122249 11
121951 11
121654 11
121359 11
121065 11
120772 11
120481 11
120192 11
119904 11
119617 11
119331 11
119047 11
118764 11
118483 11
118203 11
117924 11
117647 11
117370 11
117096 11
116822 11
116550 11
116279 11
116009 11
115740 11
115473 11
115207 11
114942 10
114678 11
114416 11
114155 11
113895 11
113636 11
113378 10
113122 11
112866 11
112612 11
112359 11
112107 11
111856 11
111607 11
111358 11
111111 11
110864 11
110619 11
110375 11
110132 11
109890 11
109649 11
109409 11
109170 11
108932 11
108695 11
108459 11
108225 11
107991 11
107758 11
107526 11
107296 11
107066 11
106837 11
106609 11
106382 11
106157 11
105932 11
105708 11
105485 11
105263 11
105042 11
104821 11
104602 11
104384 11
104166 11
103950 11
103734 11
103519 12
103305 11
103092 10
102880 11
102669 11
102459 11
102249 11
102040 11
101832 11
101626 11
101419 11
101214 11
101010 11
100806 11
100603 11
100401 11
100200 11
100000 11
99800 11
25000000 9
16666666 8
12500000 9
10000000 10
8333333 11
7142857 13
6250000 13
5555555 13
5000000 13
4545454 11
4166666 12
3846153 12
3571428 11
3333333 11
3125000 11
2941176 11
2777777 10
2631578 11
2500000 11
2380952 11
2272727 10
2173913 11
2083333 11
2000000 11
1923076 11
1851851 11
1785714 11
1724137 11
1666666 10
1612903 11
1562500 11
1515151 11
1470588 11
1428571 11
1388888 11
1351351 11
1315789 11
1282051 11
1250000 11
1219512 11
1190476 10
1162790 11
1136363 11
1111111 10
1086956 11
1063829 11
1041666 11
1020408 11
1000000 11
980392 11
961538 11
943396 11
925925 11
909090 11
892857 10
877192 10
862068 11
847457 11
833333 11
819672 11
806451 11
793650 10
781250 11
769230 11
757575 11
746268 11
735294 11
724637 11
714285 11
704225 11
694444 10
684931 11
675675 11
666666 11
657894 11
649350 11
641025 11
632911 11
625000 11
617283 11
609756 11
602409 11
595238 11
588235 11
581395 11
574712 11
568181 11
561797 11
555555 11
549450 11
543478 11
537634 11
531914 11
526315 11
520833 11
515463 11
510204 11
505050 10
500000 10
495049 11
490196 11
485436 11
480769 11
476190 11
471698 11
467289 11
462962 11
458715 11
454545 10
450450 11
446428 11
442477 11
438596 11
434782 11
431034 11
427350 11
423728 11
420168 11
416666 11
413223 11
409836 11
406504 11
403225 11
400000 11
396825 11
393700 11
390625 11
387596 11
384615 11
381679 10
378787 11
375939 11
373134 11
370370 11
367647 11
364963 10
362318 11
359712 10
357142 11
354609 11
352112 11
349650 11
347222 10
344827 11
342465 11
340136 11
337837 10
335570 11
333333 11
331125 11
328947 11
326797 11
324675 11
322580 10
320512 11
318471 11
316455 11
314465 11
312500 11
310559 11
308641 11
306748 10
304878 11
303030 10
301204 10
299401 11
297619 11
295857 10
294117 11
292397 11
290697 11
289017 10
287356 11
285714 11
284090 11
282485 11
280898 11
279329 10
277777 11
276243 11
274725 11
273224 11
271739 11
270270 11
268817 11
267379 10
265957 11
264550 10
263157 11
261780 11
260416 11
259067 11
257731 11
256410 11
255102 11
253807 11
252525 10
251256 11
250000 11
248756 11
247524 11
246305 11
245098 11
243902 11
242718 11
241545 11
240384 11
239234 11
238095 11
236966 11
235849 11
234741 11
233644 11
232558 11
231481 11
230414 11
229357 11
228310 11
227272 11
226244 11
225225 11
224215 11
223214 11
222222 10
221238 11
220264 11
219298 11
218340 11
217391 11
216450 11
215517 11
214592 11
213675 10
212765 10
211864 11
210970 11
210084 11
209205 11
208333 11
207468 11
206611 11
205761 10
204918 11
204081 11
203252 11
202429 11
201612 11
200803 11
200000 11
199203 11
198412 11
197628 11
196850 11
196078 11
195312 10
194552 11
193798 11
193050 11
192307 11
191570 10
190839 11
190114 10
189393 11
188679 11
187969 11
187265 11
186567 11
185873 11
185185 11
184501 11
183823 11
183150 11
182481 11
181818 11
181159 11
180505 11
179856 11
179211 10
178571 11
177935 11
177304 11
176678 11
176056 11
175438 11
174825 11
174216 11
173611 11
173010 11
172413 11
171821 11
171232 11
170648 11
170068 11
169491 11
168918 11
168350 11
167785 11
167224 11
166666 11
166112 11
165562 11
165016 11
164473 11
163934 11
163398 11
162866 11
162337 11
161812 11
161290 11
160771 11
160256 11
159744 11
159235 11
158730 11
158227 11
157728 11
157232 11
156739 11
156250 11
155763 11
155279 11
154798 11
154320 11
153846 11
153374 11
152905 11
152439 11
151975 11
151515 11
151057 11
150602 11
150150 11
149700 11
149253 11
148809 11
148367 11
147928 11
147492 11
147058 11
146627 11
146198 11
145772 11
145348 11
144927 11
144508 11
144092 11
143678 11
143266 11
142857 11
142450 11
142045 11
141643 11
141242 11
140845 11
140449 10
140056 11
139664 10
139275 11
138888 11
138504 11
138121 11
137741 11
137362 11
136986 11
136612 11
136239 10
135869 11
135501 10
135135 11
134770 11
134408 11
134048 11
133689 11
133333 11
132978 11
132625 11
132275 11
131926 11
131578 10
131233 11
130890 11
130548 11
130208 11
129870 11
129533 11
129198 11
128865 10
128534 11
128205 11
127877 11
127551 11
127226 11
126903 11
126582 11
126262 11
125944 10
125628 11
125313 11
125000 11
124688 11
124378 11
124069 11
123762 11
123456 11
123152 11
122850 11
122549 11
122249 11
121951 11
121654 11
121359 11
121065 11
120772 11
120481 11
120192 11
119904 11
119617 11
119331 11
119047 11
118764 11
118483 11
118203 10
117924 11
117647 11
117370 11
117096 10
116822 11
116550 11
116279 11
116009 11
115740 11
115473 11
115207 11
114942 11
114678 11
114416 11
114155 11
113895 11
113636 11
113378 10
113122 11
112866 11
112612 11
112359 11
112107 11
111856 11
111607 11
111358 11
111111 11
110864 11
110619 11
110375 11
110132 11
109890 11
109649 11
109409 11
109170 11
108932 11
108695 11
108459 11
108225 11
107991 11
107758 11
107526 11
107296 11
107066 11
106837 11
106609 11
106382 11
106157 11
105932 11
105708 11
105485 11
105263 11
105042 11
104821 11
104602 10
104384 12
104166 11
103950 11
103734 11
103519 11
103305 11
103092 11
102880 11
102669 11
102459 11
102249 11
102040 11
101832 10
101626 11
101419 11
101214 11
101010 10
100806 11
100603 11
100401 11
100200 10
100000 11
99800 11
25000000 9
16666666 8
12500000 9
10000000 11
8333333 12
7142857 13
6250000 13
5555555 13
5000000 13
4545454 12
4166666 12
3846153 11
3571428 11
3333333 11
3125000 11
2941176 11
2777777 11
2631578 11
2500000 11
2380952 11
2272727 11
2173913 11
2083333 11
2000000 11
1923076 11
1851851 10
1785714 11
1724137 11
1666666 11
1612903 11
1562500 11
1515151 11
1470588 11
1428571 11
1388888 11
1351351 11
1315789 11
1282051 11
1250000 11
1219512 11
1190476 11
1162790 11
1136363 11
1111111 10
1086956 11
1063829 11
1041666 11
1020408 11
1000000 11
980392 11
961538 11
943396 11
925925 10
909090 11
892857 11
877192 11
862068 11
847457 11
833333 11
819672 11
806451 11
793650 11
781250 11
769230 11
757575 11
746268 11
735294 11
724637 11
714285 11
704225 11
694444 11
684931 11
675675 11
666666 11
657894 11
649350 11
641025 11
632911 11
625000 11
617283 10
609756 11
602409 11
595238 11
588235 11
581395 11
574712 10
568181 11
561797 11
555555 10
549450 11
543478 11
537634 11
531914 11
526315 11
520833 10
515463 11
510204 11
505050 11
500000 11
495049 11
490196 11
485436 11
480769 11
476190 11
471698 11
467289 11
462962 11
458715 11
454545 11
450450 11
446428 11
442477 11
438596 10
434782 11
431034 11
427350 11
423728 11
420168 11
416666 11
413223 11
409836 11
406504 10
403225 11
400000 11
396825 11
393700 11
390625 11
387596 11
384615 11
381679 11
378787 11
375939 11
373134 11
370370 10
367647 11
364963 10
362318 11
359712 10
357142 11
354609 10
352112 11
349650 11
347222 10
344827 11
342465 11
340136 11
337837 10
335570 11
333333 11
331125 11
328947 11
326797 11
324675 11
322580 11
320512 11
318471 11
316455 11
314465 11
312500 11
310559 11
308641 11
306748 10
304878 10
303030 11
301204 11
299401 10
297619 10
295857 10
294117 11
292397 10
290697 11
289017 11
287356 10
285714 11
284090 11
282485 11
280898 11
279329 10
277777 10
276243 11
274725 11
273224 11
271739 11
270270 10
268817 10
267379 11
265957 11
264550 11
263157 11
261780 10
260416 11
259067 11
257731 11
256410 11
255102 11
253807 11
252525 10
251256 11
250000 11
248756 11
247524 11
246305 11
245098 11
243902 11
242718 11
241545 11
240384 11
239234 11
238095 11
236966 11
235849 11
234741 10
233644 11
232558 11
231481 11
230414 11
229357 11
228310 11
227272 11
226244 10
225225 11
224215 11
223214 11
222222 10
221238 11
220264 10
219298 11
218340 11
217391 11
216450 11
215517 11
214592 11
213675 11
212765 11
211864 11
210970 11
210084 11
209205 11
208333 11
207468 11
206611 11
205761 11
204918 11
204081 11
203252 11
202429 11
201612 11
200803 11
200000 11
199203 11
198412 11
197628 11
196850 11
196078 11
195312 11
194552 11
193798 11
193050 11
192307 11
191570 11
190839 11
190114 11
189393 11
188679 11
187969 10
187265 11
186567 11
185873 11
185185 11
184501 11
183823 11
183150 11
182481 11
181818 11
181159 11
180505 11
179856 10
179211 11
178571 11
177935 11
177304 11
176678 11
176056 11
175438 11
174825 11
174216 11
173611 11
173010 11
172413 11
171821 11
171232 11
170648 11
170068 11
169491 11
168918 11
168350 11
167785 11
167224 11
166666 11
166112 11
165562 11
165016 11
164473 11
163934 11
163398 11
162866 11
162337 11
161812 11
161290 11
160771 11
160256 11
159744 11
159235 11
158730 12
158227 11
157728 11
157232 11
156739 11
156250 11
155763 11
155279 11
154798 11
154320 11
153846 11
153374 11
152905 11
152439 11
151975 11
151515 11
151057 11
150602 11
150150 11
149700 11
149253 11
148809 11
148367 11
147928 11
147492 11
147058 11
146627 11
146198 11
145772 11
145348 11
144927 11
144508 11
144092 11
143678 11
143266 11
142857 11
142450 11
142045 11
141643 11
141242 11
140845 11
140449 11
140056 11
139664 11
139275 11
138888 11
138504 11
138121 11
137741 11
137362 11
136986 11
136612 11
136239 11
135869 11
135501 11
135135 11
134770 11
134408 11
134048 11
133689 11
133333 11
132978 11
132625 11
132275 11
131926 11
131578 11
131233 11
130890 11
130548 11
130208 11
129870 11
129533 11
129198 11
128865 11
128534 11
128205 11
127877 11
127551 11
127226 11
126903 11
126582 11
126262 11
125944 11
125628 11
125313 11
125000 11
124688 11
124378 11
124069 11
123762 11
123456 11
123152 11
122850 11
122549 11
122249 11
121951 11
121654 11
121359 11
121065 11
120772 11
120481 11
120192 11
119904 11
119617 11
119331 10
119047 11
118764 11
118483 11
118203 11
117924 11
117647 11
117370 11
117096 11
116822 11
116550 11
116279 11
116009 11
115740 11
115473 11
115207 11
114942 11
114678 11
114416 11
114155 11
113895 11
113636 11
113378 10
113122 11
112866 11
112612 11
112359 11
112107 11
111856 11
111607 11
111358 11
111111 11
110864 11
110619 10
110375 11
110132 11
109890 11
109649 11
109409 11
109170 11
108932 10
108695 11
108459 11
108225 11
107991 11
107758 11
107526 12
107296 11
107066 11
106837 11
106609 11
106382 11
106157 11
105932 11
105708 11
105485 11
105263 11
105042 10
104821 10
104602 11
104384 11
104166 11
103950 10
103734 11
103519 11
103305 11
103092 11
102880 11
102669 10
102459 11
102249 11
102040 11
101832 11
101626 11
101419 11
101214 11
101010 10
100806 11
100603 11
100401 11
100200 11
100000 11
99800 11
25000000 9
16666666 8
12500000 9
10000000 11
8333333 11
7142857 13
6250000 13
5555555 13
5000000 13
4545454 12
4166666 12
3846153 12
3571428 11
3333333 11
3125000 11
2941176 11
2777777 10
2631578 11
2500000 11
2380952 11
2272727 10
2173913 11
2083333 11
2000000 11
1923076 11
1851851 10
1785714 11
1724137 11
1666666 11
1612903 11
1562500 10
1515151 11
1470588 11
1428571 11
1388888 11
1351351 11
1315789 11
1282051 11
1250000 11
1219512 11
1190476 10
1162790 11
1136363 11
1111111 11
1086956 11
1063829 11
1041666 11
1020408 11
1000000 11
980392 11
961538 10
943396 11
925925 11
909090 11
892857 11
877192 10
862068 10
847457 11
833333 11
819672 11
806451 11
793650 11
781250 11
769230 11
757575 11
746268 11
735294 10
724637 11
714285 11
704225 10
694444 10
684931 11
675675 11
666666 11
657894 11
649350 11
641025 11
632911 11
625000 11
617283 11
609756 11
602409 11
595238 11
588235 11
581395 11
574712 11
568181 11
561797 11
555555 10
549450 11
543478 11
537634 10
531914 11
526315 11
520833 10
515463 11
510204 11
505050 10
500000 10
495049 11
490196 11
485436 11
480769 11
476190 11
471698 11
467289 11
462962 10
458715 11
454545 11
450450 11
446428 11
442477 10
438596 10
434782 11
431034 11
427350 10
423728 11
420168 11
416666 11
413223 10
409836 11
406504 11
403225 11
400000 11
396825 11
393700 11
390625 11
387596 11
384615 11
381679 10
378787 10
375939 10
373134 11
370370 11
367647 11
364963 10
362318 10
359712 11
357142 11
354609 11
352112 11
349650 11
347222 10
344827 10
342465 11
340136 11
337837 10
335570 11
333333 11
331125 11
328947 11
326797 10
324675 10
322580 11
320512 11
318471 11
316455 11
314465 11
312500 10
310559 11
308641 11
306748 11
304878 10
303030 10
301204 11
299401 11
297619 11
295857 10
294117 11
292397 11
290697 11
289017 10
287356 11
285714 10
284090 11
282485 11
280898 11
279329 11
277777 11
276243 11
274725 11
273224 10
271739 10
270270 11
268817 10
267379 10
265957 11
264550 10
263157 11
261780 11
260416 11
259067 11
257731 11
256410 11
255102 11
253807 11
252525 11
251256 11
250000 10
248756 11
247524 10
246305 11
245098 10
243902 11
242718 11
241545 11
240384 11
239234 11
238095 11
236966 11
235849 11
234741 11
233644 11
232558 11
231481 10
230414 11
229357 11
228310 11
227272 11
226244 11
225225 10
224215 11
223214 11
222222 10
221238 11
220264 11
219298 11
218340 11
217391 11
216450 11
215517 11
214592 11
213675 11
212765 11
211864 11
210970 11
210084 11
209205 11
208333 11
207468 11
206611 10
205761 11
204918 11
204081 11
203252 11
202429 11
201612 11
200803 11
200000 11
199203 11
198412 11
197628 11
196850 11
196078 11
195312 11
194552 11
193798 10
193050 11
192307 11
191570 11
190839 11
190114 11
189393 11
188679 11
187969 11
187265 11
186567 11
185873 11
185185 11
184501 11
183823 11
183150 11
182481 11
181818 11
181159 11
180505 11
179856 11
179211 11
178571 11
177935 11
177304 11
176678 11
176056 11
175438 11
174825 11
174216 11
173611 11
173010 11
172413 11
171821 11
171232 11
170648 11
170068 11
169491 11
168918 11
168350 11
167785 11
167224 11
166666 11
166112 11
165562 11
165016 11
164473 11
163934 11
163398 11
162866 11
162337 11
161812 11
161290 11
160771 11
160256 11
159744 11
159235 11
158730 11
158227 11
157728 11
157232 11
156739 11
156250 11
155763 11
155279 11
154798 11
154320 10
153846 11
153374 11
152905 11
152439 11
151975 11
151515 11
151057 11
150602 11
150150 11
149700 11
149253 11
148809 11
148367 11
147928 11
147492 11
147058 11
146627 11
146198 11
145772 11
145348 11
144927 11
144508 11
144092 11
143678 11
143266 11
142857 11
142450 11
142045 11
141643 11
141242 11
140845 11
140449 11
140056 11
139664 11
139275 11
138888 11
138504 11
138121 11
137741 11
137362 11
136986 11
136612 11
136239 11
135869 11
135501 11
135135 11
134770 11
134408 11
134048 11
133689 11
133333 11
132978 11
132625 11
132275 11
131926 11
131578 11
131233 11
130890 11
130548 11
130208 11
129870 11
129533 11
129198 11
128865 11
128534 11
128205 11
127877 10
127551 11
127226 11
126903 11
126582 11
126262 11
125944 11
125628 11
125313 11
125000 11
124688 11
124378 11
124069 11
123762 11
123456 10
123152 11
122850 11
122549 11
122249 11
121951 11
121654 10
121359 11
121065 11
120772 11
120481 10
120192 11
119904 11
119617 11
119331 11
119047 11
118764 11
118483 11
118203 10
117924 11
117647 11
117370 11
117096 11
116822 10
116550 11
116279 12
116009 11
115740 11
115473 11
115207 11
114942 11
114678 11
114416 11
114155 11
113895 11
113636 11
113378 10
113122 11
112866 11
112612 11
112359 11
112107 11
111856 11
111607 11
111358 11
111111 11
110864 11
110619 11
110375 11
110132 11
109890 11
109649 11
109409 11
109170 11
108932 11
108695 11
108459 11
108225 11
107991 11
107758 11
107526 11
107296 11
107066 11
106837 10
106609 11
106382 11
106157 10
105932 11
105708 11
105485 11
105263 11
105042 11
104821 10
104602 11
104384 10
104166 11
103950 11
103734 11
103519 10
103305 11
103092 11
102880 11
102669 10
102459 11
102249 11
102040 11
101832 11
101626 11
101419 11
101214 10
101010 10
100806 11
100603 11
100401 10
100200 11
100000 10
99800 11
25000000 9
16666666 8
12500000 9
10000000 10
8333333 11
7142857 13
6250000 13
5555555 13
5000000 12
4545454 12
4166666 12
3846153 12
3571428 11
3333333 11
3125000 11
2941176 11
2777777 10
2631578 11
2500000 11
2380952 11
2272727 10
2173913 11
2083333 11
2000000 11
1923076 11
1851851 11
1785714 11
1724137 11
1666666 11
1612903 11
1562500 11
1515151 11
1470588 11
1428571 11
1388888 11
1351351 11
1315789 11
1282051 11
1250000 11
1219512 11
1190476 10
1162790 11
1136363 11
1111111 10
1086956 11
1063829 11
1041666 11
1020408 11
1000000 11
980392 11
961538 11
943396 11
925925 11
909090 10
892857 11
877192 11
862068 11
847457 11
833333 11
819672 11
806451 11
793650 11
781250 11
769230 11
757575 11
746268 11
735294 11
724637 11
714285 11
704225 11
694444 10
684931 11
675675 11
666666 11
657894 11
649350 11
641025 11
632911 11
625000 11
617283 11
609756 11
602409 11
595238 11
588235 11
581395 11
574712 10
568181 11
561797 11
555555 11
549450 11
543478 11
537634 11
531914 11
526315 11
520833 11
515463 11
510204 11
505050 10
500000 11
495049 10
490196 11
485436 11
480769 11
476190 11
471698 11
467289 11
462962 10
458715 11
454545 11
450450 11
446428 11
442477 11
438596 10
434782 11
431034 10
427350 10
423728 11
420168 11
416666 11
413223 11
409836 11
406504 10
403225 11
400000 11
396825 11
393700 11
390625 11
387596 11
384615 10
381679 11
378787 11
375939 11
373134 11
370370 10
367647 10
364963 11
362318 11
359712 11
357142 11
354609 11
352112 10
349650 10
347222 10
344827 10
342465 10
340136 11
337837 11
335570 11
333333 11
331125 10
328947 10
326797 10
324675 11
322580 11
320512 10
318471 10
316455 10
314465 10
312500 11
310559 10
308641 10
306748 11
304878 10
303030 11
301204 11
299401 11
297619 10
295857 11
294117 11
292397 10
290697 10
289017 11
287356 11
285714 11
284090 11
282485 11
280898 10
279329 11
277777 10
276243 10
274725 10
273224 11
271739 11
270270 10
268817 11
267379 11
265957 11
264550 11
263157 11
261780 10
260416 11
259067 11
257731 10
256410 11
255102 11
253807 10
252525 10
251256 11
250000 10
248756 11
247524 11
246305 11
245098 11
243902 11
242718 10
241545 11
240384 11
239234 10
238095 11
236966 11
235849 11
234741 11
233644 11
232558 11
231481 11
230414 11
229357 11
228310 11
227272 11
226244 10
225225 11
224215 11
223214 11
222222 10
221238 11
220264 11
219298 11
218340 11
217391 11
216450 11
215517 11
214592 10
213675 11
212765 11
211864 11
210970 11
210084 11
209205 10
208333 11
207468 10
206611 11
205761 11
204918 11
204081 11
203252 11
202429 11
201612 11
200803 11
200000 11
199203 11
198412 11
197628 11
196850 11
196078 11
195312 10
194552 11
193798 11
193050 11
192307 11
191570 10
190839 11
190114 11
189393 11
188679 11
187969 11
187265 11
186567 11
185873 11
185185 11
184501 11
183823 11
183150 11
182481 11
181818 11
181159 11
180505 11
179856 11
179211 11
178571 11
177935 11
177304 11
176678 11
176056 11
175438 11
174825 11
174216 11
173611 11
173010 11
172413 11
171821 11
171232 11
170648 11
170068 11
169491 11
168918 11
168350 11
167785 11
167224 11
166666 11
166112 11
165562 11
165016 11
164473 11
163934 11
163398 11
162866 11
162337 11
161812 11
161290 11
160771 11
160256 11
159744 11
159235 11
158730 11
158227 11
157728 11
157232 11
156739 11
156250 11
155763 11
155279 11
154798 11
154320 11
153846 11
153374 10
152905 11
152439 11
151975 11
151515 11
151057 11
150602 11
150150 11
149700 11
149253 11
148809 11
148367 11
147928 11
147492 11
147058 11
146627 11
146198 11
145772 11
145348 11
144927 10
144508 10
144092 11
143678 11
143266 11
142857 11
142450 11
142045 11
141643 11
141242 11
140845 11
140449 10
140056 11
139664 11
139275 11
138888 10
138504 11
138121 11
137741 11
137362 11
136986 11
136612 11
136239 11
135869 11
135501 11
135135 11
134770 11
134408 11
134048 11
133689 11
133333 11
132978 11
132625 11
132275 11
131926 11
131578 11
131233 11
130890 11
130548 11
130208 10
129870 11
129533 11
129198 11
128865 11
128534 11
128205 10
127877 11
127551 11
127226 11
126903 11
126582 11
126262 11
125944 11
125628 11
125313 11
125000 11
124688 11
124378 11
124069 11
123762 11
123456 10
123152 11
122850 11
122549 11
122249 11
121951 11
121654 11
121359 11
121065 11
120772 11
120481 11
120192 11
119904 11
119617 11
119331 11
119047 11
118764 11
118483 11
118203 10
117924 11
117647 11
117370 11
117096 11
116822 10
116550 11
116279 11
116009 11
115740 11
115473 11
115207 11
114942 11
114678 11
114416 11
114155 11
113895 11
113636 11
113378 11
113122 10
112866 11
112612 11
112359 11
112107 11
111856 11
111607 11
111358 11
111111 11
110864 11
110619 11
110375 11
110132 11
109890 11
109649 11
109409 11
109170 11
108932 10
108695 11
108459 11
108225 11
107991 11
107758 11
107526 11
107296 11
107066 11
106837 11
106609 11
106382 11
106157 12
105932 11
105708 11
105485 11
105263 11
105042 11
104821 11
104602 11
104384 11
104166 10
103950 11
103734 11
103519 11
103305 11
103092 11
102880 11
102669 11
102459 11
102249 11
102040 11
101832 11
101626 11
101419 11
101214 10
101010 10
100806 11
100603 11
100401 11
100200 11
100000 11
99800 11
25000000 9
16666666 8
12500000 9
10000000 10
8333333 11
7142857 13
6250000 13
5555555 13
5000000 13
4545454 12
4166666 12
3846153 12
3571428 11
3333333 11
3125000 11
2941176 11
2777777 10
2631578 11
2500000 11
2380952 11
2272727 10
2173913 11
2083333 11
2000000 11
1923076 11
1851851 11
1785714 11
1724137 11
1666666 10
1612903 11
1562500 11
1515151 11
1470588 11
1428571 11
1388888 11
1351351 11
1315789 11
1282051 11
1250000 11
1219512 11
1190476 10
1162790 11
1136363 11
1111111 10
1086956 11
1063829 11
1041666 11
1020408 11
1000000 11
980392 11
961538 11
943396 11
925925 11
909090 11
892857 10
877192 10
862068 11
847457 11
833333 11
819672 11
806451 11
793650 10
781250 11
769230 11
757575 11
746268 11
735294 11
724637 11
714285 10
704225 11
694444 10
684931 11
675675 11
666666 11
657894 11
649350 11
641025 11
632911 11
625000 11
617283 10
609756 11
602409 11
595238 11
588235 11
581395 11
574712 11
568181 11
561797 11
555555 11
549450 11
543478 11
537634 11
531914 11
526315 11
520833 11
515463 11
510204 11
505050 10
500000 11
495049 11
490196 11
485436 11
480769 11
476190 11
471698 11
467289 11
462962 10
458715 11
454545 10
450450 10
446428 11
442477 11
438596 10
434782 10
431034 11
427350 10
423728 11
420168 11
416666 11
413223 10
409836 11
406504 11
403225 11
400000 11
396825 10
393700 11
390625 11
387596 11
384615 11
381679 11
378787 10
375939 10
373134 11
370370 11
367647 11
364963 11
362318 11
359712 11
357142 11
354609 11
352112 11
349650 10
347222 10
344827 11
342465 11
340136 11
337837 10
335570 11
333333 11
331125 11
328947 11
326797 10
324675 10
322580 11
320512 11
318471 11
316455 11
314465 11
312500 10
310559 11
308641 10
306748 11
304878 11
303030 11
301204 11
299401 11
297619 11
295857 10
294117 11
292397 11
290697 11
289017 11
287356 11
285714 11
284090 11
282485 10
280898 11
279329 11
277777 11
276243 11
274725 11
273224 11
271739 11
270270 10
268817 10
267379 10
265957 10
264550 11
263157 10
261780 11
260416 11
259067 11
257731 11
256410 11
255102 11
253807 11
252525 11
251256 11
250000 11
248756 11
247524 11
246305 10
245098 11
243902 11
242718 11
241545 11
240384 11
239234 11
238095 11
236966 11
235849 11
234741 11
233644 11
232558 11
231481 11
230414 11
229357 11
228310 11
227272 11
226244 11
225225 11
224215 11
223214 11
222222 11
221238 11
220264 11
219298 11
218340 11
217391 11
216450 11
215517 11
214592 11
213675 11
212765 11
211864 11
210970 11
210084 11
209205 11
208333 10
207468 11
206611 10
205761 11
204918 11
204081 11
203252 11
202429 11
201612 11
200803 10
200000 11
199203 11
198412 10
197628 11
196850 10
196078 11
195312 11
194552 11
193798 11
193050 11
192307 11
191570 11
190839 11
190114 11
189393 11
188679 11
187969 11
187265 11
186567 11
185873 11
185185 11
184501 11
183823 11
183150 11
182481 11
181818 11
181159 11
180505 11
179856 11
179211 11
178571 11
177935 11
177304 11
176678 11
176056 11
175438 11
174825 11
174216 11
173611 11
173010 11
172413 11
171821 11
171232 11
170648 11
170068 11
169491 11
168918 11
168350 11
167785 11
167224 11
166666 11
166112 11
165562 11
165016 11
164473 11
163934 11
163398 11
162866 11
162337 11
161812 11
161290 11
160771 11
160256 11
159744 11
159235 11
158730 11
158227 11
157728 11
157232 11
156739 11
156250 11
155763 11
155279 12
154798 11
154320 11
153846 11
153374 11
152905 11
152439 11
151975 11
151515 11
151057 11
150602 11
150150 11
149700 11
149253 11
148809 11
148367 11
147928 11
147492 11
147058 11
146627 11
146198 11
145772 11
145348 11
144927 11
144508 11
144092 11
143678 11
143266 11
142857 11
142450 11
142045 11
141643 11
141242 11
140845 11
140449 11
140056 11
139664 11
139275 11
138888 11
138504 11
138121 11
137741 11
137362 11
136986 11
136612 11
136239 11
135869 11
135501 11
135135 11
134770 11
134408 11
134048 11
133689 11
133333 11
132978 11
132625 11
132275 11
131926 11
131578 11
131233 11
130890 11
130548 11
130208 11
129870 11
129533 11
129198 11
128865 11
128534 11
128205 11
127877 11
127551 11
127226 11
126903 11
126582 11
126262 11
125944 11
125628 11
125313 11
125000 11
124688 11
124378 11
124069 11
123762 11
123456 10
123152 11
122850 11
122549 11
122249 11
121951 11
121654 11
121359 11
121065 11
120772 11
120481 11
120192 11
119904 10
119617 11
119331 11
119047 11
118764 11
118483 11
118203 11
117924 11
117647 11
117370 11
117096 11
116822 11
116550 10
116279 11
116009 11
115740 11
115473 11
115207 10
114942 11
114678 11
114416 11
114155 11
113895 11
113636 11
113378 10
113122 11
112866 11
112612 11
112359 11
112107 11
111856 11
111607 11
111358 11
111111 11
110864 11
110619 11
110375 11
110132 11
109890 11
109649 11
109409 11
109170 11
108932 11
108695 10
108459 11
108225 11
107991 11
107758 11
107526 11
107296 11
107066 11
106837 11
106609 11
106382 11
106157 11
105932 11
105708 11
105485 11
105263 11
105042 10
104821 11
104602 10
104384 10
104166 11
103950 11
103734 11
103519 11
103305 11
103092 11
102880 11
102669 11
102459 10
102249 11
102040 11
101832 11
101626 11
101419 11
101214 11
101010 11
100806 11
100603 11
100401 11
100200 11
100000 11
99800 11
25000000 9
16666666 9
12500000 9
10000000 11
8333333 12
7142857 13
6250000 13
5555555 13
5000000 13
4545454 12
4166666 12
3846153 12
3571428 11
3333333 11
3125000 11
2941176 11
2777777 11
2631578 10
2500000 11
2380952 11
2272727 10
2173913 11
2083333 11
2000000 10
1923076 11
1851851 10
1785714 11
1724137 11
1666666 11
1612903 10
1562500 11
1515151 11
1470588 11
1428571 11
1388888 11
1351351 11
1315789 11
1282051 11
1250000 11
1219512 11
1190476 11
1162790 11
1136363 11
1111111 10
1086956 11
1063829 11
1041666 11
1020408 11
1000000 11
980392 11
961538 11
943396 11
925925 11
909090 11
892857 11
877192 11
862068 11
847457 11
833333 11
819672 11
806451 11
793650 11
781250 11
769230 11
757575 11
746268 11
735294 11
724637 11
714285 11
704225 11
694444 10
684931 11
675675 11
666666 11
657894 11
649350 11
641025 10
632911 11
625000 11
617283 11
609756 11
602409 11
595238 11
588235 11
581395 10
574712 11
568181 11
561797 11
555555 11
549450 11
543478 11
537634 10
531914 11
526315 11
520833 11
515463 11
510204 11
505050 11
500000 11
495049 11
490196 11
485436 11
480769 11
476190 11
471698 11
467289 11
462962 10
458715 11
454545 11
450450 11
446428 11
442477 11
438596 11
434782 11
431034 11
427350 11
423728 11
420168 11
416666 10
413223 11
409836 11
406504 11
403225 11
400000 11
396825 10
393700 10
390625 11
387596 11
384615 11
381679 11
378787 11
375939 10
373134 11
370370 11
367647 11
364963 11
362318 11
359712 11
357142 11
354609 10
352112 10
349650 11
347222 10
344827 11
342465 11
340136 11
337837 11
335570 11
333333 11
331125 11
328947 11
326797 11
324675 11
322580 11
320512 11
318471 10
316455 10
314465 10
312500 10
310559 10
308641 11
306748 11
304878 11
303030 11
301204 11
299401 11
297619 10
295857 11
294117 10
292397 10
290697 11
289017 11
287356 11
285714 11
284090 11
282485 10
280898 11
279329 11
277777 11
276243 11
274725 11
273224 10
271739 11
270270 11
268817 11
267379 10
265957 11
264550 11
263157 11
261780 11
260416 11
259067 11
257731 11
256410 10
255102 11
253807 11
252525 11
251256 11
250000 11
248756 11
247524 10
246305 11
245098 11
243902 10
242718 10
241545 10
240384 11
239234 11
238095 11
236966 11
235849 11
234741 11
233644 11
232558 11
231481 11
230414 11
229357 10
228310 11
227272 11
226244 11
225225 11
224215 11
223214 11
222222 11
221238 11
220264 11
219298 11
218340 11
217391 11
216450 11
215517 11
214592 11
213675 11
212765 11
211864 10
210970 11
210084 11
209205 11
208333 11
207468 11
206611 11
205761 11
204918 11
204081 11
203252 11
202429 10
201612 11
200803 11
200000 11
199203 11
198412 11
197628 11
196850 11
196078 11
195312 11
194552 11
193798 11
193050 11
192307 11
191570 10
190839 11
190114 11
189393 11
188679 10
187969 12
187265 11
186567 11
185873 11
185185 11
184501 11
183823 10
183150 11
182481 11
181818 11
181159 11
180505 11
179856 11
179211 10
178571 11
177935 11
177304 11
176678 11
176056 11
175438 11
174825 11
174216 11
173611 11
173010 11
172413 11
171821 11
171232 11
170648 11
170068 11
169491 11
168918 11
168350 11
167785 11
167224 11
166666 11
166112 11
165562 11
165016 11
164473 11
163934 11
163398 11
162866 11
162337 11
161812 11
161290 11
160771 11
160256 11
159744 11
159235 11
158730 11
158227 11
157728 11
157232 11
156739 11
156250 11
155763 11
155279 11
154798 11
154320 11
153846 11
153374 11
152905 11
152439 11
151975 11
151515 11
151057 11
150602 11
150150 11
149700 11
149253 11
148809 11
148367 11
147928 11
147492 11
147058 11
146627 11
146198 11
145772 11
145348 11
144927 11
144508 11
144092 11
143678 11
143266 11
142857 11
142450 11
142045 11
141643 11
141242 11
140845 11
140449 11
140056 11
139664 11
139275 11
138888 11
138504 11
138121 11
137741 11
137362 11
136986 11
136612 11
136239 11
135869 11
135501 11
135135 11
134770 11
134408 11
134048 11
133689 11
133333 11
132978 11
132625 11
132275 11
131926 11
131578 11
131233 11
130890 11
130548 11
130208 11
129870 11
129533 11
129198 11
128865 11
128534 11
128205 11
127877 11
127551 11
127226 11
126903 11
126582 11
126262 11
125944 11
125628 11
125313 11
125000 11
124688 11
124378 11
124069 11
123762 11
123456 10
123152 11
122850 11
122549 11
122249 11
121951 11
121654 11
121359 11
121065 11
120772 11
120481 11
120192 11
119904 11
119617 11
119331 11
119047 11
118764 11
118483 11
118203 11
117924 11
117647 11
117370 11
117096 11
116822 11
116550 11
116279 11
116009 11
115740 11
115473 11
115207 11
114942 11
114678 11
114416 11
114155 11
113895 11
113636 11
113378 10
113122 11
112866 11
112612 11
112359 11
112107 11
111856 11
111607 11
111358 11
111111 11
110864 11
110619 11
110375 11
110132 11
109890 11
109649 11
109409 11
109170 11
108932 10
108695 11
108459 11
108225 11
107991 11
107758 11
107526 10
107296 11
107066 11
106837 11
106609 11
106382 11
106157 11
105932 11
105708 11
105485 11
105263 11
105042 11
104821 10
104602 10
104384 11
104166 11
103950 11
103734 11
103519 11
103305 11
103092 11
102880 11
102669 11
102459 11
102249 11
102040 11
101832 11
101626 11
101419 11
101214 11
101010 11
100806 11
100603 11
100401 11
100200 11
100000 11
99800 11
25000000 9
16666666 8
12500000 9
10000000 11
8333333 12
7142857 13
6250000 13
5555555 13
5000000 13
4545454 12
4166666 12
3846153 11
3571428 11
3333333 11
3125000 11
2941176 11
2777777 10
2631578 11
2500000 11
2380952 11
2272727 11
2173913 11
2083333 11
2000000 11
1923076 11
1851851 10
1785714 11
1724137 11
1666666 11
1612903 11
1562500 11
1515151 11
1470588 11
1428571 11
1388888 11
1351351 11
1315789 11
1282051 11
1250000 11
1219512 11
1190476 11
1162790 11
1136363 10
1111111 11
1086956 11
1063829 11
1041666 11
1020408 11
1000000 11
980392 11
961538 11
943396 11
925925 11
909090 11
892857 10
877192 10
862068 11
847457 11
833333 11
819672 11
806451 11
793650 10
781250 11
769230 11
757575 11
746268 11
735294 11
724637 11
714285 11
704225 10
694444 11
684931 11
675675 11
666666 11
657894 11
649350 11
641025 10
632911 10
625000 11
617283 11
609756 11
602409 11
595238 11
588235 11
581395 11
574712 11
568181 11
561797 11
555555 11
549450 11
543478 11
537634 11
531914 11
526315 11
520833 10
515463 11
510204 11
505050 10
500000 11
495049 11
490196 11
485436 11
480769 11
476190 11
471698 11
467289 11
462962 11
458715 11
454545 11
450450 11
446428 10
442477 11
438596 11
434782 11
431034 11
427350 11
423728 11
420168 10
416666 11
413223 11
409836 10
406504 11
403225 11
400000 11
396825 10
393700 10
390625 11
387596 11
384615 11
381679 11
378787 11
375939 11
373134 11
370370 10
367647 10
364963 11
362318 11
359712 11
357142 11
354609 11
352112 11
349650 10
347222 10
344827 11
342465 11
340136 10
337837 10
335570 11
333333 10
331125 11
328947 11
326797 10
324675 11
322580 11
320512 11
318471 11
316455 11
314465 11
312500 11
310559 11
308641 11
306748 11
304878 11
303030 11
301204 11
299401 10
297619 11
295857 10
294117 10
292397 11
290697 11
289017 10
287356 11
285714 11
284090 11
282485 11
280898 11
279329 10
277777 10
276243 11
274725 11
273224 10
271739 11
270270 11
268817 11
267379 11
265957 11
264550 10
263157 11
261780 10
260416 10
259067 11
257731 11
256410 11
255102 11
253807 11
252525 10
251256 11
250000 10
248756 11
247524 11
246305 11
245098 10
243902 11
242718 11
241545 10
240384 11
239234 11
238095 10
236966 10
235849 10
234741 11
233644 10
232558 11
231481 10
230414 11
229357 10
228310 11
227272 10
226244 11
225225 11
224215 11
223214 11
222222 10
221238 11
220264 11
219298 11
218340 11
217391 11
216450 11
215517 11
214592 11
213675 10
212765 11
211864 11
210970 11
210084 11
209205 11
208333 11
207468 11
206611 11
205761 11
204918 11
204081 11
203252 10
202429 11
201612 11
200803 11
200000 10
199203 11
198412 11
197628 11
196850 11
196078 11
195312 10
194552 11
193798 11
193050 11
192307 11
191570 11
190839 11
190114 11
189393 11
188679 10
187969 11
187265 11
186567 11
185873 11
185185 11
184501 11
183823 11
183150 11
182481 11
181818 11
181159 11
180505 11
179856 11
179211 11
178571 11
177935 11
177304 11
176678 11
176056 11
175438 11
174825 11
174216 11
173611 10
173010 11
172413 11
171821 11
171232 11
170648 11
170068 11
169491 11
168918 11
168350 11
167785 11
167224 11
166666 11
166112 11
165562 11
165016 11
164473 11
163934 11
163398 11
162866 11
162337 11
161812 11
161290 11
160771 11
160256 11
159744 10
159235 11
158730 10
158227 11
157728 11
157232 11
156739 11
156250 11
155763 11
155279 11
154798 11
154320 11
153846 11
153374 11
152905 11
152439 11
151975 11
151515 11
151057 11
150602 11
150150 10
149700 11
149253 11
148809 11
148367 11
147928 11
147492 11
147058 11
146627 11
146198 11
145772 11
145348 11
144927 11
144508 11
144092 11
143678 11
143266 11
142857 11
142450 11
142045 11
141643 11
141242 11
140845 11
140449 11
140056 11
139664 11
139275 11
138888 11
138504 11
138121 11
137741 11
137362 11
136986 11
136612 11
136239 11
135869 11
135501 11
135135 11
134770 11
134408 11
134048 11
133689 11
133333 11
132978 11
132625 11
132275 10
131926 11
131578 11
131233 11
130890 11
130548 11
130208 11
129870 11
129533 11
129198 11
128865 11
128534 11
128205 11
127877 11
127551 11
127226 11
126903 11
126582 11
126262 11
125944 11
125628 11
125313 11
125000 11
124688 11
124378 11
124069 11
123762 11
123456 10
123152 11
122850 11
122549 11
122249 11
121951 11
121654 11
121359 11
121065 11
120772 11
120481 11
120192 11
119904 11
119617 11
119331 11
119047 11
118764 11
118483 11
118203 10
117924 11
117647 11
117370 11
117096 11
116822 11
116550 11
116279 11
116009 11
115740 11
115473 11
115207 11
114942 11
114678 11
114416 11
114155 11
113895 11
113636 11
113378 11
113122 11
112866 11
112612 11
112359 11
112107 11
111856 11
111607 11
111358 11
111111 11
110864 11
110619 11
110375 11
110132 11
109890 11
109649 11
109409 11
109170 11
108932 10
108695 11
108459 11
108225 11
107991 11
107758 11
107526 12
107296 11
107066 11
106837 10
106609 11
106382 11
106157 11
105932 11
105708 10
105485 11
105263 11
105042 11
104821 10
104602 10
104384 11
104166 11
103950 10
103734 11
103519 11
103305 11
103092 11
102880 10
102669 11
102459 11
102249 11
102040 11
101832 11
101626 11
101419 11
101214 11
101010 10
100806 11
100603 11
100401 11
100200 11
100000 11
99800 11
25000000 9
16666666 8
12500000 9
10000000 10
8333333 12
7142857 13
6250000 13
5555555 13
5000000 13
4545454 12
4166666 12
3846153 11
3571428 11
3333333 11
3125000 11
2941176 11
2777777 10
2631578 11
2500000 11
2380952 11
2272727 10
2173913 11
2083333 11
2000000 11
1923076 11
1851851 10
1785714 11
1724137 11
1666666 11
1612903 11
1562500 10
1515151 11
1470588 11
1428571 11
1388888 11
1351351 11
1315789 11
1282051 11
1250000 11
1219512 11
1190476 11
1162790 11
1136363 11
1111111 10
1086956 11
1063829 11
1041666 11
1020408 11
1000000 11
980392 11
961538 10
943396 11
925925 11
909090 11
892857 10
877192 11
862068 11
847457 11
833333 11
819672 11
806451 11
793650 11
781250 11
769230 11
757575 11
746268 11
735294 11
724637 11
714285 11
704225 11
694444 10
684931 11
675675 11
666666 11
657894 11
649350 11
641025 11
632911 11
625000 11
617283 11
609756 11
602409 11
595238 11
588235 11
581395 10
574712 11
568181 11
561797 10
555555 10
549450 11
543478 11
537634 10
531914 11
526315 11
520833 11
515463 11
510204 11
505050 10
500000 11
495049 11
490196 11
485436 11
480769 11
476190 11
471698 11
467289 11
462962 11
458715 11
454545 11
450450 11
446428 10
442477 11
438596 11
434782 11
431034 11
427350 11
423728 11
420168 11
416666 10
413223 11
409836 11
406504 11
403225 11
400000 11
396825 11
393700 11
390625 11
387596 11
384615 11
381679 10
378787 10
375939 11
373134 11
370370 10
367647 11
364963 11
362318 10
359712 10
357142 11
354609 10
352112 10
349650 11
347222 10
344827 11
342465 11
340136 11
337837 11
335570 11
333333 11
331125 11
328947 11
326797 11
324675 11
322580 11
320512 10
318471 11
316455 10
314465 11
312500 11
310559 11
308641 10
306748 11
304878 11
303030 10
301204 11
299401 11
297619 10
295857 11
294117 11
292397 11
290697 10
289017 11
287356 11
285714 11
284090 11
282485 10
280898 11
279329 11
277777 11
276243 11
274725 11
273224 11
271739 11
270270 11
268817 11
267379 10
265957 11
264550 11
263157 11
261780 11
260416 11
259067 10
257731 11
256410 11
255102 11
253807 11
252525 11
251256 11
250000 11
248756 11
247524 11
246305 11
245098 11
243902 10
242718 11
241545 11
240384 11
239234 11
238095 10
236966 11
235849 11
234741 11
233644 11
232558 11
231481 10
230414 11
229357 10
228310 11
227272 11
226244 11
225225 10
224215 11
223214 11
222222 11
221238 11
220264 11
219298 11
218340 11
217391 11
216450 11
215517 11
214592 11
213675 10
212765 11
211864 11
210970 11
210084 11
209205 11
208333 10
207468 11
206611 10
205761 11
204918 11
204081 11
203252 11
202429 11
201612 11
200803 10
200000 11
199203 11
198412 10
197628 11
196850 11
196078 11
195312 11
194552 11
193798 11
193050 11
192307 11
191570 11
190839 11
190114 11
189393 11
188679 11
187969 11
187265 11
186567 11
185873 11
185185 11
184501 11
183823 11
183150 11
182481 11
181818 11
181159 11
180505 11
179856 11
179211 11
178571 11
177935 11
177304 11
176678 11
176056 11
175438 11
174825 11
174216 11
173611 11
173010 11
172413 11
171821 11
171232 11
170648 11
170068 11
169491 11
168918 11
168350 11
167785 11
167224 11
166666 11
166112 11
165562 11
165016 11
164473 11
163934 11
163398 11
162866 11
162337 11
161812 11
161290 11
160771 11
160256 11
159744 11
159235 11
158730 11
158227 11
157728 11
157232 11
156739 10
156250 11
155763 11
155279 11
154798 11
154320 11
153846 11
153374 11
152905 11
152439 11
151975 11
151515 11
151057 11
150602 11
150150 11
149700 11
149253 11
148809 11
148367 11
147928 11
147492 11
147058 11
146627 11
146198 11
145772 11
145348 11
144927 11
144508 11
144092 11
143678 11
143266 11
142857 11
142450 11
142045 11
141643 11
141242 11
140845 11
140449 11
140056 11
139664 11
139275 11
138888 11
138504 11
138121 11
137741 11
137362 11
136986 11
136612 11
136239 11
135869 11
135501 11
135135 11
134770 11
134408 11
134048 11
133689 11
133333 11
132978 11
132625 11
132275 11
131926 11
131578 11
131233 11
130890 11
130548 11
130208 11
129870 11
129533 11
129198 11
128865 11
128534 11
128205 11
127877 11
127551 11
127226 11
126903 11
126582 11
126262 11
125944 11
125628 11
125313 11
125000 11
124688 11
124378 11
124069 11
123762 11
123456 10
123152 11
122850 11
122549 11
122249 11
121951 11
121654 11
121359 11
121065 10
120772 11
120481 11
120192 11
119904 11
119617 11
119331 11
119047 11
118764 11
118483 11
118203 10
117924 11
117647 11
117370 11
117096 11
116822 11
116550 11
116279 11
116009 11
115740 11
115473 11
115207 11
114942 11
114678 11
114416 11
114155 11
113895 11
113636 11
113378 11
113122 11
112866 11
112612 11
112359 11
112107 11
111856 11
111607 11
111358 11
111111 11
110864 11
110619 11
110375 11
110132 11
109890 11
109649 11
109409 11
109170 11
108932 11
108695 11
108459 11
108225 11
107991 11
107758 11
107526 11
107296 11
107066 11
106837 11
106609 11
106382 11
106157 11
105932 11
105708 11
105485 11
105263 11
105042 11
104821 11
104602 11
104384 11
104166 11
103950 11
103734 11
103519 12
103305 11
103092 10
102880 10
102669 11
102459 11
102249 11
102040 11
101832 11
101626 11
101419 11
101214 11
101010 10
100806 11
100603 11
100401 11
100200 11
100000 11
99800 11
25000000 9
16666666 8
12500000 9
10000000 10
8333333 12
7142857 13
6250000 13
5555555 13
5000000 13
4545454 12
4166666 12
3846153 12
3571428 11
3333333 11
3125000 11
2941176 11
2777777 10
2631578 11
2500000 11
2380952 11
2272727 10
2173913 10
2083333 11
2000000 11
1923076 11
1851851 10
1785714 10
1724137 11
1666666 11
1612903 11
1562500 10
1515151 11
1470588 11
1428571 11
1388888 11
1351351 11
1315789 11
1282051 11
1250000 11
1219512 11
1190476 11
1162790 11
1136363 11
1111111 10
1086956 11
1063829 11
1041666 11
1020408 11
1000000 11
980392 11
961538 11
943396 11
925925 10
909090 11
892857 11
877192 11
862068 11
847457 11
833333 11
819672 11
806451 11
793650 11
781250 11
769230 11
757575 11
746268 11
735294 11
724637 11
714285 11
704225 11
694444 10
684931 11
675675 11
666666 11
657894 11
649350 11
641025 11
632911 11
625000 11
617283 11
609756 11
602409 11
595238 11
588235 11
581395 11
574712 11
568181 11
561797 11
555555 11
549450 11
543478 11
537634 11
531914 11
526315 11
520833 11
515463 11
510204 10
505050 11
500000 11
495049 11
490196 11
485436 11
480769 11
476190 11
471698 11
467289 11
462962 11
458715 11
454545 10
450450 10
446428 10
442477 10
438596 11
434782 11
431034 10
427350 10
423728 11
420168 10
416666 10
413223 11
409836 10
406504 11
403225 11
400000 11
396825 11
393700 11
390625 11
387596 10
384615 11
381679 10
378787 11
375939 11
373134 11
370370 10
367647 11
364963 11
362318 10
359712 11
357142 10
354609 10
352112 11
349650 10
347222 10
344827 10
342465 10
340136 11
337837 10
335570 11
333333 11
331125 10
328947 11
326797 11
324675 11
322580 11
320512 10
318471 10
316455 11
314465 10
312500 11
310559 11
308641 10
306748 11
304878 11
303030 11
301204 10
299401 11
297619 11
295857 10
294117 10
292397 10
290697 11
289017 11
287356 11
285714 11
284090 11
282485 10
280898 11
279329 11
277777 10
276243 11
274725 11
273224 10
271739 11
270270 10
268817 10
267379 11
265957 11
264550 11
263157 11
261780 10
260416 10
259067 11
257731 11
256410 10
255102 11
253807 10
252525 11
251256 10
250000 11
248756 11
247524 11
246305 10
245098 10
243902 10
242718 11
241545 10
240384 11
239234 11
238095 10
236966 11
235849 11
234741 10
233644 11
232558 11
231481 11
230414 11
229357 11
228310 11
227272 10
226244 11
225225 10
224215 11
223214 11
222222 10
221238 11
220264 11
219298 11
218340 11
217391 11
216450 10
215517 11
214592 11
213675 11
212765 11
211864 11
210970 11
210084 11
209205 11
208333 10
207468 11
206611 11
205761 11
204918 11
204081 11
203252 11
202429 10
201612 11
200803 11
200000 11
199203 11
198412 10
197628 11
196850 11
196078 11
195312 11
194552 11
193798 11
193050 11
192307 11
191570 10
190839 11
190114 11
189393 11
188679 11
187969 11
187265 11
186567 11
185873 11
185185 11
184501 11
183823 11
183150 11
182481 11
181818 11
181159 11
180505 11
179856 11
179211 11
178571 11
177935 11
177304 11
176678 11
176056 11
175438 11
174825 11
174216 11
173611 11
173010 11
172413 11
171821 11
171232 10
170648 11
170068 11
169491 11
168918 11
168350 11
167785 11
167224 11
166666 11
166112 11
165562 11
165016 11
164473 11
163934 11
163398 11
162866 11
162337 11
161812 11
161290 11
160771 11
160256 11
159744 11
159235 11
158730 11
158227 11
157728 11
157232 11
156739 11
156250 11
155763 11
155279 10
154798 11
154320 11
153846 11
153374 11
152905 11
152439 11
151975 11
151515 11
151057 11
150602 11
150150 11
149700 11
149253 11
148809 11
148367 11
147928 11
147492 11
147058 11
146627 11
146198 11
145772 11
145348 11
144927 11
144508 11
144092 10
143678 11
143266 11
142857 11
142450 11
142045 11
141643 11
141242 11
140845 11
140449 11
140056 11
139664 10
139275 11
138888 11
138504 11
138121 11
137741 11
137362 11
136986 11
136612 11
136239 11
135869 11
135501 11
135135 11
134770 11
134408 11
134048 11
133689 11
133333 11
132978 11
132625 11
132275 11
131926 11
131578 11
131233 11
130890 11
130548 11
130208 11
129870 11
129533 11
129198 11
128865 11
128534 11
128205 11
127877 11
127551 11
127226 11
126903 11
126582 11
126262 11
125944 11
125628 11
125313 11
125000 11
124688 11
124378 11
124069 11
123762 11
123456 10
123152 11
122850 11
122549 11
122249 11
121951 11
121654 11
121359 11
121065 11
120772 11
120481 11
120192 11
119904 11
119617 11
119331 11
119047 11
118764 11
118483 11
118203 10
117924 11
117647 11
117370 11
117096 11
116822 11
116550 11
116279 11
116009 11
115740 11
115473 11
115207 11
114942 11
114678 11
114416 11
114155 11
113895 11
113636 11
113378 10
113122 11
112866 11
112612 11
112359 11
112107 11
111856 11
111607 11
111358 11
111111 11
110864 11
110619 11
110375 11
110132 11
109890 11
109649 11
109409 11
109170 11
108932 10
108695 11
108459 11
108225 11
107991 11
107758 11
107526 11
107296 11
107066 11
106837 11
106609 11
106382 11
106157 11
105932 11
105708 11
105485 12
105263 11
105042 11
104821 11
104602 11
104384 10
104166 11
103950 11
103734 11
103519 11
103305 11
103092 11
102880 11
102669 11
102459 11
102249 11
102040 11
101832 11
101626 10
101419 11
101214 11
101010 10
100806 11
100603 11
100401 11
100200 11
100000 11
99800 11
