25000000 10
16666666 8
12500000 8
10000000 9
8333333 11
7142857 13
6250000 13
5555555 13
5000000 13
4545454 11
4166666 12
3846153 11
3571428 10
3333333 10
3125000 11
2941176 10
2777777 10
2631578 10
2500000 10
2380952 10
2272727 10
2173913 10
2083333 10
2000000 10
1923076 10
1851851 10
1785714 10
1724137 11
1666666 10
1612903 10
1562500 10
1515151 10
1470588 10
1428571 11
1388888 10
1351351 10
1315789 11
1282051 10
1250000 10
1219512 10
1190476 10
1162790 10
1136363 10
1111111 10
1086956 10
1063829 10
1041666 10
1020408 10
1000000 10
980392 10
961538 10
943396 10
925925 10
909090 10
892857 10
877192 10
862068 10
847457 10
833333 10
819672 10
806451 10
793650 10
781250 10
769230 10
757575 10
746268 10
735294 10
724637 10
714285 10
704225 10
694444 10
684931 10
675675 10
666666 10
657894 10
649350 10
641025 10
632911 10
625000 10
617283 10
609756 10
602409 10
595238 10
588235 10
581395 10
574712 10
568181 10
561797 10
555555 10
549450 10
543478 10
537634 10
531914 10
526315 10
520833 10
515463 10
510204 10
505050 10
500000 10
495049 10
490196 10
485436 10
480769 10
476190 10
471698 10
467289 10
462962 10
458715 10
454545 10
450450 10
446428 10
442477 10
438596 10
434782 10
431034 10
427350 10
423728 10
420168 10
416666 10
413223 10
409836 10
406504 10
403225 10
400000 10
396825 10
393700 10
390625 10
387596 10
384615 10
381679 10
378787 10
375939 10
373134 10
370370 10
367647 10
364963 10
362318 10
359712 10
357142 10
354609 10
352112 10
349650 10
347222 10
344827 10
342465 10
340136 10
337837 10
335570 10
333333 10
331125 10
328947 10
326797 10
324675 10
322580 10
320512 10
318471 10
316455 10
314465 10
312500 10
310559 10
308641 10
306748 10
304878 10
303030 10
301204 10
299401 10
297619 10
295857 10
294117 10
292397 10
290697 10
289017 10
287356 10
285714 10
284090 10
282485 10
280898 10
279329 10
277777 10
276243 10
274725 10
273224 10
271739 10
270270 10
268817 10
267379 10
265957 10
264550 10
263157 10
261780 10
260416 10
259067 10
257731 10
256410 10
255102 10
253807 10
252525 10
251256 10
250000 10
248756 10
247524 10
246305 10
245098 10
243902 10
242718 10
241545 10
240384 10
239234 10
238095 10
236966 10
235849 10
234741 10
233644 10
232558 10
231481 10
230414 10
229357 10
228310 10
227272 10
226244 10
225225 10
224215 10
223214 10
222222 10
221238 10
220264 10
219298 10
218340 10
217391 10
216450 10
215517 10
214592 10
213675 10
212765 10
211864 10
210970 10
210084 10
209205 10
208333 10
207468 10
206611 10
205761 10
204918 10
204081 10
203252 10
202429 10
201612 10
200803 10
200000 10
199203 10
198412 10
197628 10
196850 10
196078 10
195312 10
194552 10
193798 10
193050 10
192307 10
191570 10
190839 10
190114 10
189393 10
188679 10
187969 10
187265 10
186567 10
185873 10
185185 10
184501 10
183823 10
183150 10
182481 10
181818 10
181159 10
180505 10
179856 10
179211 10
178571 10
177935 10
177304 10
176678 10
176056 10
175438 10
174825 10
174216 10
173611 10
173010 10
172413 10
171821 10
171232 10
170648 10
170068 10
169491 10
168918 10
168350 10
167785 10
167224 10
166666 10
166112 10
165562 10
165016 11
164473 10
163934 10
163398 10
162866 10
162337 10
161812 10
161290 10
160771 10
160256 10
159744 10
159235 10
158730 10
158227 10
157728 10
157232 10
156739 10
156250 10
155763 10
155279 10
154798 10
154320 10
153846 10
153374 10
152905 10
152439 10
151975 10
151515 10
151057 10
150602 10
150150 10
149700 10
149253 10
148809 10
148367 10
147928 10
147492 10
147058 10
146627 10
146198 10
145772 10
145348 10
144927 10
144508 10
144092 10
143678 10
143266 10
142857 10
142450 10
142045 10
141643 10
141242 10
140845 10
140449 10
140056 10
139664 10
139275 10
138888 10
138504 10
138121 10
137741 10
137362 10
136986 10
136612 10
136239 10
135869 10
135501 10
135135 10
134770 10
134408 10
134048 10
133689 10
133333 10
132978 10
132625 10
132275 10
131926 10
131578 10
131233 10
130890 10
130548 10
130208 10
129870 10
129533 10
129198 10
128865 10
128534 10
128205 10
127877 10
127551 10
127226 10
126903 10
126582 10
126262 10
125944 10
125628 10
125313 10
125000 10
124688 10
124378 10
124069 10
123762 10
123456 10
123152 10
122850 10
122549 10
122249 10
121951 10
121654 10
121359 10
121065 10
120772 10
120481 10
120192 10
119904 10
119617 10
119331 10
119047 10
118764 10
118483 11
118203 10
117924 10
117647 10
117370 10
117096 10
116822 10
116550 10
116279 10
116009 10
115740 10
115473 10
115207 11
114942 10
114678 10
114416 10
114155 10
113895 10
113636 10
113378 10
113122 10
112866 10
112612 10
112359 10
112107 10
111856 10
111607 10
111358 11
111111 10
110864 10
110619 10
110375 10
110132 10
109890 10
109649 10
109409 10
109170 10
108932 10
108695 10
108459 10
108225 10
107991 10
107758 11
107526 10
107296 10
107066 10
106837 10
106609 10
106382 10
106157 10
105932 10
105708 10
105485 10
105263 10
105042 10
104821 10
104602 11
104384 10
104166 10
103950 10
103734 9
103519 10
103305 10
103092 10
102880 10
102669 10
102459 10
102249 10
102040 10
101832 10
101626 10
101419 10
101214 10
101010 10
100806 10
100603 10
100401 10
100200 10
100000 10
99800 10
25000000 10
16666666 7
12500000 8
10000000 11
8333333 12
7142857 13
6250000 13
5555555 13
5000000 13
4545454 11
4166666 12
3846153 12
3571428 10
3333333 10
3125000 11
2941176 10
2777777 10
2631578 10
2500000 10
2380952 10
2272727 10
2173913 10
2083333 10
2000000 10
1923076 10
1851851 10
1785714 10
1724137 11
1666666 10
1612903 10
1562500 10
1515151 10
1470588 11
1428571 10
1388888 10
1351351 10
1315789 10
1282051 10
1250000 10
1219512 10
1190476 10
1162790 10
1136363 10
1111111 10
1086956 10
1063829 11
1041666 10
1020408 11
1000000 10
980392 10
961538 10
943396 10
925925 10
909090 10
892857 10
877192 10
862068 10
847457 10
833333 10
819672 10
806451 10
793650 10
781250 10
769230 10
757575 10
746268 10
735294 10
724637 10
714285 10
704225 10
694444 10
684931 10
675675 10
666666 10
657894 10
649350 10
641025 10
632911 10
625000 10
617283 10
609756 10
602409 10
595238 10
588235 10
581395 10
574712 10
568181 10
561797 10
555555 10
549450 10
543478 10
537634 10
531914 10
526315 10
520833 10
515463 10
510204 10
505050 10
500000 10
495049 10
490196 10
485436 10
480769 10
476190 10
471698 11
467289 10
462962 10
458715 10
454545 10
450450 10
446428 10
442477 10
438596 10
434782 10
431034 10
427350 10
423728 10
420168 10
416666 10
413223 10
409836 10
406504 10
403225 10
400000 10
396825 10
393700 10
390625 10
387596 10
384615 10
381679 10
378787 10
375939 11
373134 10
370370 10
367647 10
364963 10
362318 10
359712 10
357142 10
354609 10
352112 10
349650 10
347222 10
344827 10
342465 10
340136 11
337837 10
335570 10
333333 10
331125 10
328947 10
326797 10
324675 10
322580 10
320512 10
318471 10
316455 10
314465 10
312500 10
310559 10
308641 10
306748 10
304878 10
303030 10
301204 10
299401 10
297619 10
295857 10
294117 10
292397 10
290697 10
289017 10
287356 10
285714 10
284090 10
282485 10
280898 10
279329 10
277777 10
276243 10
274725 10
273224 10
271739 10
270270 10
268817 10
267379 10
265957 10
264550 10
263157 10
261780 10
260416 10
259067 10
257731 10
256410 10
255102 10
253807 10
252525 10
251256 10
250000 10
248756 10
247524 10
246305 10
245098 10
243902 10
242718 10
241545 10
240384 10
239234 10
238095 10
236966 10
235849 10
234741 10
233644 10
232558 10
231481 10
230414 10
229357 10
228310 10
227272 10
226244 10
225225 10
224215 10
223214 10
222222 10
221238 10
220264 10
219298 10
218340 10
217391 10
216450 10
215517 10
214592 10
213675 10
212765 10
211864 10
210970 10
210084 10
209205 10
208333 10
207468 10
206611 10
205761 10
204918 10
204081 10
203252 10
202429 10
201612 10
200803 10
200000 10
199203 10
198412 10
197628 10
196850 10
196078 10
195312 10
194552 10
193798 10
193050 10
192307 10
191570 10
190839 10
190114 10
189393 10
188679 10
187969 10
187265 10
186567 10
185873 10
185185 10
184501 10
183823 10
183150 10
182481 10
181818 10
181159 10
180505 10
179856 10
179211 10
178571 10
177935 10
177304 10
176678 10
176056 10
175438 10
174825 10
174216 10
173611 10
173010 10
172413 10
171821 10
171232 10
170648 10
170068 10
169491 10
168918 10
168350 10
167785 10
167224 10
166666 10
166112 10
165562 10
165016 10
164473 10
163934 10
163398 10
162866 10
162337 10
161812 10
161290 10
160771 10
160256 10
159744 10
159235 10
158730 10
158227 10
157728 10
157232 10
156739 10
156250 10
155763 10
155279 10
154798 10
154320 10
153846 10
153374 10
152905 10
152439 10
151975 10
151515 10
151057 10
150602 10
150150 10
149700 10
149253 10
148809 10
148367 10
147928 10
147492 10
147058 10
146627 10
146198 10
145772 10
145348 10
144927 10
144508 10
144092 10
143678 10
143266 10
142857 10
142450 10
142045 10
141643 10
141242 10
140845 10
140449 10
140056 10
139664 10
139275 10
138888 10
138504 10
138121 10
137741 10
137362 10
136986 10
136612 10
136239 10
135869 10
135501 10
135135 10
134770 10
134408 10
134048 10
133689 10
133333 10
132978 10
132625 10
132275 10
131926 10
131578 10
131233 10
130890 10
130548 10
130208 10
129870 10
129533 10
129198 10
128865 10
128534 10
128205 10
127877 10
127551 10
127226 10
126903 10
126582 10
126262 10
125944 10
125628 10
125313 10
125000 10
124688 10
124378 10
124069 10
123762 10
123456 10
123152 10
122850 10
122549 10
122249 10
121951 10
121654 10
121359 10
121065 10
120772 10
120481 10
120192 10
119904 10
119617 10
119331 10
119047 10
118764 10
118483 10
118203 10
117924 10
117647 10
117370 10
117096 10
116822 10
116550 10
116279 10
116009 10
115740 10
115473 10
115207 10
114942 10
114678 10
114416 10
114155 10
113895 10
113636 10
113378 10
113122 10
112866 10
112612 10
112359 10
112107 11
111856 10
111607 10
111358 10
111111 10
110864 10
110619 10
110375 10
110132 10
109890 10
109649 9
109409 10
109170 10
108932 10
108695 10
108459 10
108225 10
107991 11
107758 10
107526 10
107296 10
107066 10
106837 10
106609 10
106382 10
106157 10
105932 10
105708 10
105485 10
105263 10
105042 10
104821 9
104602 10
104384 10
104166 10
103950 10
103734 10
103519 10
103305 10
103092 11
102880 10
102669 10
102459 10
102249 10
102040 10
101832 10
101626 10
101419 10
101214 10
101010 10
100806 10
100603 10
100401 10
100200 10
100000 10
99800 10
25000000 10
16666666 8
12500000 8
10000000 11
8333333 11
7142857 13
6250000 13
5555555 13
5000000 13
4545454 12
4166666 12
3846153 12
3571428 10
3333333 10
3125000 11
2941176 10
2777777 10
2631578 10
2500000 10
2380952 10
2272727 10
2173913 10
2083333 10
2000000 10
1923076 10
1851851 10
1785714 10
1724137 10
1666666 10
1612903 10
1562500 10
1515151 10
1470588 11
1428571 10
1388888 10
1351351 10
1315789 10
1282051 10
1250000 10
1219512 10
1190476 10
1162790 10
1136363 10
1111111 10
1086956 10
1063829 10
1041666 10
1020408 10
1000000 10
980392 10
961538 10
943396 10
925925 10
909090 10
892857 10
877192 10
862068 10
847457 10
833333 10
819672 10
806451 10
793650 10
781250 10
769230 10
757575 10
746268 10
735294 10
724637 10
714285 10
704225 10
694444 10
684931 10
675675 10
666666 10
657894 10
649350 10
641025 10
632911 10
625000 10
617283 10
609756 10
602409 10
595238 10
588235 10
581395 10
574712 10
568181 10
561797 10
555555 10
549450 10
543478 10
537634 10
531914 10
526315 10
520833 10
515463 10
510204 10
505050 10
500000 10
495049 10
490196 10
485436 10
480769 10
476190 10
471698 10
467289 10
462962 10
458715 10
454545 10
450450 10
446428 10
442477 10
438596 10
434782 10
431034 10
427350 10
423728 10
420168 10
416666 10
413223 10
409836 10
406504 10
403225 10
400000 10
396825 10
393700 10
390625 10
387596 10
384615 10
381679 10
378787 10
375939 10
373134 10
370370 10
367647 10
364963 10
362318 10
359712 10
357142 10
354609 10
352112 10
349650 10
347222 10
344827 10
342465 10
340136 10
337837 10
335570 10
333333 10
331125 10
328947 10
326797 10
324675 10
322580 10
320512 10
318471 10
316455 10
314465 10
312500 10
310559 10
308641 10
306748 11
304878 10
303030 10
301204 10
299401 10
297619 10
295857 10
294117 10
292397 10
290697 10
289017 10
287356 10
285714 10
284090 10
282485 10
280898 10
279329 10
277777 10
276243 10
274725 10
273224 10
271739 10
270270 10
268817 10
267379 10
265957 10
264550 10
263157 10
261780 10
260416 10
259067 10
257731 10
256410 10
255102 10
253807 10
252525 10
251256 10
250000 10
248756 10
247524 10
246305 10
245098 10
243902 10
242718 10
241545 10
240384 10
239234 10
238095 10
236966 10
235849 10
234741 10
233644 10
232558 10
231481 10
230414 10
229357 10
228310 10
227272 10
226244 10
225225 10
224215 10
223214 10
222222 10
221238 10
220264 10
219298 10
218340 10
217391 10
216450 10
215517 10
214592 10
213675 10
212765 10
211864 10
210970 10
210084 10
209205 10
208333 10
207468 10
206611 10
205761 10
204918 10
204081 10
203252 10
202429 10
201612 10
200803 10
200000 10
199203 10
198412 10
197628 10
196850 10
196078 10
195312 10
194552 10
193798 10
193050 10
192307 10
191570 10
190839 10
190114 10
189393 10
188679 10
187969 10
187265 10
186567 10
185873 10
185185 10
184501 10
183823 10
183150 10
182481 10
181818 10
181159 10
180505 10
179856 10
179211 10
178571 10
177935 10
177304 10
176678 10
176056 10
175438 10
174825 10
174216 10
173611 10
173010 10
172413 10
171821 10
171232 10
170648 10
170068 10
169491 10
168918 10
168350 10
167785 10
167224 10
166666 10
166112 10
165562 10
165016 10
164473 10
163934 10
163398 10
162866 10
162337 10
161812 10
161290 10
160771 10
160256 10
159744 10
159235 10
158730 10
158227 10
157728 10
157232 10
156739 10
156250 10
155763 10
155279 10
154798 10
154320 10
153846 10
153374 10
152905 10
152439 10
151975 10
151515 10
151057 10
150602 10
150150 10
149700 10
149253 10
148809 10
148367 10
147928 10
147492 9
147058 10
146627 10
146198 10
145772 10
145348 10
144927 10
144508 10
144092 10
143678 10
143266 10
142857 10
142450 10
142045 10
141643 10
141242 10
140845 10
140449 10
140056 10
139664 10
139275 10
138888 10
138504 10
138121 10
137741 10
137362 10
136986 10
136612 10
136239 10
135869 10
135501 10
135135 10
134770 10
134408 10
134048 10
133689 10
133333 10
132978 10
132625 10
132275 10
131926 10
131578 10
131233 10
130890 10
130548 10
130208 10
129870 10
129533 10
129198 10
128865 10
128534 10
128205 10
127877 10
127551 10
127226 10
126903 10
126582 11
126262 10
125944 10
125628 10
125313 10
125000 10
124688 10
124378 11
124069 10
123762 10
123456 10
123152 10
122850 10
122549 10
122249 10
121951 10
121654 10
121359 10
121065 10
120772 10
120481 10
120192 10
119904 10
119617 10
119331 10
119047 10
118764 10
118483 10
118203 10
117924 10
117647 10
117370 10
117096 10
116822 10
116550 10
116279 10
116009 10
115740 10
115473 10
115207 11
114942 10
114678 10
114416 11
114155 10
113895 10
113636 10
113378 10
113122 10
112866 10
112612 10
112359 11
112107 10
111856 10
111607 10
111358 10
111111 10
110864 10
110619 10
110375 10
110132 10
109890 10
109649 10
109409 11
109170 10
108932 9
108695 10
108459 10
108225 10
107991 10
107758 10
107526 10
107296 10
107066 10
106837 10
106609 10
106382 10
106157 10
105932 10
105708 10
105485 9
105263 10
105042 10
104821 10
104602 10
104384 10
104166 9
103950 10
103734 10
103519 10
103305 10
103092 11
102880 10
102669 10
102459 10
102249 10
102040 10
101832 10
101626 10
101419 10
101214 10
101010 9
100806 10
100603 10
100401 10
100200 10
100000 10
99800 10
25000000 10
16666666 7
12500000 8
10000000 11
8333333 12
7142857 13
6250000 13
5555555 13
5000000 13
4545454 11
4166666 12
3846153 11
3571428 10
3333333 10
3125000 10
2941176 11
2777777 10
2631578 10
2500000 10
2380952 10
2272727 10
2173913 10
2083333 10
2000000 10
1923076 10
1851851 10
1785714 10
1724137 11
1666666 11
1612903 11
1562500 10
1515151 10
1470588 10
1428571 10
1388888 10
1351351 10
1315789 10
1282051 10
1250000 10
1219512 10
1190476 10
1162790 10
1136363 10
1111111 10
1086956 10
1063829 10
1041666 10
1020408 10
1000000 10
980392 10
961538 10
943396 10
925925 10
909090 10
892857 10
877192 10
862068 10
847457 10
833333 10
819672 10
806451 10
793650 10
781250 10
769230 10
757575 10
746268 10
735294 10
724637 10
714285 10
704225 10
694444 10
684931 10
675675 10
666666 10
657894 10
649350 10
641025 10
632911 11
625000 10
617283 10
609756 10
602409 10
595238 10
588235 10
581395 11
574712 10
568181 10
561797 10
555555 10
549450 10
543478 10
537634 10
531914 10
526315 10
520833 10
515463 10
510204 10
505050 10
500000 10
495049 10
490196 10
485436 11
480769 10
476190 11
471698 10
467289 10
462962 10
458715 10
454545 10
450450 10
446428 10
442477 10
438596 10
434782 10
431034 10
427350 10
423728 10
420168 10
416666 10
413223 10
409836 10
406504 10
403225 10
400000 10
396825 9
393700 10
390625 10
387596 10
384615 10
381679 10
378787 10
375939 10
373134 10
370370 10
367647 10
364963 10
362318 10
359712 10
357142 10
354609 10
352112 10
349650 10
347222 10
344827 10
342465 10
340136 10
337837 10
335570 11
333333 10
331125 10
328947 10
326797 10
324675 10
322580 10
320512 10
318471 10
316455 10
314465 10
312500 10
310559 10
308641 10
306748 10
304878 10
303030 10
301204 10
299401 10
297619 10
295857 10
294117 10
292397 10
290697 10
289017 10
287356 10
285714 10
284090 10
282485 10
280898 10
279329 10
277777 10
276243 10
274725 10
273224 10
271739 10
270270 10
268817 10
267379 10
265957 10
264550 10
263157 10
261780 10
260416 10
259067 10
257731 10
256410 10
255102 10
253807 10
252525 10
251256 10
250000 10
248756 10
247524 10
246305 10
245098 10
243902 10
242718 10
241545 10
240384 10
239234 10
238095 10
236966 10
235849 10
234741 10
233644 10
232558 10
231481 10
230414 10
229357 10
228310 10
227272 10
226244 10
225225 10
224215 10
223214 10
222222 10
221238 10
220264 10
219298 10
218340 10
217391 10
216450 10
215517 10
214592 10
213675 10
212765 10
211864 10
210970 10
210084 10
209205 10
208333 10
207468 10
206611 10
205761 10
204918 10
204081 10
203252 10
202429 10
201612 10
200803 10
200000 10
199203 10
198412 10
197628 10
196850 10
196078 10
195312 10
194552 10
193798 10
193050 10
192307 10
191570 10
190839 10
190114 10
189393 10
188679 10
187969 10
187265 10
186567 10
185873 10
185185 10
184501 10
183823 10
183150 10
182481 10
181818 10
181159 10
180505 10
179856 10
179211 10
178571 10
177935 10
177304 10
176678 10
176056 10
175438 10
174825 10
174216 10
173611 10
173010 10
172413 10
171821 10
171232 10
170648 10
170068 10
169491 10
168918 10
168350 10
167785 10
167224 10
166666 10
166112 10
165562 10
165016 10
164473 10
163934 10
163398 10
162866 10
162337 10
161812 10
161290 10
160771 10
160256 10
159744 10
159235 10
158730 10
158227 10
157728 10
157232 10
156739 10
156250 10
155763 10
155279 10
154798 10
154320 10
153846 10
153374 10
152905 10
152439 10
151975 10
151515 10
151057 10
150602 10
150150 10
149700 10
149253 10
148809 10
148367 10
147928 10
147492 10
147058 10
146627 10
146198 10
145772 10
145348 10
144927 10
144508 10
144092 10
143678 10
143266 10
142857 10
142450 10
142045 10
141643 10
141242 10
140845 10
140449 10
140056 10
139664 10
139275 10
138888 10
138504 10
138121 10
137741 10
137362 10
136986 10
136612 10
136239 10
135869 10
135501 10
135135 11
134770 10
134408 10
134048 10
133689 10
133333 10
132978 10
132625 10
132275 10
131926 10
131578 10
131233 10
130890 10
130548 10
130208 10
129870 10
129533 10
129198 10
128865 10
128534 10
128205 10
127877 10
127551 10
127226 10
126903 10
126582 10
126262 10
125944 10
125628 10
125313 10
125000 10
124688 10
124378 11
124069 10
123762 10
123456 9
123152 10
122850 10
122549 10
122249 10
121951 10
121654 10
121359 10
121065 10
120772 9
120481 10
120192 10
119904 10
119617 10
119331 10
119047 10
118764 10
118483 10
118203 9
117924 10
117647 10
117370 10
117096 10
116822 10
116550 10
116279 11
116009 10
115740 10
115473 10
115207 10
114942 10
114678 10
114416 10
114155 10
113895 10
113636 10
113378 10
113122 10
112866 10
112612 10
112359 10
112107 10
111856 10
111607 10
111358 10
111111 10
110864 10
110619 10
110375 10
110132 10
109890 10
109649 10
109409 10
109170 10
108932 10
108695 10
108459 10
108225 10
107991 10
107758 10
107526 10
107296 10
107066 10
106837 10
106609 10
106382 10
106157 10
105932 10
105708 10
105485 10
105263 10
105042 10
104821 10
104602 11
104384 9
104166 10
103950 10
103734 10
103519 10
103305 10
103092 10
102880 10
102669 9
102459 10
102249 10
102040 10
101832 10
101626 10
101419 10
101214 10
101010 10
100806 10
100603 10
100401 10
100200 10
100000 10
99800 10
25000000 10
16666666 7
12500000 8
10000000 11
8333333 12
7142857 13
6250000 13
5555555 13
5000000 13
4545454 11
4166666 12
3846153 11
3571428 10
3333333 10
3125000 10
2941176 10
2777777 10
2631578 10
2500000 10
2380952 10
2272727 10
2173913 10
2083333 10
2000000 10
1923076 10
1851851 10
1785714 10
1724137 10
1666666 10
1612903 10
1562500 10
1515151 10
1470588 10
1428571 11
1388888 10
1351351 10
1315789 11
1282051 10
1250000 10
1219512 10
1190476 10
1162790 10
1136363 10
1111111 10
1086956 10
1063829 10
1041666 10
1020408 10
1000000 10
980392 10
961538 10
943396 10
925925 10
909090 10
892857 10
877192 10
862068 10
847457 10
833333 10
819672 10
806451 10
793650 10
781250 10
769230 10
757575 10
746268 10
735294 10
724637 10
714285 10
704225 10
694444 10
684931 10
675675 10
666666 10
657894 10
649350 10
641025 10
632911 10
625000 10
617283 10
609756 10
602409 10
595238 10
588235 10
581395 10
574712 10
568181 10
561797 10
555555 10
549450 10
543478 10
537634 10
531914 10
526315 10
520833 10
515463 10
510204 10
505050 10
500000 10
495049 10
490196 10
485436 10
480769 10
476190 10
471698 10
467289 10
462962 10
458715 10
454545 10
450450 10
446428 10
442477 10
438596 10
434782 10
431034 10
427350 10
423728 10
420168 10
416666 10
413223 10
409836 10
406504 10
403225 10
400000 10
396825 10
393700 10
390625 10
387596 10
384615 10
381679 10
378787 10
375939 10
373134 10
370370 10
367647 10
364963 10
362318 10
359712 10
357142 10
354609 10
352112 10
349650 10
347222 10
344827 10
342465 10
340136 10
337837 10
335570 10
333333 9
331125 10
328947 10
326797 10
324675 10
322580 10
320512 10
318471 10
316455 10
314465 10
312500 10
310559 10
308641 10
306748 10
304878 10
303030 10
301204 10
299401 10
297619 10
295857 10
294117 10
292397 10
290697 10
289017 10
287356 10
285714 10
284090 10
282485 10
280898 10
279329 10
277777 10
276243 10
274725 10
273224 10
271739 10
270270 10
268817 10
267379 10
265957 10
264550 10
263157 10
261780 10
260416 10
259067 10
257731 10
256410 10
255102 10
253807 10
252525 10
251256 10
250000 10
248756 10
247524 10
246305 10
245098 10
243902 10
242718 10
241545 10
240384 10
239234 10
238095 10
236966 10
235849 10
234741 10
233644 10
232558 10
231481 10
230414 10
229357 10
228310 10
227272 10
226244 10
225225 10
224215 10
223214 10
222222 10
221238 10
220264 10
219298 10
218340 10
217391 10
216450 10
215517 10
214592 10
213675 10
212765 10
211864 10
210970 10
210084 10
209205 10
208333 10
207468 10
206611 10
205761 10
204918 10
204081 10
203252 10
202429 10
201612 10
200803 10
200000 10
199203 10
198412 10
197628 10
196850 10
196078 10
195312 10
194552 10
193798 10
193050 10
192307 10
191570 10
190839 10
190114 10
189393 10
188679 10
187969 10
187265 10
186567 10
185873 10
185185 10
184501 10
183823 10
183150 10
182481 10
181818 10
181159 10
180505 10
179856 10
179211 10
178571 10
177935 10
177304 10
176678 10
176056 10
175438 10
174825 10
174216 10
173611 10
173010 10
172413 10
171821 10
171232 10
170648 10
170068 10
169491 10
168918 10
168350 10
167785 10
167224 10
166666 10
166112 10
165562 10
165016 10
164473 10
163934 10
163398 10
162866 10
162337 10
161812 10
161290 10
160771 10
160256 10
159744 10
159235 10
158730 10
158227 10
157728 10
157232 10
156739 10
156250 10
155763 10
155279 10
154798 10
154320 10
153846 10
153374 10
152905 10
152439 10
151975 10
151515 10
151057 10
150602 10
150150 10
149700 10
149253 10
148809 10
148367 10
147928 10
147492 10
147058 10
146627 10
146198 10
145772 10
145348 11
144927 10
144508 10
144092 10
143678 10
143266 10
142857 10
142450 10
142045 10
141643 10
141242 10
140845 10
140449 10
140056 10
139664 10
139275 10
138888 10
138504 10
138121 10
137741 10
137362 10
136986 10
136612 11
136239 10
135869 10
135501 10
135135 10
134770 10
134408 10
134048 10
133689 10
133333 10
132978 10
132625 10
132275 10
131926 10
131578 10
131233 10
130890 10
130548 10
130208 10
129870 10
129533 10
129198 11
128865 10
128534 10
128205 10
127877 10
127551 10
127226 10
126903 10
126582 10
126262 10
125944 10
125628 10
125313 10
125000 10
124688 10
124378 10
124069 10
123762 10
123456 10
123152 10
122850 9
122549 10
122249 10
121951 10
121654 10
121359 11
121065 10
120772 10
120481 10
120192 10
119904 10
119617 10
119331 10
119047 10
118764 10
118483 10
118203 10
117924 10
117647 10
117370 10
117096 10
116822 10
116550 11
116279 10
116009 10
115740 10
115473 10
115207 10
114942 10
114678 10
114416 10
114155 10
113895 10
113636 10
113378 10
113122 10
112866 10
112612 10
112359 10
112107 10
111856 10
111607 10
111358 10
111111 9
110864 10
110619 10
110375 11
110132 10
109890 10
109649 10
109409 10
109170 10
108932 9
108695 10
108459 10
108225 10
107991 10
107758 10
107526 10
107296 10
107066 10
106837 10
106609 10
106382 10
106157 10
105932 11
105708 10
105485 10
105263 10
105042 10
104821 10
104602 10
104384 10
104166 9
103950 10
103734 10
103519 10
103305 10
103092 10
102880 10
102669 10
102459 10
102249 10
102040 10
101832 10
101626 10
101419 10
101214 10
101010 10
100806 10
100603 10
100401 9
100200 10
100000 10
99800 10
25000000 10
16666666 7
12500000 8
10000000 11
8333333 11
7142857 13
6250000 13
5555555 13
5000000 13
4545454 12
4166666 12
3846153 11
3571428 10
3333333 10
3125000 11
2941176 10
2777777 10
2631578 10
2500000 10
2380952 10
2272727 10
2173913 10
2083333 10
2000000 10
1923076 10
1851851 10
1785714 10
1724137 10
1666666 10
1612903 10
1562500 10
1515151 10
1470588 10
1428571 11
1388888 10
1351351 10
1315789 10
1282051 11
1250000 10
1219512 10
1190476 10
1162790 10
1136363 10
1111111 10
1086956 10
1063829 10
1041666 10
1020408 10
1000000 10
980392 10
961538 10
943396 10
925925 10
909090 10
892857 10
877192 10
862068 10
847457 10
833333 10
819672 10
806451 10
793650 10
781250 10
769230 10
757575 10
746268 10
735294 10
724637 11
714285 10
704225 10
694444 10
684931 10
675675 10
666666 10
657894 10
649350 10
641025 10
632911 10
625000 10
617283 10
609756 10
602409 10
595238 10
588235 10
581395 10
574712 10
568181 10
561797 10
555555 10
549450 10
543478 10
537634 10
531914 10
526315 10
520833 10
515463 10
510204 10
505050 10
500000 10
495049 10
490196 10
485436 10
480769 10
476190 10
471698 10
467289 10
462962 10
458715 10
454545 10
450450 11
446428 10
442477 10
438596 10
434782 10
431034 10
427350 10
423728 10
420168 11
416666 10
413223 10
409836 10
406504 10
403225 10
400000 11
396825 10
393700 11
390625 10
387596 10
384615 10
381679 10
378787 10
375939 10
373134 10
370370 10
367647 10
364963 10
362318 10
359712 10
357142 10
354609 11
352112 10
349650 10
347222 10
344827 10
342465 10
340136 11
337837 10
335570 10
333333 10
331125 10
328947 10
326797 10
324675 10
322580 10
320512 10
318471 10
316455 10
314465 10
312500 10
310559 10
308641 9
306748 10
304878 10
303030 10
301204 10
299401 10
297619 10
295857 10
294117 10
292397 10
290697 10
289017 10
287356 10
285714 10
284090 10
282485 10
280898 10
279329 10
277777 10
276243 10
274725 10
273224 10
271739 10
270270 10
268817 10
267379 10
265957 10
264550 10
263157 10
261780 10
260416 10
259067 10
257731 10
256410 10
255102 10
253807 10
252525 10
251256 10
250000 10
248756 10
247524 10
246305 10
245098 10
243902 10
242718 10
241545 10
240384 10
239234 10
238095 10
236966 10
235849 10
234741 10
233644 10
232558 10
231481 10
230414 10
229357 10
228310 10
227272 10
226244 10
225225 10
224215 10
223214 10
222222 10
221238 10
220264 10
219298 10
218340 10
217391 10
216450 10
215517 10
214592 10
213675 10
212765 10
211864 10
210970 10
210084 10
209205 10
208333 10
207468 10
206611 10
205761 10
204918 10
204081 10
203252 10
202429 10
201612 10
200803 10
200000 10
199203 10
198412 10
197628 10
196850 10
196078 10
195312 10
194552 10
193798 10
193050 10
192307 10
191570 10
190839 10
190114 10
189393 10
188679 10
187969 10
187265 10
186567 10
185873 10
185185 10
184501 10
183823 10
183150 10
182481 10
181818 10
181159 10
180505 10
179856 10
179211 10
178571 10
177935 10
177304 10
176678 10
176056 10
175438 10
174825 10
174216 10
173611 10
173010 10
172413 10
171821 10
171232 10
170648 10
170068 10
169491 10
168918 10
168350 10
167785 10
167224 9
166666 10
166112 10
165562 10
165016 10
164473 10
163934 10
163398 10
162866 10
162337 10
161812 10
161290 10
160771 10
160256 10
159744 10
159235 10
158730 10
158227 10
157728 10
157232 10
156739 10
156250 10
155763 10
155279 10
154798 10
154320 10
153846 10
153374 10
152905 10
152439 10
151975 10
151515 10
151057 10
150602 10
150150 10
149700 10
149253 10
148809 10
148367 10
147928 10
147492 10
147058 10
146627 10
146198 10
145772 10
145348 10
144927 10
144508 10
144092 10
143678 10
143266 10
142857 10
142450 10
142045 10
141643 10
141242 10
140845 10
140449 10
140056 10
139664 10
139275 10
138888 10
138504 10
138121 10
137741 10
137362 10
136986 11
136612 10
136239 10
135869 10
135501 10
135135 9
134770 10
134408 10
134048 10
133689 10
133333 10
132978 10
132625 10
132275 10
131926 10
131578 10
131233 10
130890 10
130548 10
130208 10
129870 10
129533 10
129198 11
128865 10
128534 10
128205 10
127877 10
127551 10
127226 10
126903 10
126582 10
126262 10
125944 10
125628 10
125313 10
125000 10
124688 9
124378 10
124069 10
123762 10
123456 10
123152 10
122850 10
122549 10
122249 10
121951 10
121654 10
121359 10
121065 10
120772 10
120481 10
120192 10
119904 10
119617 10
119331 10
119047 10
118764 11
118483 10
118203 10
117924 10
117647 10
117370 11
117096 10
116822 10
116550 10
116279 10
116009 10
115740 10
115473 10
115207 10
114942 10
114678 10
114416 10
114155 10
113895 10
113636 10
113378 9
113122 10
112866 10
112612 10
112359 10
112107 10
111856 10
111607 10
111358 10
111111 10
110864 10
110619 10
110375 9
110132 10
109890 10
109649 10
109409 10
109170 10
108932 10
108695 10
108459 10
108225 10
107991 10
107758 10
107526 10
107296 10
107066 10
106837 10
106609 10
106382 10
106157 10
105932 10
105708 10
105485 10
105263 10
105042 10
104821 10
104602 10
104384 10
104166 10
103950 10
103734 10
103519 10
103305 10
103092 10
102880 10
102669 10
102459 10
102249 10
102040 10
101832 10
101626 10
101419 10
101214 10
101010 9
100806 10
100603 10
100401 10
100200 10
100000 10
99800 10
25000000 10
16666666 7
12500000 8
10000000 10
8333333 12
7142857 13
6250000 13
5555555 13
5000000 13
4545454 11
4166666 12
3846153 11
3571428 10
3333333 10
3125000 10
2941176 10
2777777 10
2631578 10
2500000 10
2380952 10
2272727 10
2173913 10
2083333 10
2000000 10
1923076 10
1851851 10
1785714 10
1724137 10
1666666 10
1612903 10
1562500 10
1515151 10
1470588 10
1428571 10
1388888 10
1351351 10
1315789 10
1282051 10
1250000 10
1219512 10
1190476 10
1162790 10
1136363 10
1111111 10
1086956 10
1063829 10
1041666 10
1020408 10
1000000 10
980392 10
961538 10
943396 10
925925 10
909090 10
892857 10
877192 10
862068 10
847457 10
833333 10
819672 10
806451 10
793650 10
781250 10
769230 10
757575 10
746268 10
735294 10
724637 10
714285 10
704225 10
694444 10
684931 10
675675 10
666666 10
657894 10
649350 10
641025 10
632911 10
625000 10
617283 10
609756 10
602409 10
595238 10
588235 10
581395 10
574712 10
568181 10
561797 10
555555 10
549450 10
543478 10
537634 10
531914 10
526315 10
520833 10
515463 10
510204 10
505050 10
500000 10
495049 10
490196 10
485436 10
480769 10
476190 10
471698 10
467289 10
462962 10
458715 10
454545 10
450450 10
446428 10
442477 10
438596 9
434782 10
431034 10
427350 10
423728 10
420168 10
416666 10
413223 10
409836 10
406504 10
403225 10
400000 10
396825 10
393700 10
390625 10
387596 10
384615 10
381679 10
378787 10
375939 10
373134 10
370370 10
367647 10
364963 10
362318 10
359712 10
357142 10
354609 10
352112 10
349650 10
347222 10
344827 10
342465 10
340136 10
337837 10
335570 11
333333 10
331125 10
328947 10
326797 10
324675 10
322580 10
320512 10
318471 10
316455 10
314465 10
312500 10
310559 10
308641 10
306748 10
304878 10
303030 10
301204 10
299401 10
297619 10
295857 10
294117 10
292397 10
290697 10
289017 10
287356 10
285714 10
284090 10
282485 10
280898 10
279329 10
277777 10
276243 10
274725 10
273224 10
271739 10
270270 10
268817 10
267379 10
265957 10
264550 10
263157 10
261780 10
260416 10
259067 10
257731 10
256410 10
255102 10
253807 10
252525 10
251256 10
250000 10
248756 10
247524 10
246305 10
245098 10
243902 10
242718 10
241545 10
240384 10
239234 10
238095 10
236966 10
235849 10
234741 10
233644 10
232558 10
231481 10
230414 10
229357 10
228310 10
227272 10
226244 10
225225 10
224215 10
223214 10
222222 10
221238 10
220264 10
219298 10
218340 10
217391 10
216450 10
215517 10
214592 10
213675 10
212765 10
211864 10
210970 10
210084 10
209205 10
208333 10
207468 10
206611 10
205761 10
204918 10
204081 10
203252 10
202429 10
201612 10
200803 10
200000 10
199203 10
198412 10
197628 10
196850 10
196078 10
195312 10
194552 10
193798 10
193050 10
192307 10
191570 10
190839 10
190114 10
189393 10
188679 10
187969 10
187265 10
186567 10
185873 10
185185 10
184501 10
183823 10
183150 10
182481 10
181818 10
181159 10
180505 10
179856 10
179211 10
178571 10
177935 10
177304 10
176678 10
176056 10
175438 10
174825 10
174216 10
173611 10
173010 10
172413 10
171821 10
171232 10
170648 10
170068 10
169491 10
168918 10
168350 10
167785 10
167224 10
166666 10
166112 10
165562 10
165016 10
164473 10
163934 10
163398 10
162866 10
162337 10
161812 10
161290 10
160771 10
160256 10
159744 10
159235 10
158730 10
158227 10
157728 10
157232 10
156739 10
156250 10
155763 10
155279 10
154798 10
154320 10
153846 10
153374 10
152905 10
152439 10
151975 10
151515 10
151057 10
150602 10
150150 10
149700 10
149253 10
148809 10
148367 10
147928 10
147492 10
147058 10
146627 10
146198 10
145772 10
145348 10
144927 10
144508 10
144092 10
143678 10
143266 10
142857 10
142450 10
142045 10
141643 10
141242 10
140845 10
140449 10
140056 10
139664 10
139275 10
138888 10
138504 10
138121 10
137741 10
137362 10
136986 10
136612 10
136239 10
135869 10
135501 10
135135 10
134770 10
134408 10
134048 10
133689 10
133333 10
132978 10
132625 10
132275 10
131926 10
131578 10
131233 10
130890 10
130548 10
130208 11
129870 10
129533 10
129198 9
128865 10
128534 10
128205 10
127877 10
127551 10
127226 10
126903 10
126582 10
126262 10
125944 10
125628 10
125313 10
125000 10
124688 10
124378 10
124069 10
123762 10
123456 10
123152 11
122850 10
122549 9
122249 10
121951 10
121654 10
121359 10
121065 10
120772 10
120481 10
120192 10
119904 10
119617 10
119331 10
119047 10
118764 10
118483 10
118203 10
117924 10
117647 10
117370 10
117096 10
116822 10
116550 10
116279 10
116009 10
115740 10
115473 10
115207 10
114942 10
114678 10
114416 10
114155 10
113895 10
113636 10
113378 10
113122 10
112866 10
112612 10
112359 10
112107 10
111856 10
111607 10
111358 10
111111 10
110864 10
110619 10
110375 10
110132 10
109890 10
109649 10
109409 10
109170 10
108932 10
108695 10
108459 10
108225 10
107991 10
107758 10
107526 10
107296 10
107066 10
106837 9
106609 10
106382 10
106157 10
105932 10
105708 11
105485 10
105263 10
105042 10
104821 10
104602 10
104384 10
104166 9
103950 10
103734 10
103519 10
103305 10
103092 11
102880 9
102669 10
102459 10
102249 10
102040 10
101832 10
101626 10
101419 10
101214 10
101010 10
100806 10
100603 10
100401 10
100200 10
100000 10
99800 10
25000000 10
16666666 8
12500000 7
10000000 11
8333333 12
7142857 13
6250000 13
5555555 13
5000000 13
4545454 11
4166666 12
3846153 11
3571428 10
3333333 10
3125000 11
2941176 10
2777777 10
2631578 9
2500000 10
2380952 10
2272727 10
2173913 10
2083333 10
2000000 10
1923076 10
1851851 10
1785714 10
1724137 11
1666666 10
1612903 11
1562500 10
1515151 10
1470588 10
1428571 10
1388888 11
1351351 10
1315789 10
1282051 11
1250000 10
1219512 10
1190476 10
1162790 10
1136363 10
1111111 10
1086956 10
1063829 10
1041666 10
1020408 10
1000000 10
980392 10
961538 10
943396 10
925925 10
909090 10
892857 10
877192 10
862068 10
847457 10
833333 10
819672 10
806451 10
793650 10
781250 10
769230 10
757575 10
746268 10
735294 11
724637 10
714285 10
704225 10
694444 10
684931 10
675675 10
666666 10
657894 10
649350 10
641025 10
632911 10
625000 10
617283 10
609756 10
602409 10
595238 10
588235 10
581395 10
574712 10
568181 10
561797 10
555555 10
549450 10
543478 10
537634 10
531914 10
526315 10
520833 10
515463 11
510204 10
505050 10
500000 10
495049 10
490196 10
485436 10
480769 10
476190 10
471698 10
467289 10
462962 10
458715 10
454545 10
450450 10
446428 10
442477 10
438596 10
434782 10
431034 10
427350 10
423728 10
420168 10
416666 10
413223 10
409836 10
406504 10
403225 10
400000 10
396825 10
393700 10
390625 10
387596 10
384615 10
381679 10
378787 10
375939 10
373134 10
370370 10
367647 10
364963 10
362318 10
359712 10
357142 10
354609 10
352112 10
349650 10
347222 10
344827 10
342465 10
340136 10
337837 10
335570 10
333333 10
331125 10
328947 10
326797 10
324675 10
322580 10
320512 10
318471 10
316455 10
314465 10
312500 10
310559 10
308641 10
306748 10
304878 10
303030 10
301204 10
299401 10
297619 10
295857 10
294117 10
292397 10
290697 10
289017 10
287356 10
285714 10
284090 10
282485 10
280898 10
279329 10
277777 10
276243 10
274725 10
273224 10
271739 10
270270 10
268817 10
267379 10
265957 10
264550 10
263157 10
261780 10
260416 10
259067 10
257731 10
256410 10
255102 10
253807 10
252525 10
251256 10
250000 10
248756 10
247524 10
246305 10
245098 10
243902 10
242718 10
241545 10
240384 10
239234 10
238095 10
236966 10
235849 10
234741 10
233644 10
232558 10
231481 10
230414 10
229357 10
228310 10
227272 10
226244 10
225225 10
224215 10
223214 10
222222 10
221238 10
220264 10
219298 10
218340 10
217391 10
216450 10
215517 10
214592 10
213675 10
212765 10
211864 10
210970 10
210084 10
209205 10
208333 10
207468 10
206611 10
205761 10
204918 10
204081 9
203252 10
202429 10
201612 10
200803 10
200000 10
199203 10
198412 10
197628 10
196850 10
196078 10
195312 10
194552 10
193798 10
193050 10
192307 10
191570 10
190839 10
190114 10
189393 10
188679 10
187969 10
187265 10
186567 10
185873 10
185185 10
184501 10
183823 10
183150 10
182481 10
181818 10
181159 10
180505 10
179856 10
179211 10
178571 10
177935 10
177304 10
176678 10
176056 10
175438 10
174825 10
174216 10
173611 10
173010 10
172413 10
171821 10
171232 10
170648 10
170068 10
169491 10
168918 10
168350 10
167785 10
167224 10
166666 10
166112 10
165562 10
165016 10
164473 10
163934 10
163398 10
162866 10
162337 10
161812 10
161290 10
160771 10
160256 10
159744 10
159235 10
158730 10
158227 10
157728 10
157232 10
156739 10
156250 9
155763 10
155279 10
154798 10
154320 10
153846 10
153374 10
152905 10
152439 10
151975 10
151515 10
151057 10
150602 10
150150 10
149700 10
149253 10
148809 10
148367 10
147928 10
147492 9
147058 10
146627 10
146198 10
145772 10
145348 10
144927 10
144508 10
144092 10
143678 10
143266 10
142857 10
142450 10
142045 10
141643 10
141242 10
140845 10
140449 10
140056 9
139664 10
139275 10
138888 10
138504 10
138121 10
137741 10
137362 10
136986 10
136612 10
136239 10
135869 10
135501 10
135135 10
134770 10
134408 10
134048 10
133689 10
133333 10
132978 10
132625 10
132275 10
131926 10
131578 10
131233 10
130890 10
130548 10
130208 10
129870 10
129533 10
129198 10
128865 10
128534 10
128205 10
127877 10
127551 10
127226 10
126903 10
126582 10
126262 10
125944 10
125628 10
125313 10
125000 10
124688 10
124378 10
124069 10
123762 10
123456 10
123152 10
122850 10
122549 10
122249 10
121951 10
121654 10
121359 10
121065 10
120772 10
120481 10
120192 10
119904 10
119617 10
119331 10
119047 11
118764 10
118483 10
118203 9
117924 10
117647 10
117370 10
117096 10
116822 10
116550 10
116279 10
116009 10
115740 10
115473 10
115207 10
114942 11
114678 10
114416 10
114155 10
113895 10
113636 10
113378 11
113122 10
112866 10
112612 11
112359 10
112107 10
111856 10
111607 10
111358 10
111111 10
110864 10
110619 10
110375 10
110132 10
109890 10
109649 10
109409 10
109170 10
108932 9
108695 10
108459 10
108225 11
107991 10
107758 11
107526 10
107296 10
107066 10
106837 10
106609 10
106382 10
106157 10
105932 10
105708 11
105485 11
105263 10
105042 10
104821 10
104602 10
104384 10
104166 9
103950 10
103734 10
103519 10
103305 10
103092 10
102880 10
102669 10
102459 10
102249 11
102040 10
101832 10
101626 10
101419 11
101214 10
101010 10
100806 9
100603 10
100401 10
100200 10
100000 10
99800 10
25000000 10
16666666 8
12500000 8
10000000 11
8333333 12
7142857 13
6250000 13
5555555 13
5000000 13
4545454 11
4166666 12
3846153 11
3571428 10
3333333 10
3125000 11
2941176 10
2777777 10
2631578 10
2500000 10
2380952 10
2272727 10
2173913 10
2083333 10
2000000 11
1923076 11
1851851 10
1785714 10
1724137 10
1666666 10
1612903 10
1562500 10
1515151 10
1470588 10
1428571 11
1388888 10
1351351 11
1315789 10
1282051 11
1250000 10
1219512 10
1190476 10
1162790 10
1136363 10
1111111 10
1086956 10
1063829 10
1041666 10
1020408 10
1000000 10
980392 10
961538 10
943396 10
925925 10
909090 10
892857 10
877192 10
862068 10
847457 10
833333 10
819672 10
806451 10
793650 10
781250 10
769230 10
757575 10
746268 10
735294 10
724637 10
714285 10
704225 10
694444 10
684931 10
675675 10
666666 10
657894 10
649350 10
641025 10
632911 10
625000 10
617283 10
609756 10
602409 10
595238 10
588235 11
581395 10
574712 10
568181 10
561797 10
555555 10
549450 10
543478 10
537634 10
531914 10
526315 11
520833 10
515463 10
510204 10
505050 10
500000 11
495049 10
490196 10
485436 10
480769 10
476190 10
471698 10
467289 10
462962 10
458715 10
454545 10
450450 10
446428 10
442477 10
438596 10
434782 10
431034 10
427350 10
423728 10
420168 10
416666 10
413223 10
409836 10
406504 10
403225 10
400000 10
396825 10
393700 10
390625 10
387596 10
384615 10
381679 10
378787 10
375939 10
373134 10
370370 10
367647 10
364963 10
362318 10
359712 10
357142 10
354609 10
352112 10
349650 10
347222 10
344827 10
342465 10
340136 10
337837 10
335570 11
333333 10
331125 10
328947 10
326797 10
324675 10
322580 10
320512 10
318471 10
316455 10
314465 10
312500 10
310559 10
308641 10
306748 10
304878 10
303030 10
301204 10
299401 10
297619 10
295857 10
294117 10
292397 10
290697 10
289017 10
287356 10
285714 10
284090 10
282485 10
280898 10
279329 10
277777 10
276243 10
274725 10
273224 10
271739 10
270270 10
268817 10
267379 10
265957 10
264550 10
263157 10
261780 10
260416 10
259067 10
257731 10
256410 10
255102 10
253807 10
252525 10
251256 10
250000 10
248756 10
247524 10
246305 10
245098 10
243902 10
242718 10
241545 10
240384 10
239234 10
238095 10
236966 10
235849 10
234741 10
233644 10
232558 10
231481 10
230414 10
229357 10
228310 10
227272 10
226244 10
225225 10
224215 10
223214 10
222222 10
221238 10
220264 10
219298 10
218340 10
217391 10
216450 10
215517 10
214592 10
213675 10
212765 10
211864 10
210970 10
210084 10
209205 10
208333 10
207468 10
206611 10
205761 10
204918 10
204081 10
203252 10
202429 10
201612 10
200803 10
200000 10
199203 10
198412 10
197628 10
196850 10
196078 10
195312 10
194552 10
193798 10
193050 10
192307 10
191570 10
190839 10
190114 10
189393 10
188679 10
187969 10
187265 10
186567 10
185873 10
185185 10
184501 10
183823 10
183150 10
182481 10
181818 10
181159 10
180505 10
179856 10
179211 10
178571 10
177935 10
177304 10
176678 10
176056 10
175438 10
174825 10
174216 10
173611 10
173010 10
172413 10
171821 10
171232 10
170648 10
170068 10
169491 10
168918 10
168350 10
167785 10
167224 10
166666 10
166112 10
165562 11
165016 10
164473 10
163934 10
163398 10
162866 10
162337 10
161812 10
161290 10
160771 10
160256 10
159744 10
159235 10
158730 10
158227 10
157728 10
157232 10
156739 10
156250 10
155763 10
155279 10
154798 10
154320 10
153846 10
153374 10
152905 10
152439 10
151975 10
151515 10
151057 10
150602 10
150150 10
149700 10
149253 10
148809 10
148367 10
147928 10
147492 10
147058 10
146627 10
146198 10
145772 10
145348 10
144927 10
144508 10
144092 10
143678 10
143266 10
142857 10
142450 10
142045 10
141643 10
141242 10
140845 10
140449 10
140056 10
139664 10
139275 10
138888 10
138504 11
138121 10
137741 10
137362 10
136986 10
136612 10
136239 10
135869 10
135501 10
135135 10
134770 10
134408 10
134048 10
133689 10
133333 10
132978 10
132625 10
132275 10
131926 10
131578 10
131233 10
130890 10
130548 10
130208 10
129870 10
129533 10
129198 10
128865 10
128534 10
128205 11
127877 10
127551 10
127226 10
126903 10
126582 10
126262 10
125944 10
125628 10
125313 10
125000 10
124688 10
124378 10
124069 10
123762 10
123456 9
123152 10
122850 10
122549 11
122249 10
121951 10
121654 10
121359 10
121065 10
120772 10
120481 10
120192 11
119904 10
119617 10
119331 10
119047 10
118764 10
118483 10
118203 10
117924 11
117647 10
117370 10
117096 10
116822 10
116550 10
116279 10
116009 10
115740 10
115473 10
115207 10
114942 10
114678 10
114416 10
114155 10
113895 10
113636 11
113378 10
113122 10
112866 10
112612 10
112359 10
112107 10
111856 10
111607 10
111358 10
111111 10
110864 10
110619 10
110375 10
110132 10
109890 10
109649 10
109409 10
109170 11
108932 10
108695 10
108459 10
108225 10
107991 10
107758 10
107526 10
107296 10
107066 10
106837 10
106609 10
106382 11
106157 10
105932 10
105708 10
105485 10
105263 10
105042 10
104821 9
104602 9
104384 10
104166 10
103950 10
103734 10
103519 10
103305 11
103092 10
102880 10
102669 10
102459 10
102249 10
102040 10
101832 10
101626 10
101419 10
101214 10
101010 9
100806 10
100603 10
100401 10
100200 10
100000 10
99800 10
25000000 10
16666666 7
12500000 8
10000000 11
8333333 12
7142857 13
6250000 13
5555555 13
5000000 13
4545454 11
4166666 12
3846153 12
3571428 10
3333333 10
3125000 11
2941176 10
2777777 10
2631578 10
2500000 10
2380952 10
2272727 10
2173913 10
2083333 10
2000000 10
1923076 11
1851851 10
1785714 10
1724137 10
1666666 11
1612903 10
1562500 10
1515151 10
1470588 11
1428571 11
1388888 10
1351351 10
1315789 10
1282051 11
1250000 10
1219512 10
1190476 10
1162790 10
1136363 10
1111111 10
1086956 10
1063829 10
1041666 10
1020408 10
1000000 10
980392 10
961538 10
943396 10
925925 9
909090 10
892857 10
877192 10
862068 10
847457 10
833333 10
819672 10
806451 10
793650 10
781250 10
769230 10
757575 10
746268 11
735294 10
724637 10
714285 10
704225 10
694444 10
684931 10
675675 10
666666 10
657894 10
649350 10
641025 10
632911 10
625000 10
617283 10
609756 10
602409 10
595238 10
588235 10
581395 10
574712 10
568181 10
561797 10
555555 10
549450 10
543478 10
537634 10
531914 10
526315 10
520833 10
515463 11
510204 10
505050 10
500000 10
495049 10
490196 10
485436 10
480769 10
476190 10
471698 10
467289 10
462962 10
458715 10
454545 10
450450 10
446428 10
442477 10
438596 10
434782 10
431034 10
427350 10
423728 10
420168 10
416666 10
413223 10
409836 10
406504 10
403225 10
400000 10
396825 10
393700 10
390625 10
387596 10
384615 10
381679 10
378787 10
375939 10
373134 10
370370 10
367647 10
364963 11
362318 10
359712 10
357142 10
354609 10
352112 10
349650 10
347222 10
344827 10
342465 10
340136 10
337837 10
335570 10
333333 10
331125 10
328947 10
326797 10
324675 10
322580 10
320512 10
318471 10
316455 10
314465 10
312500 10
310559 10
308641 10
306748 10
304878 10
303030 10
301204 10
299401 10
297619 10
295857 10
294117 10
292397 10
290697 10
289017 10
287356 10
285714 10
284090 10
282485 10
280898 10
279329 10
277777 10
276243 10
274725 10
273224 10
271739 10
270270 10
268817 10
267379 10
265957 10
264550 10
263157 10
261780 10
260416 10
259067 10
257731 10
256410 10
255102 10
253807 10
252525 10
251256 10
250000 10
248756 10
247524 10
246305 10
245098 10
243902 10
242718 10
241545 10
240384 10
239234 10
238095 10
236966 10
235849 10
234741 10
233644 10
232558 10
231481 10
230414 10
229357 10
228310 10
227272 10
226244 10
225225 10
224215 10
223214 10
222222 10
221238 10
220264 10
219298 10
218340 10
217391 10
216450 10
215517 10
214592 10
213675 10
212765 10
211864 10
210970 10
210084 10
209205 10
208333 10
207468 10
206611 10
205761 10
204918 10
204081 10
203252 10
202429 10
201612 10
200803 10
200000 10
199203 10
198412 10
197628 10
196850 10
196078 10
195312 10
194552 10
193798 10
193050 10
192307 10
191570 10
190839 10
190114 10
189393 10
188679 10
187969 10
187265 10
186567 10
185873 10
185185 10
184501 10
183823 10
183150 10
182481 10
181818 10
181159 10
180505 10
179856 10
179211 10
178571 11
177935 10
177304 10
176678 10
176056 10
175438 10
174825 10
174216 10
173611 10
173010 10
172413 10
171821 10
171232 10
170648 10
170068 10
169491 10
168918 10
168350 10
167785 10
167224 10
166666 10
166112 10
165562 10
165016 10
164473 10
163934 10
163398 10
162866 10
162337 10
161812 10
161290 10
160771 10
160256 10
159744 10
159235 10
158730 10
158227 10
157728 10
157232 10
156739 10
156250 10
155763 10
155279 10
154798 10
154320 10
153846 10
153374 10
152905 10
152439 10
151975 10
151515 10
151057 10
150602 10
150150 10
149700 10
149253 10
148809 10
148367 10
147928 10
147492 10
147058 10
146627 10
146198 10
145772 10
145348 10
144927 10
144508 10
144092 10
143678 10
143266 10
142857 10
142450 10
142045 10
141643 10
141242 10
140845 11
140449 10
140056 10
139664 10
139275 10
138888 10
138504 10
138121 10
137741 10
137362 10
136986 10
136612 10
136239 10
135869 10
135501 10
135135 10
134770 10
134408 10
134048 10
133689 10
133333 10
132978 10
132625 10
132275 10
131926 11
131578 10
131233 10
130890 10
130548 10
130208 11
129870 10
129533 10
129198 10
128865 10
128534 10
128205 10
127877 10
127551 10
127226 10
126903 11
126582 10
126262 10
125944 10
125628 10
125313 10
125000 10
124688 10
124378 10
124069 10
123762 10
123456 10
123152 10
122850 10
122549 10
122249 10
121951 11
121654 10
121359 10
121065 10
120772 10
120481 10
120192 10
119904 10
119617 10
119331 10
119047 10
118764 10
118483 10
118203 10
117924 10
117647 10
117370 10
117096 10
116822 10
116550 10
116279 10
116009 10
115740 10
115473 10
115207 11
114942 10
114678 10
114416 10
114155 10
113895 10
113636 10
113378 10
113122 10
112866 10
112612 10
112359 10
112107 10
111856 10
111607 10
111358 10
111111 10
110864 10
110619 10
110375 10
110132 10
109890 10
109649 10
109409 10
109170 10
108932 10
108695 10
108459 10
108225 10
107991 10
107758 10
107526 10
107296 10
107066 10
106837 10
106609 10
106382 10
106157 10
105932 10
105708 10
105485 11
105263 10
105042 10
104821 9
104602 10
104384 10
104166 10
103950 10
103734 10
103519 10
103305 10
103092 10
102880 10
102669 10
102459 10
102249 10
102040 10
101832 10
101626 10
101419 10
101214 10
101010 10
100806 10
100603 10
100401 11
100200 10
100000 10
99800 10
