25000000 9
16666666 11
12500000 10
10000000 12
8333333 13
7142857 13
6250000 13
5555555 13
5000000 13
4545454 13
4166666 11
3846153 11
3571428 11
3333333 10
3125000 11
2941176 11
2777777 11
2631578 11
2500000 12
2380952 12
2272727 13
2173913 13
2083333 13
2000000 13
1923076 12
1851851 12
1785714 12
1724137 11
1666666 10
1612903 10
1562500 11
1515151 11
1470588 12
1428571 11
1388888 11
1351351 12
1315789 13
1282051 12
1250000 12
1219512 12
1190476 12
1162790 11
1136363 11
1111111 12
1086956 11
1063829 11
1041666 11
1020408 11
1000000 12
980392 12
961538 12
943396 12
925925 12
909090 12
892857 12
877192 12
862068 11
847457 11
833333 11
819672 11
806451 12
793650 11
781250 11
769230 11
757575 12
746268 12
735294 12
724637 12
714285 12
704225 11
694444 11
684931 11
675675 11
666666 11
657894 11
649350 12
641025 11
632911 11
625000 12
617283 11
609756 11
602409 12
595238 12
588235 11
581395 11
574712 12
568181 12
561797 11
555555 11
549450 11
543478 11
537634 12
531914 12
526315 12
520833 12
515463 12
510204 12
505050 12
500000 12
495049 12
490196 12
485436 11
480769 12
476190 11
471698 11
467289 11
462962 11
458715 11
454545 12
450450 11
446428 12
442477 11
438596 12
434782 12
431034 12
427350 11
423728 12
420168 11
416666 12
413223 12
409836 12
406504 12
403225 11
400000 11
396825 11
393700 11
390625 12
387596 11
384615 12
381679 12
378787 12
375939 12
373134 11
370370 12
367647 12
364963 11
362318 12
359712 11
357142 12
354609 12
352112 12
349650 12
347222 12
344827 11
342465 11
340136 11
337837 11
335570 11
333333 12
331125 11
328947 11
326797 11
324675 11
322580 12
320512 11
318471 12
316455 12
314465 11
312500 12
310559 11
308641 11
306748 11
304878 11
303030 11
301204 11
299401 11
297619 11
295857 11
294117 12
292397 11
290697 11
289017 11
287356 11
285714 11
284090 11
282485 11
280898 12
279329 11
277777 11
276243 11
274725 12
273224 11
271739 11
270270 11
268817 12
267379 11
265957 11
264550 11
263157 11
261780 11
260416 11
259067 12
257731 11
256410 11
255102 12
253807 11
252525 11
251256 11
250000 10
248756 10
247524 11
246305 11
245098 11
243902 11
242718 11
241545 11
240384 10
239234 11
238095 11
236966 11
235849 11
234741 12
233644 10
232558 11
231481 11
230414 12
229357 11
228310 11
227272 11
226244 12
225225 12
224215 11
223214 11
222222 12
221238 11
220264 11
219298 11
218340 11
217391 11
216450 11
215517 12
214592 11
213675 11
212765 11
211864 11
210970 11
210084 11
209205 11
208333 12
207468 12
206611 11
205761 11
204918 11
204081 10
203252 11
202429 11
201612 12
200803 11
200000 12
199203 11
198412 11
197628 11
196850 11
196078 10
195312 10
194552 10
193798 11
193050 11
192307 12
191570 11
190839 11
190114 11
189393 11
188679 11
187969 11
187265 11
186567 11
185873 11
185185 11
184501 12
183823 12
183150 11
182481 11
181818 11
181159 11
180505 11
179856 11
179211 10
178571 10
177935 11
177304 11
176678 12
176056 10
175438 10
174825 10
174216 11
173611 10
173010 10
172413 10
171821 10
171232 11
170648 10
170068 12
169491 11
168918 11
168350 12
167785 11
167224 11
166666 11
166112 11
165562 11
165016 11
164473 10
163934 9
163398 11
162866 10
162337 10
161812 11
161290 10
160771 11
160256 11
159744 12
159235 11
158730 11
158227 10
157728 11
157232 11
156739 11
156250 9
155763 11
155279 10
154798 10
154320 12
153846 10
153374 11
152905 11
152439 10
151975 11
151515 10
151057 10
150602 10
150150 10
149700 11
149253 11
148809 10
148367 11
147928 11
147492 11
147058 9
146627 12
146198 11
145772 11
145348 10
144927 11
144508 11
144092 10
143678 9
143266 11
142857 11
142450 9
142045 11
141643 10
141242 10
140845 11
140449 10
140056 9
139664 10
139275 9
138888 11
138504 9
138121 10
137741 10
137362 10
136986 9
136612 10
136239 9
135869 10
135501 9
135135 11
134770 11
134408 9
134048 10
133689 9
133333 10
132978 10
132625 9
132275 11
131926 11
131578 9
131233 10
130890 9
130548 10
130208 11
129870 10
129533 9
129198 10
128865 10
128534 10
128205 10
127877 10
127551 10
127226 11
126903 10
126582 10
126262 11
125944 10
125628 10
125313 9
125000 9
124688 9
124378 10
124069 10
123762 10
123456 9
123152 10
122850 10
122549 9
122249 10
121951 10
121654 9
121359 10
121065 9
120772 11
120481 10
120192 9
119904 9
119617 10
119331 9
119047 9
118764 9
118483 9
118203 9
117924 10
117647 10
117370 10
117096 9
116822 9
116550 9
116279 9
116009 9
115740 9
115473 9
115207 10
114942 9
114678 9
114416 10
114155 9
113895 9
113636 9
113378 9
113122 9
112866 10
112612 11
112359 9
112107 9
111856 9
111607 9
111358 10
111111 9
110864 10
110619 10
110375 9
110132 10
109890 9
109649 10
109409 9
109170 9
108932 9
108695 9
108459 9
108225 9
107991 10
107758 9
107526 9
107296 10
107066 9
106837 10
106609 9
106382 9
106157 10
105932 9
105708 10
105485 9
105263 9
105042 9
104821 10
104602 9
104384 9
104166 10
103950 9
103734 9
103519 9
103305 9
103092 9
102880 9
102669 9
102459 9
102249 9
102040 9
101832 9
101626 11
101419 9
101214 9
101010 10
100806 9
100603 10
100401 9
100200 9
100000 9
99800 9
25000000 9
16666666 9
12500000 9
10000000 12
8333333 13
7142857 13
6250000 14
5555555 13
5000000 13
4545454 13
4166666 11
3846153 11
3571428 11
3333333 10
3125000 11
2941176 11
2777777 11
2631578 12
2500000 12
2380952 12
2272727 13
2173913 13
2083333 13
2000000 13
1923076 12
1851851 11
1785714 11
1724137 10
1666666 10
1612903 10
1562500 10
1515151 11
1470588 11
1428571 12
1388888 11
1351351 12
1315789 12
1282051 12
1250000 12
1219512 12
1190476 12
1162790 12
1136363 11
1111111 12
1086956 11
1063829 12
1041666 11
1020408 11
1000000 12
980392 12
961538 12
943396 12
925925 11
909090 12
892857 12
877192 12
862068 11
847457 11
833333 11
819672 11
806451 11
793650 11
781250 11
769230 12
757575 11
746268 11
735294 12
724637 12
714285 11
704225 12
694444 11
684931 12
675675 11
666666 12
657894 11
649350 12
641025 12
632911 11
625000 11
617283 11
609756 11
602409 12
595238 12
588235 11
581395 11
574712 11
568181 12
561797 12
555555 12
549450 11
543478 11
537634 12
531914 12
526315 11
520833 11
515463 11
510204 12
505050 11
500000 11
495049 11
490196 11
485436 12
480769 11
476190 11
471698 12
467289 12
462962 11
458715 11
454545 12
450450 12
446428 11
442477 11
438596 12
434782 12
431034 12
427350 12
423728 12
420168 12
416666 11
413223 12
409836 12
406504 12
403225 12
400000 12
396825 11
393700 12
390625 12
387596 12
384615 12
381679 11
378787 12
375939 11
373134 11
370370 11
367647 12
364963 12
362318 12
359712 11
357142 12
354609 11
352112 11
349650 11
347222 11
344827 11
342465 11
340136 11
337837 12
335570 11
333333 12
331125 11
328947 11
326797 11
324675 11
322580 11
320512 12
318471 11
316455 12
314465 11
312500 12
310559 11
308641 11
306748 11
304878 11
303030 11
301204 11
299401 12
297619 12
295857 12
294117 11
292397 12
290697 11
289017 12
287356 12
285714 11
284090 11
282485 11
280898 12
279329 12
277777 11
276243 11
274725 11
273224 11
271739 11
270270 11
268817 11
267379 11
265957 12
264550 11
263157 11
261780 12
260416 12
259067 11
257731 12
256410 12
255102 11
253807 11
252525 11
251256 11
250000 12
248756 12
247524 11
246305 11
245098 11
243902 11
242718 11
241545 12
240384 11
239234 12
238095 11
236966 11
235849 10
234741 12
233644 12
232558 12
231481 12
230414 11
229357 11
228310 12
227272 11
226244 11
225225 11
224215 11
223214 11
222222 11
221238 11
220264 11
219298 11
218340 11
217391 11
216450 11
215517 12
214592 11
213675 11
212765 11
211864 11
210970 11
210084 11
209205 11
208333 11
207468 11
206611 11
205761 10
204918 11
204081 11
203252 11
202429 11
201612 10
200803 10
200000 9
199203 11
198412 9
197628 11
196850 11
196078 11
195312 11
194552 11
193798 10
193050 11
192307 11
191570 12
190839 11
190114 11
189393 11
188679 11
187969 10
187265 11
186567 11
185873 12
185185 11
184501 11
183823 12
183150 12
182481 11
181818 11
181159 11
180505 10
179856 11
179211 11
178571 11
177935 11
177304 11
176678 11
176056 11
175438 11
174825 11
174216 11
173611 11
173010 11
172413 12
171821 11
171232 11
170648 11
170068 11
169491 11
168918 10
168350 10
167785 11
167224 11
166666 11
166112 11
165562 10
165016 10
164473 9
163934 11
163398 12
162866 10
162337 10
161812 11
161290 10
160771 11
160256 12
159744 11
159235 11
158730 11
158227 10
157728 10
157232 10
156739 11
156250 11
155763 11
155279 10
154798 10
154320 12
153846 10
153374 10
152905 10
152439 11
151975 10
151515 11
151057 10
150602 10
150150 12
149700 11
149253 11
148809 9
148367 12
147928 10
147492 11
147058 10
146627 10
146198 11
145772 11
145348 9
144927 12
144508 11
144092 11
143678 12
143266 9
142857 11
142450 10
142045 10
141643 10
141242 9
140845 11
140449 9
140056 10
139664 11
139275 11
138888 10
138504 10
138121 9
137741 11
137362 10
136986 10
136612 10
136239 10
135869 11
135501 11
135135 10
134770 10
134408 9
134048 10
133689 9
133333 11
132978 10
132625 9
132275 10
131926 10
131578 10
131233 10
130890 10
130548 9
130208 9
129870 10
129533 10
129198 10
128865 10
128534 10
128205 12
127877 10
127551 10
127226 10
126903 10
126582 10
126262 11
125944 9
125628 9
125313 10
125000 11
124688 10
124378 11
124069 10
123762 10
123456 10
123152 10
122850 9
122549 10
122249 10
121951 10
121654 9
121359 9
121065 10
120772 11
120481 10
120192 10
119904 9
119617 10
119331 9
119047 10
118764 9
118483 9
118203 9
117924 9
117647 9
117370 10
117096 10
116822 9
116550 9
116279 9
116009 10
115740 11
115473 9
115207 9
114942 9
114678 9
114416 9
114155 9
113895 9
113636 9
113378 9
113122 9
112866 9
112612 10
112359 10
112107 10
111856 9
111607 9
111358 9
111111 9
110864 10
110619 10
110375 9
110132 9
109890 10
109649 10
109409 10
109170 9
108932 9
108695 10
108459 9
108225 10
107991 9
107758 9
107526 9
107296 9
107066 10
106837 10
106609 10
106382 10
106157 9
105932 9
105708 9
105485 10
105263 9
105042 9
104821 9
104602 10
104384 9
104166 10
103950 10
103734 9
103519 9
103305 9
103092 9
102880 10
102669 9
102459 9
102249 9
102040 9
101832 9
101626 11
101419 9
101214 9
101010 9
100806 10
100603 9
100401 9
100200 9
100000 9
99800 10
25000000 9
16666666 9
12500000 9
10000000 12
8333333 13
7142857 13
6250000 14
5555555 13
5000000 13
4545454 13
4166666 11
3846153 11
3571428 11
3333333 10
3125000 11
2941176 11
2777777 11
2631578 12
2500000 12
2380952 12
2272727 13
2173913 13
2083333 13
2000000 12
1923076 12
1851851 11
1785714 12
1724137 11
1666666 10
1612903 11
1562500 11
1515151 12
1470588 11
1428571 12
1388888 11
1351351 12
1315789 12
1282051 12
1250000 13
1219512 12
1190476 12
1162790 12
1136363 11
1111111 11
1086956 11
1063829 11
1041666 11
1020408 11
1000000 11
980392 12
961538 12
943396 12
925925 11
909090 12
892857 12
877192 12
862068 11
847457 12
833333 11
819672 11
806451 11
793650 11
781250 11
769230 11
757575 11
746268 12
735294 12
724637 11
714285 12
704225 11
694444 11
684931 11
675675 11
666666 11
657894 11
649350 12
641025 12
632911 12
625000 11
617283 11
609756 12
602409 11
595238 12
588235 11
581395 12
574712 12
568181 11
561797 12
555555 12
549450 11
543478 12
537634 12
531914 12
526315 12
520833 11
515463 12
510204 12
505050 11
500000 11
495049 11
490196 12
485436 12
480769 11
476190 12
471698 11
467289 12
462962 11
458715 11
454545 12
450450 12
446428 11
442477 11
438596 12
434782 12
431034 12
427350 12
423728 12
420168 12
416666 11
413223 11
409836 11
406504 12
403225 12
400000 12
396825 11
393700 12
390625 12
387596 12
384615 12
381679 12
378787 11
375939 12
373134 12
370370 11
367647 12
364963 12
362318 11
359712 11
357142 11
354609 11
352112 11
349650 12
347222 12
344827 12
342465 12
340136 11
337837 11
335570 11
333333 11
331125 11
328947 11
326797 11
324675 11
322580 12
320512 11
318471 11
316455 12
314465 11
312500 11
310559 11
308641 11
306748 11
304878 12
303030 11
301204 11
299401 11
297619 11
295857 12
294117 11
292397 11
290697 11
289017 11
287356 11
285714 12
284090 11
282485 11
280898 12
279329 11
277777 11
276243 12
274725 11
273224 11
271739 11
270270 11
268817 11
267379 11
265957 12
264550 11
263157 11
261780 11
260416 12
259067 11
257731 11
256410 12
255102 12
253807 11
252525 11
251256 12
250000 10
248756 11
247524 11
246305 11
245098 11
243902 11
242718 11
241545 11
240384 11
239234 11
238095 11
236966 11
235849 11
234741 11
233644 11
232558 11
231481 11
230414 12
229357 11
228310 12
227272 11
226244 11
225225 10
224215 12
223214 12
222222 11
221238 11
220264 11
219298 11
218340 11
217391 10
216450 10
215517 12
214592 11
213675 11
212765 11
211864 11
210970 10
210084 11
209205 11
208333 11
207468 11
206611 12
205761 12
204918 11
204081 12
203252 12
202429 11
201612 9
200803 11
200000 12
199203 11
198412 12
197628 11
196850 11
196078 12
195312 12
194552 11
193798 11
193050 10
192307 11
191570 11
190839 11
190114 11
189393 11
188679 11
187969 11
187265 11
186567 11
185873 11
185185 11
184501 11
183823 11
183150 11
182481 11
181818 10
181159 11
180505 11
179856 11
179211 12
178571 11
177935 10
177304 11
176678 11
176056 10
175438 10
174825 9
174216 12
173611 10
173010 11
172413 12
171821 11
171232 11
170648 12
170068 11
169491 11
168918 11
168350 11
167785 11
167224 11
166666 11
166112 11
165562 11
165016 11
164473 12
163934 11
163398 11
162866 11
162337 10
161812 11
161290 10
160771 10
160256 11
159744 11
159235 11
158730 11
158227 10
157728 11
157232 10
156739 11
156250 11
155763 10
155279 10
154798 10
154320 10
153846 12
153374 10
152905 10
152439 11
151975 10
151515 12
151057 10
150602 11
150150 10
149700 11
149253 10
148809 9
148367 11
147928 9
147492 11
147058 9
146627 11
146198 10
145772 9
145348 11
144927 11
144508 11
144092 10
143678 10
143266 10
142857 9
142450 10
142045 10
141643 11
141242 10
140845 9
140449 11
140056 10
139664 10
139275 10
138888 10
138504 10
138121 10
137741 10
137362 11
136986 10
136612 9
136239 11
135869 10
135501 9
135135 10
134770 11
134408 10
134048 9
133689 10
133333 10
132978 9
132625 9
132275 10
131926 10
131578 10
131233 11
130890 10
130548 10
130208 10
129870 11
129533 10
129198 10
128865 9
128534 11
128205 9
127877 9
127551 9
127226 9
126903 9
126582 9
126262 11
125944 10
125628 10
125313 9
125000 10
124688 9
124378 10
124069 10
123762 10
123456 9
123152 10
122850 11
122549 9
122249 9
121951 9
121654 10
121359 10
121065 9
120772 9
120481 10
120192 9
119904 9
119617 11
119331 9
119047 11
118764 10
118483 9
118203 9
117924 9
117647 10
117370 11
117096 10
116822 9
116550 10
116279 10
116009 10
115740 11
115473 10
115207 10
114942 9
114678 10
114416 9
114155 9
113895 10
113636 10
113378 9
113122 9
112866 9
112612 10
112359 9
112107 9
111856 9
111607 9
111358 9
111111 9
110864 10
110619 10
110375 9
110132 9
109890 10
109649 9
109409 10
109170 9
108932 9
108695 10
108459 10
108225 10
107991 9
107758 10
107526 10
107296 10
107066 9
106837 9
106609 9
106382 10
106157 9
105932 9
105708 9
105485 9
105263 9
105042 9
104821 9
104602 9
104384 9
104166 9
103950 9
103734 9
103519 9
103305 9
103092 9
102880 9
102669 9
102459 9
102249 9
102040 9
101832 9
101626 9
101419 9
101214 10
101010 9
100806 10
100603 9
100401 11
100200 9
100000 9
99800 9
25000000 9
16666666 9
12500000 9
10000000 12
8333333 13
7142857 13
6250000 14
5555555 13
5000000 13
4545454 13
4166666 11
3846153 11
3571428 11
3333333 10
3125000 11
2941176 11
2777777 11
2631578 11
2500000 12
2380952 12
2272727 13
2173913 13
2083333 13
2000000 13
1923076 12
1851851 11
1785714 11
1724137 10
1666666 10
1612903 10
1562500 11
1515151 11
1470588 12
1428571 11
1388888 12
1351351 13
1315789 13
1282051 13
1250000 12
1219512 12
1190476 12
1162790 11
1136363 11
1111111 12
1086956 11
1063829 11
1041666 11
1020408 12
1000000 12
980392 12
961538 12
943396 12
925925 11
909090 11
892857 12
877192 11
862068 11
847457 11
833333 11
819672 11
806451 11
793650 11
781250 11
769230 11
757575 11
746268 11
735294 11
724637 11
714285 12
704225 12
694444 11
684931 11
675675 11
666666 11
657894 11
649350 11
641025 11
632911 12
625000 11
617283 12
609756 12
602409 11
595238 11
588235 11
581395 12
574712 12
568181 12
561797 12
555555 12
549450 12
543478 12
537634 12
531914 12
526315 12
520833 11
515463 11
510204 11
505050 11
500000 12
495049 11
490196 12
485436 12
480769 12
476190 12
471698 11
467289 12
462962 12
458715 12
454545 12
450450 11
446428 12
442477 12
438596 11
434782 12
431034 12
427350 12
423728 12
420168 12
416666 12
413223 11
409836 12
406504 11
403225 12
400000 11
396825 11
393700 11
390625 12
387596 12
384615 11
381679 12
378787 11
375939 11
373134 12
370370 11
367647 12
364963 12
362318 11
359712 11
357142 11
354609 12
352112 12
349650 12
347222 12
344827 11
342465 12
340136 11
337837 11
335570 11
333333 11
331125 11
328947 11
326797 11
324675 11
322580 11
320512 11
318471 11
316455 12
314465 11
312500 12
310559 12
308641 11
306748 12
304878 12
303030 12
301204 11
299401 11
297619 11
295857 11
294117 12
292397 12
290697 11
289017 12
287356 11
285714 11
284090 11
282485 12
280898 12
279329 12
277777 11
276243 11
274725 12
273224 12
271739 11
270270 11
268817 11
267379 11
265957 12
264550 11
263157 11
261780 11
260416 11
259067 12
257731 11
256410 12
255102 11
253807 11
252525 11
251256 11
250000 11
248756 11
247524 11
246305 11
245098 11
243902 11
242718 11
241545 11
240384 12
239234 10
238095 10
236966 11
235849 11
234741 11
233644 12
232558 11
231481 12
230414 11
229357 12
228310 11
227272 11
226244 11
225225 11
224215 11
223214 12
222222 11
221238 11
220264 11
219298 11
218340 11
217391 11
216450 11
215517 12
214592 11
213675 11
212765 11
211864 11
210970 12
210084 11
209205 11
208333 11
207468 12
206611 11
205761 10
204918 11
204081 11
203252 11
202429 11
201612 11
200803 11
200000 11
199203 12
198412 11
197628 10
196850 11
196078 11
195312 12
194552 12
193798 11
193050 10
192307 11
191570 11
190839 11
190114 11
189393 11
188679 11
187969 11
187265 11
186567 11
185873 11
185185 11
184501 10
183823 12
183150 11
182481 12
181818 10
181159 11
180505 11
179856 11
179211 10
178571 11
177935 11
177304 12
176678 12
176056 10
175438 11
174825 12
174216 11
173611 11
173010 11
172413 11
171821 9
171232 10
170648 11
170068 11
169491 11
168918 11
168350 10
167785 11
167224 11
166666 11
166112 11
165562 10
165016 10
164473 9
163934 12
163398 11
162866 11
162337 10
161812 11
161290 11
160771 11
160256 12
159744 11
159235 11
158730 10
158227 11
157728 11
157232 11
156739 11
156250 12
155763 11
155279 11
154798 10
154320 11
153846 11
153374 12
152905 11
152439 10
151975 11
151515 10
151057 11
150602 11
150150 10
149700 9
149253 11
148809 10
148367 9
147928 10
147492 10
147058 9
146627 11
146198 11
145772 9
145348 10
144927 9
144508 10
144092 9
143678 9
143266 10
142857 10
142450 10
142045 10
141643 11
141242 9
140845 11
140449 9
140056 9
139664 10
139275 9
138888 11
138504 10
138121 9
137741 10
137362 11
136986 9
136612 10
136239 11
135869 11
135501 9
135135 10
134770 10
134408 11
134048 11
133689 9
133333 10
132978 10
132625 10
132275 10
131926 10
131578 9
131233 10
130890 9
130548 10
130208 10
129870 10
129533 9
129198 10
128865 11
128534 11
128205 10
127877 9
127551 10
127226 9
126903 10
126582 10
126262 10
125944 9
125628 9
125313 9
125000 10
124688 9
124378 10
124069 9
123762 10
123456 9
123152 9
122850 11
122549 10
122249 10
121951 10
121654 9
121359 9
121065 10
120772 11
120481 10
120192 10
119904 9
119617 10
119331 10
119047 9
118764 10
118483 10
118203 10
117924 10
117647 9
117370 9
117096 9
116822 10
116550 9
116279 9
116009 10
115740 11
115473 10
115207 9
114942 9
114678 10
114416 9
114155 11
113895 9
113636 9
113378 9
113122 10
112866 10
112612 11
112359 11
112107 10
111856 10
111607 9
111358 9
111111 9
110864 10
110619 10
110375 9
110132 10
109890 10
109649 10
109409 10
109170 9
108932 9
108695 10
108459 9
108225 9
107991 9
107758 9
107526 9
107296 10
107066 9
106837 9
106609 10
106382 10
106157 10
105932 9
105708 9
105485 9
105263 9
105042 9
104821 10
104602 9
104384 9
104166 9
103950 9
103734 9
103519 9
103305 9
103092 9
102880 9
102669 9
102459 9
102249 9
102040 9
101832 9
101626 10
101419 9
101214 9
101010 9
100806 9
100603 9
100401 9
100200 10
100000 10
99800 9
25000000 9
16666666 9
12500000 9
10000000 12
8333333 13
7142857 13
6250000 14
5555555 13
5000000 13
4545454 13
4166666 11
3846153 11
3571428 11
3333333 10
3125000 11
2941176 11
2777777 11
2631578 11
2500000 12
2380952 12
2272727 13
2173913 13
2083333 13
2000000 13
1923076 12
1851851 11
1785714 12
1724137 11
1666666 10
1612903 10
1562500 10
1515151 11
1470588 11
1428571 11
1388888 12
1351351 12
1315789 12
1282051 12
1250000 12
1219512 12
1190476 12
1162790 12
1136363 11
1111111 12
1086956 11
1063829 11
1041666 11
1020408 11
1000000 12
980392 12
961538 12
943396 11
925925 11
909090 12
892857 12
877192 12
862068 11
847457 11
833333 11
819672 11
806451 12
793650 12
781250 11
769230 12
757575 12
746268 12
735294 12
724637 12
714285 12
704225 11
694444 11
684931 12
675675 12
666666 12
657894 11
649350 12
641025 11
632911 11
625000 11
617283 11
609756 12
602409 12
595238 11
588235 12
581395 12
574712 12
568181 11
561797 12
555555 12
549450 12
543478 11
537634 12
531914 12
526315 11
520833 12
515463 11
510204 12
505050 11
500000 12
495049 11
490196 11
485436 12
480769 11
476190 12
471698 12
467289 12
462962 12
458715 12
454545 12
450450 12
446428 12
442477 12
438596 12
434782 12
431034 12
427350 12
423728 12
420168 12
416666 12
413223 12
409836 12
406504 12
403225 12
400000 11
396825 11
393700 12
390625 11
387596 11
384615 11
381679 11
378787 11
375939 12
373134 11
370370 11
367647 12
364963 11
362318 12
359712 11
357142 11
354609 11
352112 12
349650 12
347222 12
344827 11
342465 11
340136 11
337837 12
335570 11
333333 11
331125 11
328947 12
326797 11
324675 11
322580 12
320512 11
318471 11
316455 11
314465 12
312500 12
310559 12
308641 11
306748 11
304878 12
303030 12
301204 11
299401 11
297619 11
295857 11
294117 11
292397 11
290697 12
289017 12
287356 12
285714 12
284090 11
282485 12
280898 12
279329 11
277777 11
276243 11
274725 11
273224 11
271739 11
270270 11
268817 11
267379 12
265957 12
264550 11
263157 11
261780 11
260416 11
259067 11
257731 11
256410 11
255102 12
253807 12
252525 11
251256 12
250000 12
248756 12
247524 11
246305 11
245098 11
243902 10
242718 11
241545 11
240384 11
239234 12
238095 11
236966 11
235849 11
234741 11
233644 10
232558 11
231481 11
230414 11
229357 11
228310 11
227272 11
226244 11
225225 11
224215 11
223214 12
222222 11
221238 11
220264 11
219298 12
218340 11
217391 11
216450 11
215517 11
214592 11
213675 11
212765 11
211864 11
210970 11
210084 11
209205 11
208333 11
207468 11
206611 11
205761 11
204918 11
204081 11
203252 11
202429 11
201612 11
200803 11
200000 11
199203 11
198412 12
197628 11
196850 10
196078 11
195312 11
194552 11
193798 11
193050 10
192307 12
191570 11
190839 11
190114 11
189393 11
188679 11
187969 12
187265 11
186567 11
185873 11
185185 11
184501 11
183823 11
183150 11
182481 12
181818 11
181159 11
180505 11
179856 12
179211 11
178571 11
177935 11
177304 10
176678 11
176056 12
175438 11
174825 11
174216 10
173611 11
173010 11
172413 11
171821 11
171232 11
170648 10
170068 12
169491 10
168918 10
168350 11
167785 10
167224 11
166666 11
166112 11
165562 10
165016 12
164473 11
163934 11
163398 12
162866 10
162337 10
161812 9
161290 11
160771 9
160256 11
159744 12
159235 11
158730 10
158227 11
157728 11
157232 11
156739 11
156250 10
155763 11
155279 12
154798 11
154320 11
153846 9
153374 11
152905 10
152439 11
151975 12
151515 9
151057 10
150602 9
150150 10
149700 10
149253 9
148809 10
148367 10
147928 10
147492 11
147058 10
146627 9
146198 9
145772 10
145348 9
144927 9
144508 10
144092 9
143678 10
143266 11
142857 10
142450 10
142045 11
141643 11
141242 9
140845 9
140449 10
140056 9
139664 10
139275 9
138888 10
138504 11
138121 9
137741 10
137362 10
136986 10
136612 10
136239 10
135869 10
135501 10
135135 10
134770 11
134408 11
134048 10
133689 10
133333 10
132978 10
132625 9
132275 11
131926 10
131578 10
131233 9
130890 10
130548 10
130208 10
129870 11
129533 9
129198 9
128865 10
128534 9
128205 10
127877 9
127551 10
127226 9
126903 10
126582 10
126262 10
125944 9
125628 9
125313 10
125000 9
124688 10
124378 9
124069 9
123762 10
123456 9
123152 9
122850 12
122549 10
122249 9
121951 10
121654 9
121359 10
121065 10
120772 9
120481 10
120192 9
119904 10
119617 10
119331 9
119047 10
118764 9
118483 9
118203 9
117924 9
117647 10
117370 9
117096 10
116822 9
116550 9
116279 9
116009 9
115740 11
115473 9
115207 10
114942 9
114678 10
114416 9
114155 10
113895 9
113636 9
113378 9
113122 9
112866 9
112612 10
112359 9
112107 9
111856 9
111607 10
111358 9
111111 10
110864 9
110619 9
110375 9
110132 10
109890 9
109649 10
109409 9
109170 9
108932 10
108695 9
108459 10
108225 9
107991 9
107758 9
107526 9
107296 9
107066 9
106837 9
106609 9
106382 9
106157 9
105932 9
105708 9
105485 9
105263 9
105042 9
104821 9
104602 9
104384 9
104166 10
103950 9
103734 9
103519 9
103305 9
103092 9
102880 9
102669 9
102459 9
102249 9
102040 9
101832 10
101626 10
101419 9
101214 9
101010 9
100806 9
100603 9
100401 10
100200 9
100000 9
99800 9
25000000 9
16666666 10
12500000 9
10000000 11
8333333 13
7142857 13
6250000 14
5555555 13
5000000 13
4545454 13
4166666 11
3846153 11
3571428 11
3333333 10
3125000 11
2941176 11
2777777 11
2631578 11
2500000 12
2380952 12
2272727 13
2173913 13
2083333 13
2000000 13
1923076 12
1851851 11
1785714 11
1724137 11
1666666 10
1612903 10
1562500 11
1515151 11
1470588 11
1428571 11
1388888 11
1351351 12
1315789 13
1282051 12
1250000 12
1219512 12
1190476 12
1162790 12
1136363 11
1111111 11
1086956 11
1063829 11
1041666 11
1020408 11
1000000 12
980392 12
961538 12
943396 12
925925 12
909090 12
892857 12
877192 11
862068 11
847457 11
833333 11
819672 12
806451 11
793650 12
781250 11
769230 11
757575 11
746268 11
735294 12
724637 12
714285 12
704225 12
694444 12
684931 11
675675 11
666666 11
657894 12
649350 12
641025 12
632911 11
625000 11
617283 11
609756 11
602409 12
595238 11
588235 12
581395 12
574712 11
568181 12
561797 12
555555 11
549450 12
543478 12
537634 11
531914 11
526315 12
520833 12
515463 11
510204 11
505050 11
500000 12
495049 12
490196 12
485436 12
480769 11
476190 12
471698 12
467289 12
462962 11
458715 11
454545 11
450450 12
446428 11
442477 11
438596 12
434782 12
431034 12
427350 11
423728 12
420168 11
416666 12
413223 11
409836 12
406504 12
403225 12
400000 12
396825 12
393700 11
390625 12
387596 12
384615 12
381679 12
378787 12
375939 12
373134 11
370370 11
367647 12
364963 12
362318 12
359712 11
357142 11
354609 11
352112 11
349650 12
347222 12
344827 12
342465 11
340136 12
337837 11
335570 12
333333 12
331125 12
328947 11
326797 11
324675 11
322580 12
320512 11
318471 11
316455 11
314465 12
312500 11
310559 12
308641 12
306748 11
304878 11
303030 11
301204 11
299401 11
297619 11
295857 11
294117 12
292397 11
290697 11
289017 11
287356 11
285714 11
284090 11
282485 11
280898 12
279329 11
277777 11
276243 11
274725 11
273224 11
271739 11
270270 11
268817 11
267379 11
265957 11
264550 12
263157 11
261780 12
260416 11
259067 11
257731 12
256410 11
255102 11
253807 11
252525 11
251256 11
250000 11
248756 11
247524 11
246305 12
245098 11
243902 11
242718 10
241545 11
240384 11
239234 12
238095 11
236966 11
235849 11
234741 11
233644 11
232558 11
231481 11
230414 11
229357 11
228310 12
227272 11
226244 11
225225 11
224215 11
223214 11
222222 12
221238 12
220264 11
219298 11
218340 11
217391 12
216450 11
215517 11
214592 12
213675 11
212765 12
211864 11
210970 11
210084 11
209205 10
208333 11
207468 11
206611 11
205761 10
204918 10
204081 11
203252 11
202429 11
201612 12
200803 11
200000 11
199203 11
198412 11
197628 11
196850 11
196078 10
195312 11
194552 11
193798 11
193050 10
192307 11
191570 10
190839 12
190114 11
189393 12
188679 11
187969 11
187265 10
186567 11
185873 12
185185 11
184501 11
183823 11
183150 11
182481 11
181818 11
181159 11
180505 11
179856 11
179211 10
178571 11
177935 10
177304 11
176678 11
176056 11
175438 11
174825 10
174216 11
173611 11
173010 11
172413 10
171821 11
171232 11
170648 9
170068 10
169491 10
168918 11
168350 10
167785 10
167224 12
166666 12
166112 10
165562 10
165016 11
164473 12
163934 11
163398 11
162866 10
162337 11
161812 11
161290 11
160771 11
160256 11
159744 10
159235 11
158730 9
158227 12
157728 11
157232 11
156739 10
156250 10
155763 11
155279 10
154798 10
154320 12
153846 11
153374 12
152905 11
152439 11
151975 11
151515 10
151057 11
150602 11
150150 9
149700 10
149253 11
148809 11
148367 11
147928 10
147492 9
147058 10
146627 11
146198 11
145772 11
145348 10
144927 9
144508 10
144092 10
143678 11
143266 9
142857 11
142450 9
142045 11
141643 9
141242 11
140845 9
140449 10
140056 9
139664 10
139275 10
138888 10
138504 10
138121 9
137741 9
137362 10
136986 10
136612 12
136239 11
135869 10
135501 9
135135 10
134770 10
134408 10
134048 10
133689 10
133333 11
132978 9
132625 10
132275 10
131926 9
131578 9
131233 11
130890 10
130548 10
130208 10
129870 11
129533 10
129198 10
128865 9
128534 9
128205 10
127877 9
127551 10
127226 9
126903 10
126582 9
126262 9
125944 10
125628 9
125313 9
125000 10
124688 9
124378 10
124069 9
123762 9
123456 9
123152 10
122850 9
122549 9
122249 9
121951 9
121654 9
121359 9
121065 9
120772 11
120481 9
120192 9
119904 9
119617 9
119331 10
119047 9
118764 9
118483 9
118203 9
117924 9
117647 10
117370 9
117096 9
116822 9
116550 9
116279 10
116009 10
115740 9
115473 10
115207 10
114942 10
114678 9
114416 9
114155 11
113895 9
113636 10
113378 9
113122 9
112866 9
112612 9
112359 9
112107 9
111856 9
111607 9
111358 10
111111 11
110864 9
110619 10
110375 9
110132 9
109890 10
109649 9
109409 9
109170 9
108932 9
108695 9
108459 9
108225 9
107991 9
107758 9
107526 9
107296 9
107066 9
106837 9
106609 10
106382 9
106157 9
105932 9
105708 9
105485 10
105263 9
105042 9
104821 9
104602 9
104384 9
104166 9
103950 9
103734 9
103519 9
103305 9
103092 9
102880 9
102669 9
102459 9
102249 9
102040 9
101832 9
101626 9
101419 10
101214 9
101010 9
100806 10
100603 9
100401 10
100200 9
100000 9
99800 9
25000000 9
16666666 9
12500000 9
10000000 12
8333333 13
7142857 13
6250000 15
5555555 13
5000000 13
4545454 13
4166666 11
3846153 11
3571428 11
3333333 10
3125000 10
2941176 11
2777777 11
2631578 11
2500000 12
2380952 12
2272727 13
2173913 13
2083333 13
2000000 13
1923076 12
1851851 11
1785714 12
1724137 11
1666666 10
1612903 11
1562500 11
1515151 11
1470588 11
1428571 11
1388888 12
1351351 12
1315789 12
1282051 12
1250000 12
1219512 12
1190476 12
1162790 12
1136363 11
1111111 11
1086956 12
1063829 11
1041666 11
1020408 11
1000000 11
980392 11
961538 12
943396 12
925925 12
909090 12
892857 12
877192 11
862068 11
847457 11
833333 11
819672 11
806451 11
793650 12
781250 11
769230 11
757575 11
746268 12
735294 12
724637 12
714285 12
704225 11
694444 11
684931 11
675675 11
666666 11
657894 12
649350 11
641025 11
632911 11
625000 12
617283 12
609756 12
602409 12
595238 11
588235 11
581395 12
574712 11
568181 11
561797 11
555555 12
549450 12
543478 12
537634 12
531914 11
526315 12
520833 12
515463 12
510204 11
505050 12
500000 11
495049 12
490196 12
485436 11
480769 12
476190 12
471698 11
467289 12
462962 12
458715 12
454545 12
450450 11
446428 12
442477 12
438596 12
434782 12
431034 12
427350 11
423728 12
420168 11
416666 11
413223 11
409836 12
406504 11
403225 12
400000 12
396825 11
393700 11
390625 12
387596 12
384615 12
381679 12
378787 12
375939 12
373134 11
370370 11
367647 12
364963 11
362318 12
359712 12
357142 12
354609 12
352112 11
349650 12
347222 12
344827 12
342465 11
340136 11
337837 11
335570 11
333333 12
331125 12
328947 12
326797 11
324675 12
322580 11
320512 12
318471 11
316455 12
314465 11
312500 11
310559 11
308641 11
306748 11
304878 12
303030 11
301204 11
299401 11
297619 12
295857 11
294117 12
292397 12
290697 11
289017 12
287356 12
285714 11
284090 12
282485 11
280898 12
279329 12
277777 11
276243 11
274725 12
273224 11
271739 11
270270 12
268817 12
267379 11
265957 11
264550 11
263157 11
261780 11
260416 11
259067 12
257731 11
256410 11
255102 12
253807 10
252525 12
251256 11
250000 10
248756 12
247524 12
246305 11
245098 11
243902 11
242718 11
241545 11
240384 11
239234 12
238095 11
236966 12
235849 10
234741 11
233644 11
232558 11
231481 11
230414 11
229357 11
228310 11
227272 11
226244 11
225225 11
224215 11
223214 11
222222 11
221238 12
220264 11
219298 11
218340 11
217391 11
216450 11
215517 11
214592 12
213675 12
212765 11
211864 11
210970 11
210084 11
209205 12
208333 11
207468 11
206611 11
205761 12
204918 11
204081 11
203252 11
202429 11
201612 9
200803 10
200000 11
199203 11
198412 11
197628 10
196850 12
196078 11
195312 11
194552 11
193798 11
193050 10
192307 11
191570 11
190839 11
190114 11
189393 11
188679 11
187969 11
187265 11
186567 11
185873 11
185185 11
184501 11
183823 12
183150 12
182481 11
181818 11
181159 10
180505 11
179856 11
179211 11
178571 11
177935 11
177304 11
176678 11
176056 11
175438 11
174825 11
174216 10
173611 11
173010 10
172413 10
171821 11
171232 11
170648 10
170068 10
169491 11
168918 12
168350 10
167785 9
167224 11
166666 10
166112 10
165562 12
165016 10
164473 9
163934 9
163398 10
162866 10
162337 11
161812 12
161290 11
160771 9
160256 10
159744 12
159235 11
158730 12
158227 10
157728 11
157232 10
156739 11
156250 10
155763 10
155279 10
154798 12
154320 11
153846 9
153374 10
152905 12
152439 12
151975 11
151515 10
151057 11
150602 11
150150 11
149700 11
149253 9
148809 9
148367 11
147928 10
147492 9
147058 10
146627 10
146198 9
145772 11
145348 9
144927 11
144508 10
144092 10
143678 11
143266 10
142857 10
142450 9
142045 10
141643 9
141242 11
140845 12
140449 10
140056 9
139664 10
139275 11
138888 11
138504 9
138121 9
137741 11
137362 11
136986 10
136612 11
136239 9
135869 10
135501 10
135135 9
134770 10
134408 11
134048 9
133689 9
133333 11
132978 10
132625 10
132275 10
131926 10
131578 9
131233 10
130890 10
130548 10
130208 11
129870 9
129533 10
129198 9
128865 9
128534 10
128205 11
127877 10
127551 10
127226 9
126903 10
126582 10
126262 10
125944 9
125628 10
125313 10
125000 10
124688 10
124378 11
124069 9
123762 9
123456 9
123152 10
122850 11
122549 9
122249 9
121951 9
121654 9
121359 10
121065 9
120772 10
120481 10
120192 9
119904 10
119617 10
119331 9
119047 11
118764 9
118483 10
118203 9
117924 9
117647 11
117370 9
117096 10
116822 9
116550 10
116279 9
116009 9
115740 10
115473 10
115207 9
114942 9
114678 10
114416 9
114155 9
113895 10
113636 9
113378 10
113122 9
112866 9
112612 9
112359 10
112107 10
111856 9
111607 10
111358 10
111111 9
110864 10
110619 10
110375 9
110132 10
109890 9
109649 11
109409 10
109170 9
108932 9
108695 9
108459 9
108225 9
107991 9
107758 10
107526 10
107296 9
107066 9
106837 10
106609 9
106382 9
106157 9
105932 9
105708 9
105485 9
105263 10
105042 9
104821 9
104602 10
104384 9
104166 10
103950 9
103734 9
103519 9
103305 9
103092 9
102880 9
102669 9
102459 9
102249 9
102040 9
101832 9
101626 10
101419 9
101214 10
101010 9
100806 9
100603 9
100401 9
100200 9
100000 9
99800 10
25000000 9
16666666 10
12500000 9
10000000 11
8333333 13
7142857 13
6250000 14
5555555 13
5000000 13
4545454 13
4166666 10
3846153 11
3571428 11
3333333 10
3125000 11
2941176 11
2777777 11
2631578 12
2500000 12
2380952 12
2272727 13
2173913 13
2083333 13
2000000 13
1923076 12
1851851 11
1785714 12
1724137 10
1666666 10
1612903 10
1562500 11
1515151 11
1470588 11
1428571 12
1388888 12
1351351 12
1315789 12
1282051 12
1250000 12
1219512 12
1190476 12
1162790 12
1136363 11
1111111 12
1086956 12
1063829 11
1041666 11
1020408 12
1000000 12
980392 12
961538 12
943396 12
925925 12
909090 12
892857 12
877192 12
862068 11
847457 11
833333 11
819672 12
806451 11
793650 11
781250 11
769230 12
757575 12
746268 12
735294 12
724637 11
714285 11
704225 11
694444 11
684931 12
675675 12
666666 11
657894 12
649350 11
641025 12
632911 12
625000 12
617283 11
609756 11
602409 11
595238 11
588235 12
581395 11
574712 12
568181 12
561797 12
555555 12
549450 12
543478 12
537634 11
531914 11
526315 11
520833 12
515463 11
510204 12
505050 12
500000 11
495049 11
490196 12
485436 12
480769 12
476190 11
471698 12
467289 12
462962 12
458715 11
454545 12
450450 12
446428 12
442477 12
438596 12
434782 12
431034 12
427350 11
423728 12
420168 11
416666 12
413223 12
409836 11
406504 12
403225 12
400000 12
396825 12
393700 12
390625 12
387596 12
384615 12
381679 12
378787 12
375939 11
373134 11
370370 11
367647 12
364963 11
362318 12
359712 12
357142 12
354609 11
352112 12
349650 11
347222 12
344827 11
342465 12
340136 11
337837 11
335570 11
333333 11
331125 12
328947 11
326797 12
324675 12
322580 12
320512 11
318471 11
316455 11
314465 11
312500 11
310559 11
308641 12
306748 12
304878 11
303030 12
301204 11
299401 11
297619 12
295857 11
294117 12
292397 11
290697 11
289017 11
287356 11
285714 11
284090 11
282485 12
280898 11
279329 11
277777 11
276243 11
274725 12
273224 11
271739 11
270270 11
268817 12
267379 11
265957 11
264550 11
263157 11
261780 11
260416 11
259067 11
257731 11
256410 11
255102 11
253807 11
252525 11
251256 11
250000 12
248756 12
247524 10
246305 12
245098 11
243902 11
242718 10
241545 11
240384 12
239234 12
238095 10
236966 11
235849 11
234741 11
233644 12
232558 11
231481 11
230414 11
229357 12
228310 12
227272 12
226244 11
225225 11
224215 11
223214 11
222222 11
221238 12
220264 11
219298 11
218340 11
217391 11
216450 11
215517 11
214592 11
213675 12
212765 10
211864 12
210970 11
210084 11
209205 12
208333 11
207468 12
206611 11
205761 10
204918 11
204081 10
203252 11
202429 11
201612 10
200803 10
200000 11
199203 11
198412 11
197628 10
196850 11
196078 11
195312 12
194552 11
193798 10
193050 11
192307 11
191570 10
190839 11
190114 11
189393 11
188679 11
187969 12
187265 10
186567 11
185873 11
185185 11
184501 12
183823 11
183150 11
182481 11
181818 11
181159 11
180505 11
179856 11
179211 11
178571 11
177935 11
177304 11
176678 11
176056 11
175438 11
174825 11
174216 10
173611 11
173010 11
172413 11
171821 10
171232 10
170648 10
170068 10
169491 11
168918 11
168350 9
167785 11
167224 11
166666 11
166112 11
165562 11
165016 11
164473 12
163934 11
163398 10
162866 11
162337 11
161812 9
161290 11
160771 10
160256 11
159744 10
159235 11
158730 10
158227 12
157728 10
157232 11
156739 11
156250 10
155763 12
155279 10
154798 10
154320 10
153846 11
153374 10
152905 10
152439 11
151975 11
151515 10
151057 11
150602 11
150150 9
149700 11
149253 11
148809 10
148367 11
147928 10
147492 9
147058 9
146627 11
146198 9
145772 10
145348 10
144927 11
144508 9
144092 9
143678 11
143266 10
142857 10
142450 9
142045 10
141643 9
141242 10
140845 11
140449 10
140056 10
139664 11
139275 9
138888 10
138504 9
138121 9
137741 9
137362 10
136986 9
136612 11
136239 9
135869 10
135501 10
135135 10
134770 10
134408 10
134048 11
133689 9
133333 11
132978 9
132625 10
132275 11
131926 9
131578 9
131233 11
130890 11
130548 9
130208 10
129870 11
129533 9
129198 9
128865 9
128534 9
128205 9
127877 9
127551 10
127226 9
126903 9
126582 9
126262 10
125944 9
125628 9
125313 10
125000 9
124688 9
124378 10
124069 9
123762 10
123456 9
123152 10
122850 10
122549 9
122249 10
121951 10
121654 9
121359 9
121065 9
120772 9
120481 10
120192 9
119904 9
119617 10
119331 9
119047 11
118764 9
118483 9
118203 9
117924 9
117647 9
117370 9
117096 10
116822 9
116550 9
116279 10
116009 9
115740 9
115473 9
115207 10
114942 9
114678 12
114416 10
114155 11
113895 10
113636 9
113378 9
113122 9
112866 10
112612 10
112359 9
112107 10
111856 9
111607 10
111358 9
111111 10
110864 9
110619 9
110375 9
110132 9
109890 10
109649 9
109409 10
109170 10
108932 9
108695 10
108459 9
108225 9
107991 10
107758 9
107526 10
107296 9
107066 10
106837 9
106609 9
106382 9
106157 9
105932 9
105708 9
105485 9
105263 9
105042 9
104821 9
104602 9
104384 9
104166 9
103950 9
103734 9
103519 9
103305 9
103092 9
102880 9
102669 9
102459 9
102249 9
102040 9
101832 9
101626 9
101419 9
101214 9
101010 9
100806 9
100603 9
100401 10
100200 10
100000 10
99800 9
25000000 9
16666666 10
12500000 10
10000000 12
8333333 13
7142857 13
6250000 15
5555555 13
5000000 13
4545454 13
4166666 11
3846153 11
3571428 12
3333333 11
3125000 11
2941176 12
2777777 11
2631578 12
2500000 12
2380952 12
2272727 13
2173913 13
2083333 13
2000000 13
1923076 12
1851851 11
1785714 12
1724137 10
1666666 10
1612903 11
1562500 11
1515151 12
1470588 11
1428571 11
1388888 11
1351351 12
1315789 13
1282051 12
1250000 12
1219512 12
1190476 12
1162790 11
1136363 11
1111111 12
1086956 12
1063829 11
1041666 11
1020408 12
1000000 11
980392 12
961538 12
943396 12
925925 12
909090 12
892857 11
877192 12
862068 12
847457 12
833333 11
819672 12
806451 12
793650 11
781250 11
769230 11
757575 12
746268 11
735294 11
724637 11
714285 12
704225 11
694444 11
684931 11
675675 12
666666 12
657894 11
649350 12
641025 11
632911 12
625000 12
617283 11
609756 11
602409 12
595238 12
588235 12
581395 12
574712 11
568181 11
561797 12
555555 11
549450 12
543478 12
537634 12
531914 12
526315 11
520833 11
515463 12
510204 11
505050 10
500000 12
495049 12
490196 11
485436 12
480769 11
476190 11
471698 12
467289 12
462962 12
458715 11
454545 11
450450 12
446428 12
442477 12
438596 12
434782 12
431034 11
427350 12
423728 12
420168 11
416666 12
413223 11
409836 12
406504 12
403225 12
400000 12
396825 12
393700 12
390625 11
387596 12
384615 12
381679 11
378787 12
375939 11
373134 12
370370 11
367647 12
364963 12
362318 11
359712 12
357142 11
354609 11
352112 12
349650 12
347222 11
344827 12
342465 12
340136 11
337837 11
335570 11
333333 11
331125 12
328947 11
326797 12
324675 12
322580 11
320512 11
318471 11
316455 11
314465 11
312500 12
310559 11
308641 12
306748 12
304878 12
303030 12
301204 11
299401 11
297619 12
295857 12
294117 11
292397 11
290697 11
289017 12
287356 11
285714 11
284090 12
282485 11
280898 12
279329 11
277777 11
276243 11
274725 12
273224 12
271739 11
270270 11
268817 11
267379 11
265957 11
264550 11
263157 11
261780 12
260416 11
259067 11
257731 11
256410 11
255102 11
253807 11
252525 11
251256 11
250000 11
248756 11
247524 12
246305 11
245098 11
243902 11
242718 11
241545 11
240384 11
239234 12
238095 11
236966 11
235849 11
234741 11
233644 12
232558 11
231481 12
230414 11
229357 12
228310 11
227272 11
226244 12
225225 11
224215 11
223214 11
222222 11
221238 11
220264 12
219298 11
218340 11
217391 11
216450 11
215517 11
214592 11
213675 11
212765 11
211864 11
210970 11
210084 11
209205 11
208333 11
207468 12
206611 11
205761 11
204918 11
204081 11
203252 11
202429 11
201612 12
200803 10
200000 11
199203 11
198412 11
197628 11
196850 11
196078 10
195312 11
194552 11
193798 11
193050 12
192307 11
191570 11
190839 11
190114 11
189393 11
188679 10
187969 11
187265 11
186567 11
185873 11
185185 11
184501 12
183823 11
183150 11
182481 12
181818 11
181159 10
180505 11
179856 11
179211 11
178571 10
177935 11
177304 11
176678 11
176056 11
175438 11
174825 11
174216 10
173611 10
173010 11
172413 12
171821 10
171232 11
170648 11
170068 11
169491 9
168918 10
168350 10
167785 10
167224 11
166666 11
166112 9
165562 11
165016 10
164473 11
163934 10
163398 10
162866 9
162337 10
161812 11
161290 10
160771 11
160256 12
159744 10
159235 11
158730 12
158227 11
157728 11
157232 10
156739 11
156250 11
155763 10
155279 10
154798 12
154320 11
153846 10
153374 10
152905 10
152439 11
151975 10
151515 10
151057 11
150602 10
150150 9
149700 11
149253 11
148809 11
148367 11
147928 9
147492 11
147058 10
146627 10
146198 10
145772 9
145348 10
144927 10
144508 10
144092 9
143678 10
143266 10
142857 9
142450 9
142045 10
141643 10
141242 11
140845 9
140449 11
140056 11
139664 10
139275 9
138888 10
138504 10
138121 11
137741 9
137362 11
136986 10
136612 10
136239 10
135869 11
135501 9
135135 11
134770 10
134408 10
134048 10
133689 10
133333 11
132978 10
132625 10
132275 12
131926 10
131578 10
131233 10
130890 10
130548 10
130208 9
129870 11
129533 9
129198 11
128865 9
128534 11
128205 10
127877 9
127551 9
127226 10
126903 9
126582 10
126262 9
125944 10
125628 9
125313 10
125000 10
124688 9
124378 11
124069 9
123762 9
123456 9
123152 10
122850 9
122549 10
122249 9
121951 10
121654 9
121359 9
121065 10
120772 9
120481 10
120192 10
119904 9
119617 10
119331 9
119047 9
118764 9
118483 9
118203 10
117924 10
117647 9
117370 9
117096 9
116822 10
116550 9
116279 9
116009 10
115740 10
115473 9
115207 10
114942 9
114678 9
114416 9
114155 10
113895 9
113636 9
113378 9
113122 10
112866 10
112612 10
112359 9
112107 10
111856 9
111607 10
111358 9
111111 10
110864 10
110619 9
110375 9
110132 10
109890 9
109649 9
109409 9
109170 9
108932 10
108695 9
108459 9
108225 9
107991 10
107758 9
107526 10
107296 9
107066 9
106837 10
106609 9
106382 9
106157 10
105932 9
105708 9
105485 9
105263 9
105042 9
104821 9
104602 9
104384 9
104166 10
103950 9
103734 9
103519 9
103305 9
103092 9
102880 9
102669 9
102459 9
102249 9
102040 10
101832 9
101626 10
101419 9
101214 9
101010 10
100806 10
100603 9
100401 10
100200 9
100000 10
99800 9
25000000 9
16666666 9
12500000 9
10000000 12
8333333 13
7142857 13
6250000 14
5555555 13
5000000 13
4545454 13
4166666 11
3846153 11
3571428 11
3333333 10
3125000 11
2941176 11
2777777 11
2631578 11
2500000 12
2380952 12
2272727 13
2173913 13
2083333 13
2000000 13
1923076 12
1851851 11
1785714 11
1724137 11
1666666 11
1612903 11
1562500 11
1515151 12
1470588 11
1428571 11
1388888 12
1351351 12
1315789 12
1282051 12
1250000 12
1219512 12
1190476 12
1162790 11
1136363 11
1111111 11
1086956 11
1063829 11
1041666 11
1020408 11
1000000 12
980392 12
961538 12
943396 12
925925 11
909090 12
892857 12
877192 12
862068 12
847457 12
833333 11
819672 11
806451 11
793650 11
781250 11
769230 11
757575 11
746268 11
735294 11
724637 12
714285 12
704225 11
694444 12
684931 12
675675 12
666666 11
657894 11
649350 11
641025 11
632911 11
625000 11
617283 11
609756 12
602409 12
595238 12
588235 12
581395 12
574712 11
568181 11
561797 12
555555 11
549450 11
543478 11
537634 11
531914 11
526315 11
520833 11
515463 12
510204 11
505050 12
500000 11
495049 12
490196 11
485436 12
480769 12
476190 11
471698 12
467289 12
462962 12
458715 12
454545 12
450450 12
446428 12
442477 12
438596 12
434782 12
431034 11
427350 11
423728 12
420168 12
416666 12
413223 12
409836 12
406504 12
403225 12
400000 12
396825 11
393700 12
390625 12
387596 12
384615 12
381679 12
378787 11
375939 12
373134 12
370370 11
367647 12
364963 12
362318 11
359712 11
357142 12
354609 12
352112 12
349650 12
347222 12
344827 11
342465 12
340136 11
337837 12
335570 11
333333 12
331125 12
328947 12
326797 11
324675 12
322580 12
320512 11
318471 11
316455 11
314465 12
312500 11
310559 12
308641 12
306748 12
304878 11
303030 12
301204 11
299401 11
297619 12
295857 11
294117 11
292397 11
290697 11
289017 11
287356 11
285714 11
284090 11
282485 11
280898 12
279329 11
277777 11
276243 11
274725 12
273224 12
271739 12
270270 11
268817 12
267379 11
265957 12
264550 11
263157 11
261780 12
260416 12
259067 11
257731 12
256410 11
255102 12
253807 11
252525 11
251256 11
250000 11
248756 12
247524 11
246305 12
245098 12
243902 10
242718 11
241545 12
240384 11
239234 12
238095 12
236966 11
235849 11
234741 11
233644 11
232558 11
231481 12
230414 11
229357 11
228310 11
227272 11
226244 12
225225 11
224215 11
223214 12
222222 11
221238 11
220264 12
219298 11
218340 11
217391 12
216450 11
215517 11
214592 12
213675 12
212765 12
211864 12
210970 12
210084 11
209205 11
208333 11
207468 10
206611 11
205761 11
204918 11
204081 10
203252 11
202429 10
201612 11
200803 12
200000 10
199203 11
198412 10
197628 11
196850 11
196078 12
195312 11
194552 11
193798 11
193050 11
192307 10
191570 11
190839 11
190114 11
189393 11
188679 12
187969 11
187265 11
186567 11
185873 11
185185 11
184501 11
183823 11
183150 11
182481 12
181818 11
181159 11
180505 11
179856 11
179211 11
178571 10
177935 11
177304 12
176678 11
176056 12
175438 11
174825 10
174216 11
173611 11
173010 11
172413 11
171821 10
171232 10
170648 11
170068 10
169491 12
168918 11
168350 10
167785 11
167224 11
166666 10
166112 10
165562 10
165016 12
164473 11
163934 10
163398 11
162866 11
162337 10
161812 11
161290 11
160771 9
160256 11
159744 11
159235 10
158730 11
158227 11
157728 12
157232 12
156739 12
156250 11
155763 10
155279 10
154798 12
154320 10
153846 11
153374 11
152905 10
152439 11
151975 10
151515 11
151057 10
150602 9
150150 10
149700 11
149253 11
148809 10
148367 10
147928 11
147492 10
147058 10
146627 10
146198 11
145772 9
145348 9
144927 9
144508 11
144092 9
143678 9
143266 9
142857 9
142450 9
142045 10
141643 11
141242 12
140845 12
140449 10
140056 10
139664 9
139275 10
138888 9
138504 9
138121 9
137741 10
137362 9
136986 9
136612 10
136239 10
135869 10
135501 10
135135 10
134770 11
134408 10
134048 10
133689 10
133333 10
132978 10
132625 10
132275 9
131926 10
131578 9
131233 9
130890 10
130548 9
130208 10
129870 12
129533 9
129198 9
128865 10
128534 10
128205 10
127877 9
127551 9
127226 10
126903 9
126582 9
126262 10
125944 9
125628 9
125313 9
125000 9
124688 9
124378 9
124069 10
123762 9
123456 9
123152 9
122850 10
122549 9
122249 9
121951 9
121654 9
121359 10
121065 9
120772 9
120481 10
120192 10
119904 9
119617 10
119331 9
119047 9
118764 9
118483 10
118203 9
117924 10
117647 10
117370 10
117096 9
116822 9
116550 9
116279 9
116009 9
115740 9
115473 9
115207 10
114942 9
114678 9
114416 9
114155 9
113895 9
113636 9
113378 9
113122 9
112866 10
112612 9
112359 10
112107 10
111856 9
111607 9
111358 9
111111 9
110864 10
110619 9
110375 9
110132 10
109890 9
109649 9
109409 9
109170 10
108932 9
108695 9
108459 9
108225 9
107991 9
107758 9
107526 9
107296 9
107066 9
106837 9
106609 9
106382 9
106157 9
105932 9
105708 9
105485 9
105263 10
105042 9
104821 9
104602 9
104384 9
104166 9
103950 9
103734 9
103519 10
103305 9
103092 9
102880 9
102669 10
102459 9
102249 9
102040 10
101832 9
101626 11
101419 9
101214 9
101010 9
100806 9
100603 9
100401 10
100200 9
100000 9
99800 9
