25000000 9
16666666 13
12500000 13
10000000 13
8333333 15
7142857 16
6250000 17
5555555 16
5000000 17
4545454 17
4166666 13
3846153 13
3571428 13
3333333 13
3125000 13
2941176 14
2777777 14
2631578 14
2500000 14
2380952 15
2272727 16
2173913 16
2083333 16
2000000 16
1923076 16
1851851 15
1785714 16
1724137 15
1666666 13
1612903 13
1562500 13
1515151 13
1470588 13
1428571 13
1388888 14
1351351 15
1315789 15
1282051 16
1250000 16
1219512 16
1190476 15
1162790 15
1136363 14
1111111 13
1086956 14
1063829 14
1041666 15
1020408 14
1000000 14
980392 15
961538 16
943396 16
925925 15
909090 16
892857 15
877192 15
862068 14
847457 15
833333 15
819672 15
806451 15
793650 14
781250 14
769230 15
757575 15
746268 15
735294 15
724637 15
714285 15
704225 15
694444 14
684931 15
675675 15
666666 15
657894 15
649350 14
641025 14
632911 14
625000 14
617283 14
609756 15
602409 15
595238 14
588235 15
581395 15
574712 15
568181 15
561797 15
555555 14
549450 14
543478 14
537634 14
531914 14
526315 14
520833 15
515463 14
510204 14
505050 14
500000 15
495049 14
490196 15
485436 14
480769 15
476190 15
471698 14
467289 15
462962 15
458715 14
454545 15
450450 15
446428 15
442477 14
438596 14
434782 14
431034 15
427350 14
423728 15
420168 15
416666 15
413223 14
409836 14
406504 15
403225 15
400000 15
396825 14
393700 15
390625 15
387596 14
384615 15
381679 15
378787 15
375939 15
373134 15
370370 14
367647 15
364963 14
362318 14
359712 14
357142 15
354609 14
352112 15
349650 14
347222 15
344827 14
342465 15
340136 15
337837 15
335570 15
333333 15
331125 15
328947 15
326797 13
324675 14
322580 14
320512 14
318471 14
316455 14
314465 15
312500 15
310559 14
308641 14
306748 14
304878 14
303030 14
301204 14
299401 14
297619 14
295857 14
294117 14
292397 14
290697 14
289017 14
287356 14
285714 14
284090 14
282485 15
280898 15
279329 13
277777 14
276243 14
274725 14
273224 14
271739 14
270270 13
268817 13
267379 14
265957 14
264550 14
263157 14
261780 15
260416 14
259067 14
257731 14
256410 14
255102 14
253807 14
252525 14
251256 15
250000 13
248756 13
247524 13
246305 15
245098 14
243902 14
242718 14
241545 13
240384 14
239234 14
238095 14
236966 13
235849 14
234741 14
233644 14
232558 14
231481 14
230414 14
229357 13
228310 14
227272 13
226244 13
225225 13
224215 13
223214 13
222222 13
221238 14
220264 15
219298 13
218340 14
217391 13
216450 13
215517 14
214592 14
213675 14
212765 14
211864 13
210970 13
210084 13
209205 14
208333 14
207468 13
206611 14
205761 13
204918 14
204081 14
203252 14
202429 13
201612 13
200803 14
200000 14
199203 13
198412 13
197628 14
196850 13
196078 13
195312 13
194552 14
193798 14
193050 14
192307 13
191570 13
190839 13
190114 13
189393 13
188679 13
187969 14
187265 13
186567 13
185873 13
185185 13
184501 14
183823 13
183150 13
182481 13
181818 13
181159 13
180505 13
179856 14
179211 13
178571 13
177935 14
177304 14
176678 13
176056 13
175438 13
174825 13
174216 13
173611 13
173010 13
172413 13
171821 13
171232 13
170648 13
170068 13
169491 13
168918 13
168350 13
167785 13
167224 13
166666 14
166112 13
165562 13
165016 13
164473 13
163934 13
163398 13
162866 14
162337 13
161812 13
161290 13
160771 13
160256 13
159744 13
159235 13
158730 13
158227 13
157728 13
157232 13
156739 13
156250 13
155763 13
155279 13
154798 13
154320 13
153846 13
153374 13
152905 13
152439 13
151975 13
151515 13
151057 13
150602 13
150150 13
149700 13
149253 13
148809 14
148367 13
147928 13
147492 13
147058 13
146627 13
146198 13
145772 13
145348 13
144927 13
144508 13
144092 13
143678 13
143266 13
142857 13
142450 13
142045 13
141643 13
141242 13
140845 13
140449 13
140056 13
139664 13
139275 13
138888 13
138504 13
138121 13
137741 13
137362 13
136986 13
136612 13
136239 13
135869 13
135501 13
135135 13
134770 13
134408 13
134048 13
133689 13
133333 13
132978 13
132625 13
132275 13
131926 13
131578 13
131233 13
130890 13
130548 13
130208 13
129870 13
129533 13
129198 13
128865 13
128534 13
128205 13
127877 13
127551 13
127226 13
126903 13
126582 13
126262 13
125944 13
125628 13
125313 13
125000 13
124688 13
124378 13
124069 13
123762 13
123456 13
123152 13
122850 13
122549 13
122249 13
121951 13
121654 13
121359 13
121065 13
120772 13
120481 13
120192 13
119904 13
119617 13
119331 13
119047 13
118764 13
118483 13
118203 13
117924 13
117647 13
117370 13
117096 13
116822 13
116550 13
116279 13
116009 13
115740 13
115473 13
115207 13
114942 13
114678 13
114416 13
114155 13
113895 13
113636 13
113378 13
113122 13
112866 13
112612 13
112359 13
112107 13
111856 13
111607 13
111358 13
111111 13
110864 13
110619 13
110375 13
110132 13
109890 13
109649 13
109409 13
109170 13
108932 13
108695 13
108459 13
108225 13
107991 13
107758 13
107526 13
107296 13
107066 13
106837 13
106609 13
106382 13
106157 13
105932 13
105708 13
105485 13
105263 13
105042 13
104821 13
104602 13
104384 13
104166 13
103950 13
103734 13
103519 13
103305 13
103092 13
102880 13
102669 13
102459 13
102249 13
102040 13
101832 13
101626 13
101419 13
101214 13
101010 13
100806 13
100603 13
100401 13
100200 13
100000 13
99800 13
25000000 9
16666666 13
12500000 13
10000000 13
8333333 16
7142857 16
6250000 17
5555555 16
5000000 17
4545454 17
4166666 14
3846153 13
3571428 13
3333333 13
3125000 13
2941176 14
2777777 14
2631578 13
2500000 13
2380952 14
2272727 16
2173913 16
2083333 16
2000000 16
1923076 16
1851851 16
1785714 16
1724137 15
1666666 15
1612903 13
1562500 13
1515151 13
1470588 13
1428571 13
1388888 13
1351351 15
1315789 15
1282051 16
1250000 16
1219512 16
1190476 16
1162790 15
1136363 14
1111111 14
1086956 14
1063829 14
1041666 14
1020408 14
1000000 14
980392 15
961538 16
943396 15
925925 15
909090 15
892857 16
877192 14
862068 15
847457 15
833333 15
819672 15
806451 15
793650 14
781250 14
769230 15
757575 15
746268 14
735294 15
724637 15
714285 15
704225 15
694444 15
684931 15
675675 15
666666 14
657894 14
649350 15
641025 14
632911 14
625000 14
617283 14
609756 15
602409 15
595238 14
588235 15
581395 14
574712 14
568181 14
561797 14
555555 15
549450 15
543478 15
537634 14
531914 15
526315 14
520833 14
515463 15
510204 14
505050 13
500000 15
495049 14
490196 15
485436 15
480769 14
476190 14
471698 15
467289 14
462962 15
458715 14
454545 14
450450 14
446428 15
442477 14
438596 15
434782 15
431034 15
427350 14
423728 15
420168 15
416666 15
413223 15
409836 14
406504 14
403225 15
400000 15
396825 15
393700 14
390625 14
387596 15
384615 15
381679 15
378787 14
375939 16
373134 15
370370 14
367647 14
364963 15
362318 15
359712 14
357142 14
354609 15
352112 15
349650 14
347222 14
344827 14
342465 14
340136 14
337837 15
335570 14
333333 13
331125 14
328947 15
326797 14
324675 14
322580 14
320512 14
318471 14
316455 14
314465 14
312500 14
310559 14
308641 14
306748 14
304878 15
303030 14
301204 14
299401 14
297619 14
295857 14
294117 14
292397 14
290697 14
289017 15
287356 14
285714 14
284090 14
282485 13
280898 14
279329 14
277777 14
276243 14
274725 14
273224 14
271739 14
270270 13
268817 14
267379 14
265957 14
264550 13
263157 14
261780 14
260416 13
259067 13
257731 13
256410 13
255102 14
253807 13
252525 13
251256 13
250000 13
248756 13
247524 13
246305 13
245098 14
243902 14
242718 14
241545 13
240384 13
239234 15
238095 14
236966 13
235849 13
234741 13
233644 14
232558 13
231481 14
230414 14
229357 14
228310 14
227272 13
226244 14
225225 14
224215 13
223214 14
222222 13
221238 13
220264 14
219298 14
218340 13
217391 13
216450 14
215517 14
214592 13
213675 14
212765 14
211864 14
210970 14
210084 13
209205 13
208333 13
207468 14
206611 14
205761 13
204918 13
204081 14
203252 14
202429 13
201612 13
200803 13
200000 13
199203 13
198412 13
197628 13
196850 13
196078 13
195312 13
194552 13
193798 13
193050 13
192307 13
191570 13
190839 13
190114 13
189393 14
188679 13
187969 13
187265 13
186567 13
185873 13
185185 13
184501 13
183823 13
183150 13
182481 13
181818 13
181159 13
180505 14
179856 14
179211 13
178571 13
177935 13
177304 14
176678 13
176056 13
175438 14
174825 13
174216 13
173611 13
173010 13
172413 13
171821 13
171232 13
170648 13
170068 13
169491 13
168918 13
168350 13
167785 14
167224 13
166666 13
166112 13
165562 13
165016 13
164473 13
163934 13
163398 13
162866 14
162337 13
161812 13
161290 13
160771 13
160256 13
159744 13
159235 13
158730 13
158227 13
157728 13
157232 13
156739 13
156250 13
155763 13
155279 13
154798 13
154320 13
153846 13
153374 13
152905 13
152439 13
151975 13
151515 13
151057 13
150602 13
150150 13
149700 13
149253 13
148809 13
148367 13
147928 13
147492 13
147058 13
146627 13
146198 13
145772 13
145348 13
144927 13
144508 13
144092 13
143678 13
143266 13
142857 13
142450 13
142045 13
141643 13
141242 13
140845 13
140449 13
140056 13
139664 13
139275 13
138888 13
138504 13
138121 13
137741 13
137362 13
136986 13
136612 13
136239 13
135869 13
135501 13
135135 13
134770 13
134408 13
134048 13
133689 13
133333 13
132978 13
132625 13
132275 13
131926 13
131578 13
131233 13
130890 13
130548 13
130208 13
129870 13
129533 13
129198 13
128865 13
128534 13
128205 13
127877 13
127551 13
127226 13
126903 13
126582 13
126262 13
125944 13
125628 13
125313 13
125000 13
124688 13
124378 13
124069 13
123762 13
123456 13
123152 13
122850 13
122549 13
122249 13
121951 13
121654 13
121359 13
121065 13
120772 13
120481 13
120192 13
119904 13
119617 13
119331 13
119047 13
118764 13
118483 13
118203 13
117924 13
117647 13
117370 13
117096 13
116822 13
116550 13
116279 13
116009 13
115740 13
115473 13
115207 13
114942 13
114678 13
114416 13
114155 13
113895 13
113636 13
113378 13
113122 13
112866 13
112612 13
112359 13
112107 13
111856 13
111607 13
111358 13
111111 13
110864 13
110619 13
110375 13
110132 13
109890 13
109649 13
109409 13
109170 13
108932 13
108695 13
108459 13
108225 13
107991 13
107758 13
107526 13
107296 13
107066 13
106837 13
106609 13
106382 13
106157 13
105932 13
105708 13
105485 13
105263 13
105042 13
104821 13
104602 13
104384 13
104166 13
103950 13
103734 13
103519 13
103305 13
103092 13
102880 13
102669 13
102459 13
102249 13
102040 13
101832 13
101626 13
101419 13
101214 13
101010 13
100806 13
100603 13
100401 13
100200 13
100000 13
99800 13
25000000 9
16666666 13
12500000 13
10000000 13
8333333 16
7142857 16
6250000 17
5555555 16
5000000 17
4545454 17
4166666 14
3846153 13
3571428 13
3333333 13
3125000 13
2941176 14
2777777 14
2631578 13
2500000 13
2380952 15
2272727 15
2173913 16
2083333 16
2000000 16
1923076 16
1851851 15
1785714 15
1724137 15
1666666 14
1612903 13
1562500 13
1515151 13
1470588 13
1428571 13
1388888 13
1351351 14
1315789 15
1282051 16
1250000 16
1219512 15
1190476 15
1162790 15
1136363 14
1111111 13
1086956 14
1063829 14
1041666 14
1020408 14
1000000 14
980392 15
961538 15
943396 15
925925 15
909090 15
892857 15
877192 15
862068 15
847457 15
833333 15
819672 15
806451 14
793650 14
781250 15
769230 15
757575 15
746268 15
735294 14
724637 14
714285 15
704225 15
694444 15
684931 15
675675 15
666666 14
657894 14
649350 15
641025 14
632911 14
625000 15
617283 14
609756 14
602409 14
595238 14
588235 15
581395 15
574712 14
568181 15
561797 14
555555 14
549450 15
543478 14
537634 15
531914 15
526315 14
520833 14
515463 14
510204 14
505050 13
500000 15
495049 14
490196 15
485436 15
480769 14
476190 14
471698 15
467289 15
462962 15
458715 14
454545 15
450450 15
446428 15
442477 14
438596 15
434782 15
431034 14
427350 14
423728 15
420168 15
416666 14
413223 14
409836 14
406504 14
403225 15
400000 15
396825 15
393700 14
390625 14
387596 15
384615 14
381679 14
378787 15
375939 15
373134 14
370370 14
367647 15
364963 14
362318 15
359712 15
357142 14
354609 14
352112 15
349650 14
347222 15
344827 14
342465 15
340136 15
337837 13
335570 14
333333 15
331125 14
328947 14
326797 14
324675 14
322580 14
320512 15
318471 14
316455 14
314465 15
312500 14
310559 13
308641 14
306748 14
304878 14
303030 14
301204 14
299401 14
297619 15
295857 15
294117 14
292397 13
290697 14
289017 14
287356 14
285714 14
284090 14
282485 14
280898 14
279329 13
277777 14
276243 14
274725 13
273224 15
271739 14
270270 14
268817 14
267379 14
265957 14
264550 13
263157 14
261780 14
260416 13
259067 13
257731 14
256410 14
255102 13
253807 13
252525 14
251256 14
250000 14
248756 13
247524 13
246305 14
245098 13
243902 13
242718 14
241545 13
240384 14
239234 15
238095 14
236966 13
235849 13
234741 14
233644 14
232558 13
231481 13
230414 15
229357 14
228310 14
227272 13
226244 14
225225 14
224215 14
223214 13
222222 13
221238 14
220264 14
219298 14
218340 13
217391 13
216450 14
215517 13
214592 13
213675 14
212765 14
211864 13
210970 14
210084 13
209205 14
208333 13
207468 14
206611 14
205761 13
204918 13
204081 14
203252 13
202429 13
201612 13
200803 14
200000 13
199203 13
198412 13
197628 14
196850 13
196078 13
195312 13
194552 13
193798 13
193050 13
192307 14
191570 13
190839 13
190114 13
189393 13
188679 13
187969 14
187265 13
186567 13
185873 13
185185 13
184501 14
183823 13
183150 13
182481 13
181818 13
181159 13
180505 13
179856 14
179211 13
178571 13
177935 13
177304 14
176678 13
176056 13
175438 14
174825 13
174216 13
173611 13
173010 13
172413 13
171821 13
171232 13
170648 13
170068 13
169491 13
168918 14
168350 13
167785 13
167224 13
166666 13
166112 13
165562 13
165016 13
164473 13
163934 13
163398 13
162866 14
162337 13
161812 13
161290 13
160771 13
160256 13
159744 13
159235 14
158730 13
158227 13
157728 13
157232 13
156739 13
156250 13
155763 13
155279 13
154798 13
154320 13
153846 13
153374 13
152905 13
152439 13
151975 13
151515 13
151057 13
150602 14
150150 13
149700 13
149253 13
148809 13
148367 13
147928 13
147492 13
147058 13
146627 13
146198 13
145772 13
145348 13
144927 13
144508 13
144092 13
143678 13
143266 13
142857 13
142450 13
142045 13
141643 13
141242 13
140845 13
140449 13
140056 13
139664 13
139275 13
138888 13
138504 13
138121 13
137741 13
137362 13
136986 13
136612 13
136239 13
135869 13
135501 13
135135 13
134770 13
134408 13
134048 13
133689 13
133333 13
132978 13
132625 13
132275 13
131926 13
131578 13
131233 13
130890 13
130548 13
130208 13
129870 13
129533 13
129198 13
128865 13
128534 13
128205 13
127877 13
127551 13
127226 13
126903 13
126582 13
126262 13
125944 13
125628 13
125313 13
125000 13
124688 13
124378 13
124069 13
123762 13
123456 13
123152 13
122850 13
122549 13
122249 13
121951 13
121654 13
121359 13
121065 13
120772 13
120481 13
120192 13
119904 13
119617 13
119331 13
119047 13
118764 13
118483 13
118203 13
117924 13
117647 13
117370 13
117096 13
116822 13
116550 13
116279 13
116009 13
115740 13
115473 13
115207 13
114942 13
114678 13
114416 13
114155 13
113895 13
113636 13
113378 13
113122 13
112866 13
112612 13
112359 13
112107 13
111856 13
111607 13
111358 13
111111 13
110864 13
110619 13
110375 13
110132 13
109890 13
109649 13
109409 13
109170 13
108932 13
108695 13
108459 13
108225 13
107991 13
107758 13
107526 13
107296 13
107066 13
106837 13
106609 13
106382 13
106157 13
105932 13
105708 13
105485 13
105263 13
105042 13
104821 13
104602 13
104384 13
104166 13
103950 13
103734 13
103519 13
103305 13
103092 13
102880 13
102669 13
102459 13
102249 13
102040 13
101832 13
101626 13
101419 13
101214 13
101010 13
100806 13
100603 13
100401 13
100200 13
100000 13
99800 13
25000000 9
16666666 13
12500000 13
10000000 13
8333333 17
7142857 16
6250000 16
5555555 16
5000000 17
4545454 17
4166666 14
3846153 13
3571428 13
3333333 13
3125000 13
2941176 14
2777777 14
2631578 13
2500000 13
2380952 14
2272727 16
2173913 16
2083333 16
2000000 16
1923076 16
1851851 15
1785714 15
1724137 15
1666666 13
1612903 13
1562500 13
1515151 13
1470588 13
1428571 13
1388888 13
1351351 14
1315789 15
1282051 15
1250000 16
1219512 15
1190476 16
1162790 15
1136363 14
1111111 13
1086956 14
1063829 15
1041666 15
1020408 14
1000000 15
980392 15
961538 15
943396 16
925925 15
909090 15
892857 16
877192 14
862068 15
847457 14
833333 15
819672 15
806451 16
793650 14
781250 14
769230 15
757575 14
746268 15
735294 15
724637 15
714285 15
704225 15
694444 15
684931 15
675675 14
666666 14
657894 14
649350 14
641025 14
632911 14
625000 14
617283 14
609756 14
602409 15
595238 14
588235 16
581395 15
574712 14
568181 14
561797 15
555555 14
549450 15
543478 14
537634 14
531914 14
526315 15
520833 14
515463 15
510204 14
505050 14
500000 14
495049 14
490196 14
485436 15
480769 15
476190 14
471698 14
467289 14
462962 14
458715 14
454545 14
450450 14
446428 15
442477 14
438596 15
434782 15
431034 15
427350 14
423728 16
420168 15
416666 15
413223 15
409836 14
406504 14
403225 14
400000 16
396825 15
393700 14
390625 15
387596 15
384615 14
381679 15
378787 14
375939 14
373134 15
370370 14
367647 15
364963 15
362318 14
359712 14
357142 14
354609 15
352112 14
349650 14
347222 15
344827 14
342465 15
340136 14
337837 14
335570 14
333333 15
331125 14
328947 15
326797 14
324675 15
322580 14
320512 14
318471 14
316455 14
314465 14
312500 14
310559 14
308641 14
306748 14
304878 15
303030 14
301204 14
299401 14
297619 14
295857 14
294117 14
292397 13
290697 14
289017 14
287356 14
285714 14
284090 14
282485 14
280898 15
279329 14
277777 14
276243 14
274725 14
273224 14
271739 13
270270 14
268817 15
267379 14
265957 14
264550 13
263157 14
261780 15
260416 13
259067 14
257731 13
256410 14
255102 14
253807 13
252525 14
251256 14
250000 14
248756 14
247524 13
246305 14
245098 14
243902 14
242718 14
241545 13
240384 13
239234 14
238095 13
236966 14
235849 14
234741 14
233644 14
232558 13
231481 13
230414 14
229357 14
228310 13
227272 13
226244 14
225225 15
224215 14
223214 13
222222 13
221238 13
220264 14
219298 14
218340 14
217391 13
216450 13
215517 13
214592 13
213675 14
212765 15
211864 14
210970 13
210084 13
209205 13
208333 14
207468 13
206611 13
205761 13
204918 13
204081 14
203252 14
202429 13
201612 13
200803 13
200000 13
199203 13
198412 13
197628 14
196850 13
196078 13
195312 13
194552 13
193798 14
193050 13
192307 14
191570 13
190839 13
190114 13
189393 14
188679 13
187969 13
187265 13
186567 13
185873 13
185185 13
184501 13
183823 13
183150 13
182481 13
181818 13
181159 13
180505 13
179856 14
179211 13
178571 13
177935 13
177304 14
176678 13
176056 13
175438 14
174825 13
174216 13
173611 13
173010 14
172413 13
171821 13
171232 14
170648 13
170068 13
169491 13
168918 13
168350 13
167785 13
167224 13
166666 14
166112 13
165562 13
165016 13
164473 13
163934 13
163398 13
162866 14
162337 13
161812 13
161290 13
160771 14
160256 13
159744 13
159235 13
158730 13
158227 13
157728 13
157232 13
156739 13
156250 13
155763 13
155279 13
154798 13
154320 13
153846 13
153374 13
152905 13
152439 13
151975 13
151515 13
151057 13
150602 13
150150 13
149700 13
149253 13
148809 13
148367 13
147928 13
147492 13
147058 13
146627 13
146198 13
145772 13
145348 13
144927 13
144508 13
144092 13
143678 13
143266 13
142857 13
142450 13
142045 13
141643 13
141242 13
140845 13
140449 13
140056 13
139664 13
139275 13
138888 13
138504 13
138121 13
137741 13
137362 13
136986 13
136612 13
136239 13
135869 13
135501 13
135135 13
134770 13
134408 13
134048 13
133689 13
133333 13
132978 13
132625 13
132275 13
131926 13
131578 13
131233 13
130890 13
130548 13
130208 13
129870 13
129533 13
129198 13
128865 13
128534 13
128205 13
127877 13
127551 13
127226 13
126903 13
126582 13
126262 13
125944 13
125628 13
125313 13
125000 13
124688 13
124378 13
124069 13
123762 13
123456 13
123152 13
122850 13
122549 13
122249 13
121951 13
121654 13
121359 13
121065 13
120772 13
120481 13
120192 13
119904 13
119617 13
119331 13
119047 13
118764 13
118483 13
118203 13
117924 13
117647 13
117370 13
117096 13
116822 13
116550 13
116279 13
116009 13
115740 13
115473 13
115207 13
114942 13
114678 13
114416 13
114155 13
113895 13
113636 13
113378 13
113122 13
112866 13
112612 13
112359 13
112107 13
111856 13
111607 13
111358 13
111111 13
110864 13
110619 13
110375 13
110132 13
109890 13
109649 13
109409 13
109170 13
108932 13
108695 13
108459 13
108225 13
107991 13
107758 13
107526 13
107296 13
107066 13
106837 13
106609 13
106382 13
106157 13
105932 13
105708 13
105485 13
105263 13
105042 13
104821 13
104602 13
104384 13
104166 13
103950 13
103734 13
103519 13
103305 13
103092 13
102880 13
102669 13
102459 13
102249 13
102040 13
101832 13
101626 13
101419 13
101214 13
101010 13
100806 13
100603 13
100401 13
100200 13
100000 13
99800 13
25000000 9
16666666 13
12500000 13
10000000 13
8333333 16
7142857 16
6250000 17
5555555 16
5000000 17
4545454 17
4166666 14
3846153 13
3571428 13
3333333 13
3125000 13
2941176 14
2777777 14
2631578 13
2500000 14
2380952 14
2272727 15
2173913 16
2083333 16
2000000 16
1923076 16
1851851 15
1785714 16
1724137 15
1666666 14
1612903 13
1562500 13
1515151 13
1470588 13
1428571 13
1388888 14
1351351 14
1315789 15
1282051 16
1250000 16
1219512 16
1190476 15
1162790 15
1136363 15
1111111 13
1086956 14
1063829 14
1041666 13
1020408 14
1000000 14
980392 14
961538 15
943396 16
925925 15
909090 15
892857 15
877192 15
862068 15
847457 15
833333 15
819672 15
806451 14
793650 14
781250 14
769230 14
757575 15
746268 15
735294 15
724637 14
714285 15
704225 15
694444 15
684931 15
675675 14
666666 14
657894 15
649350 15
641025 15
632911 15
625000 15
617283 14
609756 15
602409 15
595238 14
588235 14
581395 15
574712 15
568181 15
561797 15
555555 14
549450 14
543478 14
537634 15
531914 15
526315 14
520833 13
515463 14
510204 15
505050 13
500000 15
495049 15
490196 15
485436 15
480769 14
476190 14
471698 15
467289 15
462962 15
458715 14
454545 14
450450 14
446428 15
442477 15
438596 15
434782 15
431034 15
427350 14
423728 15
420168 15
416666 15
413223 14
409836 14
406504 14
403225 14
400000 15
396825 15
393700 14
390625 14
387596 15
384615 14
381679 14
378787 15
375939 14
373134 15
370370 14
367647 15
364963 15
362318 15
359712 14
357142 14
354609 16
352112 14
349650 15
347222 15
344827 14
342465 15
340136 15
337837 14
335570 14
333333 15
331125 14
328947 14
326797 14
324675 15
322580 15
320512 14
318471 14
316455 15
314465 15
312500 15
310559 14
308641 14
306748 14
304878 14
303030 14
301204 15
299401 14
297619 14
295857 14
294117 14
292397 13
290697 14
289017 15
287356 14
285714 14
284090 14
282485 14
280898 15
279329 14
277777 14
276243 13
274725 13
273224 14
271739 14
270270 14
268817 14
267379 14
265957 14
264550 13
263157 14
261780 15
260416 13
259067 13
257731 13
256410 14
255102 14
253807 13
252525 13
251256 14
250000 13
248756 13
247524 13
246305 13
245098 14
243902 13
242718 14
241545 13
240384 14
239234 14
238095 14
236966 13
235849 13
234741 14
233644 14
232558 13
231481 14
230414 14
229357 13
228310 14
227272 13
226244 14
225225 14
224215 13
223214 13
222222 13
221238 14
220264 15
219298 14
218340 13
217391 14
216450 13
215517 14
214592 13
213675 13
212765 14
211864 13
210970 14
210084 14
209205 14
208333 14
207468 14
206611 14
205761 13
204918 13
204081 14
203252 14
202429 13
201612 14
200803 13
200000 13
199203 13
198412 14
197628 14
196850 13
196078 13
195312 13
194552 13
193798 14
193050 13
192307 14
191570 13
190839 13
190114 13
189393 14
188679 13
187969 13
187265 13
186567 14
185873 13
185185 13
184501 14
183823 13
183150 13
182481 13
181818 13
181159 13
180505 14
179856 14
179211 13
178571 13
177935 13
177304 13
176678 13
176056 13
175438 13
174825 13
174216 13
173611 13
173010 13
172413 13
171821 13
171232 13
170648 13
170068 13
169491 13
168918 13
168350 13
167785 13
167224 13
166666 14
166112 13
165562 13
165016 13
164473 13
163934 13
163398 13
162866 13
162337 13
161812 13
161290 13
160771 13
160256 13
159744 13
159235 13
158730 13
158227 13
157728 13
157232 14
156739 13
156250 13
155763 13
155279 13
154798 13
154320 13
153846 13
153374 13
152905 13
152439 13
151975 13
151515 13
151057 13
150602 13
150150 13
149700 13
149253 13
148809 13
148367 13
147928 13
147492 13
147058 13
146627 13
146198 13
145772 13
145348 13
144927 13
144508 13
144092 13
143678 13
143266 13
142857 13
142450 13
142045 13
141643 13
141242 13
140845 13
140449 13
140056 13
139664 13
139275 13
138888 13
138504 13
138121 13
137741 13
137362 13
136986 13
136612 13
136239 13
135869 13
135501 13
135135 13
134770 13
134408 13
134048 13
133689 13
133333 13
132978 13
132625 13
132275 13
131926 13
131578 13
131233 13
130890 13
130548 13
130208 13
129870 13
129533 13
129198 13
128865 13
128534 13
128205 13
127877 13
127551 13
127226 13
126903 13
126582 13
126262 13
125944 13
125628 13
125313 13
125000 13
124688 13
124378 13
124069 13
123762 13
123456 13
123152 13
122850 13
122549 13
122249 13
121951 13
121654 13
121359 13
121065 13
120772 13
120481 13
120192 13
119904 13
119617 13
119331 13
119047 13
118764 13
118483 13
118203 13
117924 13
117647 13
117370 13
117096 13
116822 13
116550 13
116279 13
116009 13
115740 13
115473 13
115207 13
114942 13
114678 13
114416 13
114155 13
113895 13
113636 13
113378 13
113122 13
112866 13
112612 13
112359 13
112107 13
111856 13
111607 13
111358 13
111111 13
110864 13
110619 13
110375 13
110132 13
109890 13
109649 13
109409 13
109170 13
108932 13
108695 13
108459 13
108225 13
107991 13
107758 13
107526 13
107296 13
107066 13
106837 13
106609 13
106382 13
106157 13
105932 13
105708 13
105485 13
105263 13
105042 13
104821 13
104602 13
104384 13
104166 13
103950 13
103734 13
103519 13
103305 13
103092 13
102880 13
102669 13
102459 13
102249 13
102040 13
101832 13
101626 13
101419 13
101214 13
101010 13
100806 13
100603 13
100401 13
100200 13
100000 13
99800 13
25000000 9
16666666 13
12500000 13
10000000 13
8333333 16
7142857 16
6250000 17
5555555 16
5000000 17
4545454 17
4166666 14
3846153 13
3571428 13
3333333 13
3125000 13
2941176 14
2777777 14
2631578 13
2500000 13
2380952 14
2272727 15
2173913 16
2083333 16
2000000 16
1923076 16
1851851 15
1785714 15
1724137 15
1666666 14
1612903 13
1562500 13
1515151 13
1470588 13
1428571 13
1388888 13
1351351 15
1315789 15
1282051 16
1250000 16
1219512 16
1190476 15
1162790 15
1136363 15
1111111 13
1086956 15
1063829 15
1041666 15
1020408 15
1000000 15
980392 15
961538 16
943396 15
925925 15
909090 16
892857 16
877192 15
862068 15
847457 15
833333 14
819672 15
806451 14
793650 14
781250 14
769230 15
757575 14
746268 14
735294 15
724637 14
714285 15
704225 15
694444 15
684931 15
675675 14
666666 14
657894 15
649350 15
641025 14
632911 15
625000 14
617283 14
609756 14
602409 14
595238 14
588235 15
581395 15
574712 14
568181 14
561797 14
555555 14
549450 14
543478 14
537634 15
531914 15
526315 15
520833 14
515463 14
510204 14
505050 14
500000 14
495049 15
490196 15
485436 14
480769 15
476190 15
471698 14
467289 15
462962 14
458715 14
454545 14
450450 14
446428 15
442477 14
438596 14
434782 14
431034 15
427350 14
423728 15
420168 14
416666 15
413223 15
409836 14
406504 15
403225 14
400000 15
396825 15
393700 14
390625 14
387596 15
384615 14
381679 14
378787 15
375939 15
373134 15
370370 14
367647 14
364963 14
362318 14
359712 14
357142 14
354609 15
352112 14
349650 14
347222 14
344827 14
342465 15
340136 15
337837 14
335570 13
333333 15
331125 14
328947 14
326797 14
324675 14
322580 14
320512 15
318471 14
316455 14
314465 14
312500 14
310559 14
308641 14
306748 14
304878 15
303030 14
301204 15
299401 14
297619 13
295857 14
294117 14
292397 14
290697 14
289017 15
287356 14
285714 14
284090 13
282485 14
280898 15
279329 13
277777 14
276243 14
274725 14
273224 14
271739 14
270270 14
268817 14
267379 14
265957 14
264550 13
263157 14
261780 14
260416 14
259067 14
257731 13
256410 14
255102 14
253807 13
252525 14
251256 14
250000 14
248756 13
247524 13
246305 13
245098 14
243902 14
242718 14
241545 13
240384 14
239234 14
238095 14
236966 13
235849 13
234741 14
233644 14
232558 13
231481 14
230414 14
229357 14
228310 13
227272 13
226244 14
225225 14
224215 13
223214 13
222222 13
221238 13
220264 14
219298 14
218340 13
217391 14
216450 14
215517 14
214592 13
213675 13
212765 14
211864 13
210970 14
210084 13
209205 14
208333 14
207468 13
206611 13
205761 13
204918 13
204081 13
203252 14
202429 14
201612 14
200803 13
200000 13
199203 13
198412 13
197628 14
196850 13
196078 14
195312 13
194552 14
193798 13
193050 13
192307 14
191570 13
190839 13
190114 13
189393 13
188679 13
187969 13
187265 14
186567 13
185873 13
185185 14
184501 14
183823 13
183150 13
182481 13
181818 13
181159 13
180505 14
179856 14
179211 13
178571 13
177935 13
177304 13
176678 13
176056 13
175438 13
174825 13
174216 13
173611 13
173010 14
172413 13
171821 13
171232 13
170648 13
170068 13
169491 13
168918 14
168350 13
167785 13
167224 13
166666 13
166112 13
165562 13
165016 13
164473 13
163934 13
163398 13
162866 13
162337 13
161812 13
161290 13
160771 13
160256 13
159744 13
159235 13
158730 13
158227 13
157728 13
157232 13
156739 13
156250 13
155763 13
155279 13
154798 13
154320 13
153846 13
153374 13
152905 13
152439 13
151975 14
151515 13
151057 13
150602 13
150150 13
149700 13
149253 13
148809 13
148367 13
147928 13
147492 13
147058 13
146627 13
146198 13
145772 13
145348 13
144927 13
144508 13
144092 13
143678 13
143266 13
142857 13
142450 13
142045 13
141643 13
141242 13
140845 13
140449 13
140056 13
139664 13
139275 13
138888 13
138504 13
138121 13
137741 13
137362 13
136986 13
136612 13
136239 13
135869 13
135501 13
135135 13
134770 13
134408 13
134048 13
133689 13
133333 13
132978 13
132625 13
132275 13
131926 13
131578 13
131233 13
130890 13
130548 13
130208 13
129870 13
129533 13
129198 13
128865 13
128534 13
128205 13
127877 13
127551 13
127226 13
126903 13
126582 13
126262 13
125944 13
125628 13
125313 13
125000 13
124688 13
124378 13
124069 13
123762 13
123456 13
123152 13
122850 13
122549 13
122249 13
121951 13
121654 13
121359 13
121065 13
120772 13
120481 13
120192 13
119904 13
119617 13
119331 13
119047 13
118764 13
118483 13
118203 13
117924 13
117647 13
117370 13
117096 13
116822 13
116550 13
116279 13
116009 13
115740 13
115473 13
115207 13
114942 13
114678 13
114416 13
114155 13
113895 13
113636 13
113378 13
113122 13
112866 13
112612 13
112359 13
112107 13
111856 13
111607 13
111358 13
111111 13
110864 13
110619 13
110375 13
110132 13
109890 13
109649 13
109409 13
109170 13
108932 13
108695 13
108459 13
108225 13
107991 13
107758 13
107526 13
107296 13
107066 13
106837 13
106609 13
106382 13
106157 13
105932 13
105708 13
105485 13
105263 13
105042 13
104821 13
104602 13
104384 13
104166 13
103950 13
103734 13
103519 13
103305 13
103092 13
102880 13
102669 13
102459 13
102249 13
102040 13
101832 13
101626 13
101419 13
101214 13
101010 13
100806 13
100603 13
100401 13
100200 13
100000 13
99800 13
25000000 9
16666666 13
12500000 13
10000000 13
8333333 16
7142857 16
6250000 17
5555555 16
5000000 17
4545454 17
4166666 14
3846153 13
3571428 13
3333333 13
3125000 13
2941176 15
2777777 13
2631578 13
2500000 13
2380952 14
2272727 16
2173913 16
2083333 16
2000000 15
1923076 16
1851851 15
1785714 16
1724137 15
1666666 14
1612903 13
1562500 13
1515151 13
1470588 13
1428571 13
1388888 13
1351351 15
1315789 15
1282051 16
1250000 16
1219512 16
1190476 16
1162790 15
1136363 14
1111111 13
1086956 14
1063829 14
1041666 14
1020408 14
1000000 15
980392 15
961538 15
943396 16
925925 15
909090 16
892857 16
877192 15
862068 15
847457 15
833333 15
819672 15
806451 15
793650 14
781250 14
769230 15
757575 14
746268 15
735294 15
724637 16
714285 15
704225 15
694444 14
684931 14
675675 15
666666 15
657894 15
649350 15
641025 14
632911 14
625000 14
617283 14
609756 15
602409 15
595238 14
588235 15
581395 15
574712 15
568181 15
561797 15
555555 14
549450 15
543478 15
537634 14
531914 15
526315 15
520833 14
515463 15
510204 14
505050 13
500000 15
495049 15
490196 15
485436 15
480769 14
476190 14
471698 15
467289 15
462962 15
458715 14
454545 14
450450 15
446428 15
442477 14
438596 15
434782 15
431034 15
427350 14
423728 15
420168 15
416666 14
413223 14
409836 15
406504 14
403225 15
400000 15
396825 15
393700 14
390625 15
387596 15
384615 15
381679 14
378787 15
375939 15
373134 15
370370 14
367647 14
364963 15
362318 15
359712 14
357142 15
354609 14
352112 15
349650 14
347222 14
344827 15
342465 15
340136 14
337837 14
335570 13
333333 14
331125 14
328947 14
326797 14
324675 14
322580 14
320512 14
318471 14
316455 14
314465 14
312500 14
310559 14
308641 14
306748 14
304878 15
303030 14
301204 14
299401 14
297619 14
295857 14
294117 14
292397 14
290697 14
289017 15
287356 15
285714 14
284090 14
282485 14
280898 15
279329 14
277777 14
276243 14
274725 14
273224 14
271739 14
270270 13
268817 14
267379 14
265957 14
264550 13
263157 14
261780 14
260416 14
259067 14
257731 13
256410 14
255102 14
253807 13
252525 14
251256 14
250000 14
248756 14
247524 13
246305 14
245098 14
243902 14
242718 14
241545 14
240384 14
239234 14
238095 14
236966 13
235849 14
234741 13
233644 14
232558 13
231481 14
230414 14
229357 13
228310 13
227272 13
226244 14
225225 15
224215 13
223214 13
222222 13
221238 14
220264 14
219298 13
218340 13
217391 13
216450 13
215517 13
214592 13
213675 14
212765 14
211864 13
210970 13
210084 13
209205 14
208333 14
207468 14
206611 14
205761 13
204918 14
204081 14
203252 14
202429 13
201612 13
200803 13
200000 13
199203 13
198412 13
197628 13
196850 13
196078 13
195312 13
194552 13
193798 13
193050 13
192307 13
191570 13
190839 14
190114 14
189393 13
188679 13
187969 13
187265 14
186567 13
185873 13
185185 13
184501 13
183823 13
183150 13
182481 13
181818 13
181159 13
180505 13
179856 13
179211 13
178571 13
177935 14
177304 14
176678 13
176056 13
175438 13
174825 13
174216 13
173611 13
173010 14
172413 13
171821 13
171232 13
170648 13
170068 13
169491 13
168918 13
168350 13
167785 13
167224 13
166666 14
166112 13
165562 14
165016 13
164473 13
163934 13
163398 13
162866 14
162337 13
161812 13
161290 13
160771 13
160256 13
159744 13
159235 13
158730 13
158227 13
157728 13
157232 13
156739 13
156250 13
155763 14
155279 13
154798 13
154320 13
153846 13
153374 13
152905 13
152439 13
151975 13
151515 13
151057 13
150602 13
150150 13
149700 13
149253 13
148809 13
148367 13
147928 13
147492 13
147058 13
146627 13
146198 13
145772 13
145348 13
144927 13
144508 13
144092 13
143678 13
143266 13
142857 13
142450 13
142045 13
141643 13
141242 13
140845 13
140449 13
140056 13
139664 13
139275 13
138888 13
138504 13
138121 13
137741 13
137362 13
136986 13
136612 13
136239 13
135869 13
135501 13
135135 13
134770 13
134408 13
134048 13
133689 13
133333 13
132978 13
132625 13
132275 13
131926 13
131578 13
131233 13
130890 13
130548 13
130208 13
129870 13
129533 13
129198 13
128865 13
128534 13
128205 13
127877 13
127551 13
127226 13
126903 13
126582 13
126262 13
125944 13
125628 13
125313 13
125000 13
124688 13
124378 13
124069 13
123762 13
123456 13
123152 13
122850 13
122549 13
122249 13
121951 13
121654 13
121359 13
121065 13
120772 13
120481 13
120192 13
119904 13
119617 13
119331 13
119047 13
118764 13
118483 13
118203 13
117924 13
117647 13
117370 13
117096 13
116822 13
116550 13
116279 13
116009 13
115740 13
115473 13
115207 13
114942 13
114678 13
114416 13
114155 13
113895 13
113636 13
113378 13
113122 13
112866 13
112612 13
112359 13
112107 13
111856 13
111607 13
111358 13
111111 13
110864 13
110619 13
110375 13
110132 13
109890 13
109649 13
109409 13
109170 13
108932 13
108695 13
108459 13
108225 13
107991 13
107758 13
107526 13
107296 13
107066 13
106837 13
106609 13
106382 13
106157 13
105932 13
105708 13
105485 13
105263 13
105042 13
104821 13
104602 13
104384 13
104166 13
103950 13
103734 13
103519 13
103305 13
103092 13
102880 13
102669 13
102459 13
102249 13
102040 13
101832 13
101626 13
101419 13
101214 13
101010 13
100806 13
100603 13
100401 13
100200 13
100000 13
99800 13
25000000 9
16666666 13
12500000 13
10000000 13
8333333 16
7142857 16
6250000 17
5555555 16
5000000 17
4545454 17
4166666 14
3846153 13
3571428 13
3333333 13
3125000 13
2941176 14
2777777 14
2631578 13
2500000 13
2380952 14
2272727 16
2173913 16
2083333 16
2000000 16
1923076 16
1851851 15
1785714 16
1724137 15
1666666 14
1612903 13
1562500 13
1515151 13
1470588 13
1428571 13
1388888 13
1351351 14
1315789 15
1282051 16
1250000 16
1219512 16
1190476 16
1162790 15
1136363 14
1111111 13
1086956 14
1063829 13
1041666 13
1020408 14
1000000 15
980392 15
961538 16
943396 15
925925 15
909090 15
892857 16
877192 15
862068 15
847457 15
833333 15
819672 14
806451 14
793650 14
781250 14
769230 15
757575 15
746268 15
735294 15
724637 14
714285 15
704225 15
694444 14
684931 15
675675 15
666666 15
657894 14
649350 15
641025 14
632911 15
625000 14
617283 14
609756 15
602409 14
595238 14
588235 15
581395 15
574712 14
568181 14
561797 15
555555 14
549450 14
543478 15
537634 15
531914 14
526315 14
520833 15
515463 15
510204 14
505050 13
500000 15
495049 15
490196 15
485436 15
480769 14
476190 15
471698 14
467289 14
462962 14
458715 14
454545 14
450450 14
446428 15
442477 15
438596 15
434782 14
431034 14
427350 14
423728 15
420168 15
416666 15
413223 15
409836 14
406504 14
403225 14
400000 14
396825 15
393700 14
390625 15
387596 15
384615 14
381679 14
378787 15
375939 15
373134 15
370370 14
367647 14
364963 14
362318 15
359712 14
357142 15
354609 14
352112 14
349650 13
347222 14
344827 14
342465 15
340136 14
337837 15
335570 14
333333 15
331125 14
328947 14
326797 13
324675 14
322580 15
320512 14
318471 14
316455 14
314465 14
312500 15
310559 14
308641 14
306748 13
304878 14
303030 14
301204 13
299401 14
297619 15
295857 14
294117 14
292397 14
290697 14
289017 14
287356 14
285714 14
284090 14
282485 13
280898 14
279329 13
277777 14
276243 13
274725 14
273224 13
271739 14
270270 13
268817 14
267379 13
265957 14
264550 14
263157 14
261780 14
260416 14
259067 13
257731 14
256410 14
255102 14
253807 13
252525 14
251256 14
250000 13
248756 14
247524 13
246305 14
245098 14
243902 13
242718 13
241545 13
240384 14
239234 15
238095 14
236966 13
235849 14
234741 13
233644 13
232558 13
231481 14
230414 14
229357 13
228310 14
227272 13
226244 13
225225 14
224215 14
223214 13
222222 13
221238 14
220264 14
219298 13
218340 13
217391 14
216450 14
215517 13
214592 13
213675 14
212765 14
211864 14
210970 13
210084 13
209205 14
208333 14
207468 13
206611 13
205761 13
204918 14
204081 14
203252 14
202429 13
201612 13
200803 13
200000 13
199203 13
198412 13
197628 14
196850 13
196078 14
195312 13
194552 13
193798 13
193050 14
192307 14
191570 13
190839 13
190114 13
189393 13
188679 13
187969 14
187265 14
186567 13
185873 13
185185 13
184501 13
183823 13
183150 14
182481 13
181818 14
181159 13
180505 13
179856 14
179211 13
178571 13
177935 14
177304 13
176678 13
176056 13
175438 13
174825 13
174216 13
173611 13
173010 13
172413 13
171821 13
171232 13
170648 14
170068 13
169491 13
168918 13
168350 13
167785 13
167224 13
166666 14
166112 13
165562 13
165016 13
164473 13
163934 13
163398 13
162866 13
162337 13
161812 13
161290 13
160771 13
160256 13
159744 13
159235 13
158730 13
158227 13
157728 13
157232 13
156739 13
156250 13
155763 13
155279 13
154798 13
154320 13
153846 13
153374 13
152905 13
152439 13
151975 13
151515 13
151057 13
150602 13
150150 13
149700 13
149253 13
148809 13
148367 13
147928 13
147492 13
147058 13
146627 13
146198 13
145772 13
145348 13
144927 13
144508 13
144092 13
143678 13
143266 13
142857 13
142450 13
142045 13
141643 13
141242 13
140845 13
140449 13
140056 13
139664 13
139275 13
138888 13
138504 13
138121 13
137741 13
137362 13
136986 13
136612 13
136239 13
135869 13
135501 13
135135 13
134770 13
134408 13
134048 13
133689 13
133333 13
132978 13
132625 13
132275 13
131926 13
131578 13
131233 13
130890 13
130548 13
130208 13
129870 13
129533 13
129198 13
128865 13
128534 13
128205 13
127877 13
127551 13
127226 13
126903 13
126582 13
126262 13
125944 13
125628 13
125313 13
125000 13
124688 13
124378 13
124069 13
123762 13
123456 13
123152 13
122850 13
122549 13
122249 13
121951 13
121654 13
121359 13
121065 13
120772 13
120481 13
120192 13
119904 13
119617 13
119331 13
119047 13
118764 13
118483 13
118203 13
117924 13
117647 13
117370 13
117096 13
116822 13
116550 13
116279 13
116009 13
115740 13
115473 13
115207 13
114942 13
114678 13
114416 13
114155 13
113895 13
113636 13
113378 13
113122 13
112866 13
112612 13
112359 13
112107 13
111856 13
111607 13
111358 13
111111 13
110864 13
110619 13
110375 13
110132 13
109890 13
109649 13
109409 13
109170 13
108932 13
108695 13
108459 13
108225 13
107991 13
107758 13
107526 13
107296 13
107066 13
106837 13
106609 13
106382 13
106157 13
105932 13
105708 13
105485 13
105263 13
105042 13
104821 13
104602 13
104384 13
104166 13
103950 13
103734 13
103519 13
103305 13
103092 13
102880 13
102669 13
102459 13
102249 13
102040 13
101832 13
101626 13
101419 13
101214 13
101010 13
100806 13
100603 13
100401 13
100200 13
100000 13
99800 13
25000000 9
16666666 13
12500000 13
10000000 13
8333333 16
7142857 16
6250000 17
5555555 16
5000000 16
4545454 17
4166666 14
3846153 13
3571428 13
3333333 13
3125000 13
2941176 14
2777777 14
2631578 13
2500000 13
2380952 14
2272727 16
2173913 16
2083333 16
2000000 16
1923076 15
1851851 15
1785714 16
1724137 15
1666666 14
1612903 13
1562500 13
1515151 13
1470588 13
1428571 13
1388888 13
1351351 15
1315789 15
1282051 16
1250000 16
1219512 15
1190476 16
1162790 15
1136363 14
1111111 13
1086956 14
1063829 14
1041666 13
1020408 14
1000000 15
980392 15
961538 15
943396 15
925925 15
909090 16
892857 15
877192 15
862068 15
847457 15
833333 15
819672 14
806451 15
793650 14
781250 15
769230 15
757575 14
746268 15
735294 15
724637 15
714285 15
704225 15
694444 14
684931 15
675675 15
666666 15
657894 15
649350 14
641025 14
632911 15
625000 14
617283 14
609756 14
602409 14
595238 14
588235 15
581395 15
574712 15
568181 14
561797 14
555555 14
549450 14
543478 14
537634 14
531914 14
526315 15
520833 14
515463 14
510204 14
505050 14
500000 14
495049 14
490196 15
485436 15
480769 14
476190 14
471698 15
467289 15
462962 14
458715 14
454545 14
450450 14
446428 14
442477 14
438596 15
434782 15
431034 14
427350 14
423728 15
420168 14
416666 15
413223 15
409836 14
406504 15
403225 15
400000 14
396825 15
393700 14
390625 15
387596 15
384615 15
381679 14
378787 14
375939 15
373134 15
370370 14
367647 15
364963 14
362318 16
359712 14
357142 14
354609 16
352112 14
349650 15
347222 14
344827 14
342465 15
340136 14
337837 15
335570 14
333333 13
331125 15
328947 14
326797 13
324675 15
322580 14
320512 14
318471 14
316455 14
314465 14
312500 14
310559 14
308641 14
306748 14
304878 14
303030 14
301204 14
299401 13
297619 15
295857 15
294117 14
292397 13
290697 15
289017 14
287356 14
285714 14
284090 14
282485 14
280898 14
279329 13
277777 14
276243 14
274725 14
273224 14
271739 13
270270 14
268817 15
267379 14
265957 14
264550 14
263157 14
261780 15
260416 14
259067 14
257731 14
256410 14
255102 15
253807 14
252525 14
251256 13
250000 13
248756 14
247524 13
246305 14
245098 15
243902 14
242718 14
241545 13
240384 14
239234 15
238095 14
236966 14
235849 13
234741 13
233644 13
232558 13
231481 13
230414 14
229357 13
228310 13
227272 13
226244 14
225225 14
224215 14
223214 13
222222 13
221238 14
220264 14
219298 13
218340 13
217391 13
216450 13
215517 14
214592 13
213675 14
212765 15
211864 13
210970 13
210084 13
209205 14
208333 13
207468 14
206611 14
205761 13
204918 13
204081 13
203252 13
202429 13
201612 13
200803 13
200000 13
199203 13
198412 13
197628 14
196850 13
196078 13
195312 13
194552 14
193798 13
193050 13
192307 13
191570 13
190839 13
190114 13
189393 14
188679 13
187969 13
187265 13
186567 13
185873 13
185185 14
184501 13
183823 13
183150 14
182481 13
181818 13
181159 13
180505 14
179856 13
179211 13
178571 13
177935 13
177304 15
176678 13
176056 13
175438 13
174825 13
174216 13
173611 13
173010 13
172413 13
171821 13
171232 13
170648 14
170068 14
169491 13
168918 13
168350 13
167785 13
167224 13
166666 14
166112 13
165562 13
165016 13
164473 13
163934 13
163398 13
162866 13
162337 13
161812 13
161290 13
160771 13
160256 13
159744 13
159235 13
158730 13
158227 13
157728 13
157232 13
156739 13
156250 13
155763 13
155279 13
154798 13
154320 13
153846 13
153374 13
152905 13
152439 13
151975 13
151515 13
151057 13
150602 13
150150 13
149700 13
149253 13
148809 13
148367 13
147928 13
147492 13
147058 13
146627 13
146198 13
145772 13
145348 13
144927 13
144508 13
144092 13
143678 13
143266 13
142857 13
142450 13
142045 13
141643 13
141242 13
140845 13
140449 13
140056 13
139664 13
139275 13
138888 13
138504 13
138121 13
137741 13
137362 13
136986 13
136612 13
136239 13
135869 13
135501 13
135135 13
134770 13
134408 13
134048 13
133689 13
133333 13
132978 13
132625 13
132275 13
131926 13
131578 13
131233 13
130890 13
130548 13
130208 13
129870 13
129533 13
129198 13
128865 13
128534 13
128205 13
127877 13
127551 13
127226 13
126903 13
126582 13
126262 13
125944 13
125628 13
125313 13
125000 13
124688 13
124378 13
124069 13
123762 13
123456 13
123152 13
122850 13
122549 13
122249 13
121951 13
121654 13
121359 13
121065 13
120772 13
120481 13
120192 13
119904 13
119617 13
119331 13
119047 13
118764 13
118483 13
118203 13
117924 13
117647 13
117370 13
117096 13
116822 13
116550 13
116279 13
116009 13
115740 13
115473 13
115207 13
114942 13
114678 13
114416 13
114155 13
113895 13
113636 13
113378 13
113122 13
112866 13
112612 13
112359 13
112107 13
111856 13
111607 13
111358 13
111111 13
110864 13
110619 13
110375 13
110132 13
109890 13
109649 13
109409 13
109170 13
108932 13
108695 13
108459 13
108225 13
107991 13
107758 13
107526 13
107296 13
107066 13
106837 13
106609 13
106382 13
106157 13
105932 13
105708 13
105485 13
105263 13
105042 13
104821 13
104602 13
104384 13
104166 13
103950 13
103734 13
103519 13
103305 13
103092 13
102880 13
102669 13
102459 13
102249 13
102040 13
101832 13
101626 13
101419 13
101214 13
101010 13
100806 13
100603 13
100401 13
100200 13
100000 13
99800 13
25000000 9
16666666 13
12500000 13
10000000 13
8333333 17
7142857 16
6250000 17
5555555 16
5000000 17
4545454 17
4166666 14
3846153 13
3571428 13
3333333 13
3125000 13
2941176 15
2777777 14
2631578 13
2500000 13
2380952 14
2272727 16
2173913 16
2083333 16
2000000 16
1923076 16
1851851 15
1785714 16
1724137 15
1666666 14
1612903 13
1562500 13
1515151 13
1470588 13
1428571 13
1388888 13
1351351 15
1315789 15
1282051 16
1250000 16
1219512 16
1190476 15
1162790 16
1136363 15
1111111 14
1086956 15
1063829 14
1041666 15
1020408 15
1000000 14
980392 14
961538 15
943396 15
925925 15
909090 16
892857 15
877192 15
862068 15
847457 15
833333 14
819672 14
806451 15
793650 14
781250 14
769230 15
757575 14
746268 14
735294 15
724637 15
714285 15
704225 15
694444 14
684931 14
675675 14
666666 15
657894 15
649350 14
641025 14
632911 14
625000 14
617283 14
609756 15
602409 14
595238 15
588235 15
581395 14
574712 15
568181 15
561797 15
555555 14
549450 14
543478 15
537634 14
531914 15
526315 15
520833 14
515463 15
510204 14
505050 13
500000 15
495049 15
490196 14
485436 15
480769 14
476190 15
471698 14
467289 15
462962 15
458715 14
454545 15
450450 14
446428 15
442477 15
438596 14
434782 15
431034 14
427350 14
423728 15
420168 15
416666 15
413223 15
409836 14
406504 15
403225 15
400000 15
396825 15
393700 14
390625 14
387596 14
384615 15
381679 14
378787 14
375939 15
373134 15
370370 14
367647 14
364963 14
362318 15
359712 14
357142 14
354609 15
352112 14
349650 14
347222 15
344827 14
342465 14
340136 14
337837 14
335570 14
333333 15
331125 14
328947 14
326797 13
324675 15
322580 15
320512 14
318471 14
316455 14
314465 14
312500 14
310559 14
308641 14
306748 15
304878 14
303030 15
301204 14
299401 15
297619 13
295857 14
294117 15
292397 13
290697 14
289017 14
287356 14
285714 14
284090 14
282485 14
280898 15
279329 13
277777 14
276243 14
274725 14
273224 14
271739 14
270270 14
268817 14
267379 13
265957 13
264550 13
263157 14
261780 15
260416 14
259067 13
257731 14
256410 14
255102 14
253807 13
252525 13
251256 14
250000 14
248756 13
247524 13
246305 13
245098 14
243902 13
242718 14
241545 13
240384 13
239234 15
238095 14
236966 13
235849 13
234741 13
233644 13
232558 13
231481 14
230414 14
229357 14
228310 13
227272 13
226244 14
225225 13
224215 14
223214 14
222222 13
221238 14
220264 14
219298 14
218340 13
217391 13
216450 14
215517 14
214592 13
213675 14
212765 15
211864 13
210970 13
210084 13
209205 14
208333 14
207468 13
206611 13
205761 13
204918 14
204081 14
203252 14
202429 13
201612 13
200803 13
200000 13
199203 13
198412 13
197628 15
196850 13
196078 13
195312 13
194552 13
193798 13
193050 13
192307 13
191570 13
190839 13
190114 13
189393 13
188679 13
187969 13
187265 13
186567 13
185873 13
185185 13
184501 13
183823 13
183150 13
182481 13
181818 13
181159 13
180505 14
179856 13
179211 13
178571 13
177935 14
177304 14
176678 13
176056 13
175438 13
174825 13
174216 13
173611 13
173010 13
172413 13
171821 14
171232 13
170648 13
170068 13
169491 13
168918 13
168350 13
167785 13
167224 13
166666 14
166112 13
165562 13
165016 13
164473 13
163934 13
163398 13
162866 13
162337 13
161812 13
161290 13
160771 13
160256 13
159744 13
159235 14
158730 13
158227 13
157728 13
157232 13
156739 13
156250 13
155763 13
155279 13
154798 13
154320 13
153846 13
153374 13
152905 13
152439 13
151975 13
151515 13
151057 13
150602 13
150150 13
149700 13
149253 13
148809 13
148367 13
147928 13
147492 14
147058 13
146627 13
146198 13
145772 13
145348 13
144927 13
144508 13
144092 13
143678 13
143266 13
142857 13
142450 13
142045 13
141643 13
141242 13
140845 13
140449 13
140056 13
139664 13
139275 13
138888 13
138504 13
138121 13
137741 13
137362 13
136986 13
136612 13
136239 13
135869 13
135501 13
135135 13
134770 13
134408 13
134048 13
133689 13
133333 13
132978 13
132625 13
132275 13
131926 13
131578 13
131233 13
130890 13
130548 13
130208 13
129870 13
129533 13
129198 13
128865 13
128534 13
128205 13
127877 13
127551 13
127226 13
126903 13
126582 13
126262 13
125944 13
125628 13
125313 13
125000 13
124688 13
124378 13
124069 13
123762 13
123456 13
123152 13
122850 13
122549 13
122249 13
121951 13
121654 13
121359 13
121065 13
120772 13
120481 13
120192 13
119904 13
119617 13
119331 13
119047 13
118764 13
118483 13
118203 13
117924 13
117647 13
117370 13
117096 13
116822 13
116550 13
116279 13
116009 13
115740 13
115473 13
115207 13
114942 13
114678 13
114416 13
114155 13
113895 13
113636 13
113378 13
113122 13
112866 13
112612 13
112359 13
112107 13
111856 13
111607 13
111358 13
111111 13
110864 13
110619 13
110375 13
110132 13
109890 13
109649 13
109409 13
109170 13
108932 13
108695 13
108459 13
108225 13
107991 13
107758 13
107526 13
107296 13
107066 13
106837 13
106609 13
106382 13
106157 13
105932 13
105708 13
105485 13
105263 13
105042 13
104821 13
104602 13
104384 13
104166 13
103950 13
103734 13
103519 13
103305 13
103092 13
102880 13
102669 13
102459 13
102249 13
102040 13
101832 13
101626 13
101419 13
101214 13
101010 13
100806 13
100603 13
100401 13
100200 13
100000 13
99800 13
